17770866520414
17770874518498
17770894525039
17770902534497
17770914463872
17770946462247
17770966529581
17770978467955
17770998528372
17771006523789
17771022463622
17771054465789
17771082528997
17771106471538
17771138461955
17771166465496
17771194515580
17771226478538
17771246519329
17771254523538
17771270464246
17771294532038
17771326472662
17771354515662
17771374519787
17771382525954
17771394473121
17771418535287
17771442471829
17771470481287
17771494466204
17771522524370
17771530528412
17771550517578
17771566472037
17771588625745
