47813
1610
65631
32098
14009
10151
9975
10127
8047
8240
12735
7250
10478
5143
87296
11061
9105
7101
9018
8193
9382
9323
8660
4487
9276
6669
8949
10953
10242
2519
7225
7246
8119
7047
6018
8045
5570
5237
6204
136477
132471
34955
67640
303989
60957
150567
119673
22056
22211
32541
36525
36752
41007
35777
15520
37614
43103
37999
26874
33511
45662
14762
37031
34510
14432
17461
27315
15920
37240
41276
40952
40181
41650
39255
41533
19182
15973
6175
32922
41068
13872
34504
28135
44319
42192
40040
14368
40439
43393
125396
124346
131322
69355
131978
124777
93091
35898
185250
354376
329651
302951
103129
39570
86564
489340
114071
104198
149630
72859
180663
186527
174480
62439
133685
110327
205909
237114
278102
308367
172519
121693
120068
119251
118709
117278
119407
532368
349571
270607
14423
19378
31304
8803
30830
31192
32341
32541
22560
33428
9239
23483
28593
33857
18663
12374
19821
27904
29615
32328
29585
25814
28105
31558
33685
33382
32157
16921
28266
35285
30860
32470
13875
7301
29916
32390
13423
15329
26938
31636
32327
34633
30125
14986
15419
13570
28941
23876
19862
32049
33208
35453
20955
16520
31867
10296
13058
13623
30098
15844
29267
34245
19811
12318
14639
29355
33356
32773
29015
4723
24402
28862
22095
24195
35250
33919
30957
19982
17654
17256
38463
14666
31651
30898
35803
32867
36521
19779
20568
15450
35513
22278
37253
38142
25842
10524
34575
34674
19242
199775
659321
112841
61303
222003
62292
111506
112918
229010
176346
222030
117015
228306
226882
116508
248914
263869
160816
277141
347931
361807
58891
114251
150800
53970
180244
53773
87355
175993
95259
183198
184895
184885
45040
94422
91462
97019
176852
54204
85148
218004
102107
200217
258070
138386
125237
105197
97941
52197
105134
93102
84008
67833
40608
37516
75314
29974
48760
18750
73586
70950
44306
27925
51721
18259
11769
14273
49445
30854
36700
50008
139194
33431
75558
99761
126935
122613
83498
110864
190183
395185
652944
429240
698153
319941
644096
167456
158779
377030
219240
299029
152992
215659
262848
77116
169839
247756
312237
122788
293837
280368
319860
59452
306477
57410
113505
227871
175761
227777
221704
222776
105071
113880
202534
321643
148156
83673
135881
145439
107080
34958
45196
122611
74017
144649
126594
98819
92306
90492
37226
86718
56327
127309
76951
108194
84412
140374
148617
41465
180271
131287
116261
50599
14724
126790
91222
95842
28624
53982
40332
109826
88851
71770
93024
128566
140247
100655
147007
42836
124668
70203
115091
90395
108680
87353
112710
88325
88556
132006
45455
116391
115062
35895
129093
72401
145421
120547
107389
121620
111273
113486
98572
106826
79699
61191
140979
61465
158473
124363
144922
108414
108802
100008
107560
117743
125166
135823
72656
121094
52808
57034
80591
115279
121736
89273
177058
88178
99905
26929
108545
111521
26037
89252
146001
142953
128600
124377
121317
112677
109699
156416
127805
97462
102395
157784
37088
198390
101151
157628
22910
168737
35184
142243
70863
44191
131844
74287
39540
109700
79330
26896
115540
68603
32720
111673
79511
153976
72395
101006
108797
138350
40617
173526
133185
140024
112045
57638
157638
117221
106747
161138
106841
108166
21764
141900
102909
55014
68850
78819
102886
112847
83138
177661
124065
73471
144616
74400
133888
44372
92989
98600
151307
138846
131156
111271
84603
86314
35889
39126
40272
75748
109813
93356
91224
108064
532521
243804
531529
140381
240762
222625
542532
705565
369914
378885
357958
534606
520590
343896
371830
118908
211691
413086
221693
425731
383285
189372
351381
358349
176005
324373
317380
51877
51968
41450
51958
28688
50622
25105
11714
8554
3795
8609
16231
15313
14302
11815
13395
9576
15525
7326
11874
12344
9221
12559
15710
10897
12282
14154
5572
10796
15268
15893
15621
14757
17514
16586
11570
14207
10891
15802
15580
16537
14410
15549
12223
15492
8031
3948
11316
12106
6799
7397
13841
15469
7829
13424
7153
15956
14711
3809
15946
15618
11777
7449
12390
7875
12337
11675
14274
2765
11664
16706
15598
15469
15435
14847
16210
102516
44508
