25312170498688
25312198558063
25312230466354
25312254469813
25312278567063
25312310468271
25312342479187
25312374465729
25312406467604
25312434462812
25312470473770
25312486545145
25312502464895
25312542460645
25312554558187
25312586565520
25312602476478
25312634458895
25312670481186
25312702464978
25312734491103
25312766463686
25312778558436
25312802477936
25312830544144
25312862462102
25312882552185
25312906488060
25312942477768
25312974490560
25313006477976
25313042462351
25313078456893
25313090490559
25313114460184
25313134549976
25313154470934
25313158564851
25313174472101
25313206466101
25313242472642
25313278468017
25313298466475
25313334480642
25313354580725
25313378482350
25313398570267
25313422576350
25313430571433
25313462478891
25313482511558
25313506484683
25313534580558
25313542599683
25313570584974
25313598578766
25313606586141
25313634589724
25313654572641
25313662573141
25313678492807
25313702574015
25313734499474
25313766471807
25313794486890
25313810481557
25313846480223
25313866570848
25313890506890
25313922449765
25313958464140
25313990460098
25314018463348
25314038451889
25314066530639
25314090454722
25314122537264
25314138444805
25314163203222
25314166518972
25314178445597
25314214455222
25314246447513
25314278444805
25314292077763
25314314537846
25314330538763
25314354447721
25314374522721
25314390455055
25314418448013
25314438539096
25314454455221
25314486447471
25314509113971
25314530447721
25314562445304
25314566533346
25314582454554
25314614457304
25314646448095
25314678456387
25314710447637
25314742460845
25314774445928
25314794523261
25314818466720
25314846516969
25314878457386
25314910448428
25314942459094
25314974447469
25315006455927
25315022526094
25315054453094
25315074453302
25315078455010
25315102533385
25315118454218
25315138452968
25315146515052
25315178440385
25315214445135
25315226519551
25315250446760
25315270522926
25315302457093
25315330448926
25315334450426
25315366457259
25315398444426
25315418533926
25315426522842
25315454511759
25315462534300
25315490513509
25315518512342
25315550447175
25315554763842
25315566522217
25315598448175
25315630454633
25315662448258
25315694456675
25315726448049
25315758458133
2531579045