3002637
122291
17921067
22373960
11326825
21683559
22400291
5088626
16569885
10670155
22169180
5719108
16814967
10754288
21567625
21521009
22188027
21068246
22189514
21777996
21588952
21770831
21955347
5720623
15831394
6263466
22032006
21597294
15982528
5619846
21749592
21598027
22189522
11292377
16398772
22343773
10438818
22338728
16879176
22371906
11294786
10335390
22355766
22456962
4738278
22303118
22426413
11248759
11309695
22005159
22046683
22173990
21534250
21706698
5626845
21530654
21873527
22394003
10811979
21049974
22445041
5695401
21447125
16233178
4724199
10367230
17455256
5751002
21457979
21980506
21498390
21534966
21716177
21536418
21710712
11236676
8647005
2143075
19972874
21504314
5152979
21869459
16617877
22229646
21518574
21529783
5549564
22427963
11273610
22446679
21462778
21560895
11760971
22459090
21519912
15894723
5544650
21650838
22308986
21935470
21701966
10357467
5326964
16829476
22436201
21487095
4961842
22273679
13953823
8451184
21476708
7098555
3333581
22101107
10409150
22461220
21776938
10310638
11242987
11263905
22444634
21487781
21615524
21703086
21419170
21686562
21517153
11279422
22299858
5157600
16822481
21547327
5665416
21519912
21971809
21556046
21735653
15914632
22167154
4734480
16829462
22176269
22428394
11306632
10810065
11251760
22224962
21970362
21449858
22423738
16832365
22416760
21550996
21590423
21762296
21576989
10552310
22299690
22423992
21546176
21719689
5656908
4769070
22355885
21910325
5756350
5646566
21948954
21759830
21554055
21733154
21541967
4968370
11099469
5753926
21511890
11320454
16379369
22191122
21583059
21993862
11310014
10805187
21524877
5193608
5666806
11074983
21982821
5751735
21544434
21961154
10023147
5667206
8917733
21775090
21868746
21454297
21613098
1712443
19779007
21751351
21515426
21744106
22218557
21561319
21561986
11229764
11191263
11234435
21539625
11223477
22184081
21578400
21559175
21730201
21556353
11225727
11192269
11233262
21552682
11232391
22210238
21561711
15940527
5708292
21729531
21538526
11239073
11250650
22288045
10437534
5695549
21904372
5783475
10691554
10958682
22446629
16969262
21450635
11195434
22206634
22057203
11144998
22025190
16985565
10770983
21511185
22148286
22194675
4712734
11123358
16594062
5756274
22194703
5757878
10467370
21875243
11156069
22206938
22396879
22426899
4715594
11127283
10889438
11363850
21986104
5762754
10472085
21880261
11076391
22219490
22412763
11372786
10335051
11221344
11226103
5614520
21443507
11160739
22182114
22398391
21872414
21536447
21550045
10521610
11367334
10275086
10679332
22144940
22282187
11314830
10737894
5164627
22283202
10896082
21995059
5758118
21920415
21973079
21524915
5654102
10906639
21970545
16890029
21936831
10455298
22204249
5803086
10726724
16982416
11393590
21911577
11141302
21995890
5778794
5647327
21806765
16961880
22422755
10782302
11215924
22272304
5757842
11054531
16968197
21418775
11176535
22215184
16961376
22397357
5411909
22291921
5677597
10962247
21983978
16980166
21947515
21429526
21708089
10409855
10889088
16978974
21959892
10455902
10798551
16956791
16977634
21422572
5417479
10882455
22223857
16963934
21958983
21579193
21734615
10479542
16867618
5626238
16873418
10327750
22415692
10437289
22218926
16971494
21981551
21485630
10634926
21988758
16973050
21918603
5797106
10329884
16965078
16331228
22283864
5801774
11259279
10850662
21954004
16933658
22394057
11352655
22183324
22386654
11359234
21539674
5644779
22291351
11154363
21973002
16964934
21944759
21530430
21714290
21490368
22013258
21696851
10387212
16852708
22452706
4717885
22292646
11345588
21752082
16955095
16965754
21945247
21514635
21720904
21520562
21722203
10441286
11028362
16954830
10279808
22429411
21729306
27112423
21475185
21732592
21687238
21544706
21711358
21484911
21916535
11166620
21977204
10941630
10651451
16952358
21947694
16960493
16950710
21942039
21436485
10876830
4909222
22297806
21494470
4885686
22290835
21748434
21516854
22456010
21479937
21542874
21699743
21519886
27320307
21477687
21708240
21729783
21507067
10639290
21996722
16944650
21948807
10374794
22226163
11321303
21998166
11237442
5676958
21946746
16939786
5757569
21994223
16931657
5737650
22024703
16930742
5736202
21959699
21537533
22135799
10610192
10749954
16959590
21975114
5642725
22236750
16973566
21943110
21487580
10873441
21714514
21506270
21726666
21468765
21712405
21965308
5650159
21466626
22410268
10845039
11010294
21701423
22395917
22454489
21509758
21552178
21688882
11247418
22199098
16953210
21920926
10414469
22209474
22448814
21533798
21509418
22362870
21713146
10988406
22146314
5757723
5176188
5646102
21895814
22405782
22210118
22178722
22135994
22200074
10461203
21942041
5789878
10912858
10793981
22421631
21548142
11269534
11407742
11098413
16991858
17004790
10864877
16996013
5793423
10855952
21869047
11385304
21754234
22411778
11054978
22282413
22188526
10457894
22005554
22403457
21924250
21536939
15882182
22148198
11106842
21972223
10829807
21739872
6671447
4527273
16588685
22174552
21529923
21533793
13254963
9962657
10993714
21980001
5711536
21984986
16400262
5736142
21547754
21960690
8493079
16582804
16295868
5649436
19104546
22415107
21585490
21556254
21762834
21588975
21749881
10456350
22205716
11303503
22012117
21583421
21598658
21745548
21585815
16831383
22413291
4806662
5536453
11326827
21552175
5602928
11209395
22393669
21965803
11090650
22178960
5720590
21800682
15994454
5529133
21550116
21748726
10480020
10867708
16905008
10942746
16893944
16908104
21975729
349383
16382178
22170800
21599210
21764635
21572944
21790366
21580020
21767086
10427219
