517334
16718
11179500
16170538
7612057
15073910
15829407
3507893
11739646
7468409
15586649
3936857
11793892
7501281
12090587
12863353
13358022
12705144
13364967
13167789
13021639
12983860
13217594
3402361
9487610
3688769
13305543
12981850
9577949
3532714
13799970
13802634
14002521
6995822
10271954
14119457
6641640
14319364
11574597
12477240
7625371
9408726
20799463
11900828
1416840
16136120
13862686
7048290
7466149
15075848
15386371
15654242
14762214
14999728
3498496
14426437
14352895
15080286
6970751
14070561
14860317
3777276
14553261
11209465
3172543
7362393
12173359
3888190
15184891
15444872
14922410
15026949
15102408
15007510
15249112
8191409
6299286
1517385
14514637
15420959
3613425
15854423
11861691
15855157
15310991
15385967
3874821
16053543
8002878
15892590
15033669
14904013
8125293
15733427
15117265
11168279
3826858
13753332
11729494
12471883
12246328
7108246
4027542
13497476
8565015
16465060
2174312
17310084
11135125
3454604
15333059
2332808
1595287
17424540
6951040
15931655
16009690
5865225
6261081
7337604
15991892
15355838
15397655
15439317
15247954
15516799
7998481
2355955
8914444
2658176
8664067
11063879
2795059
11050488
11332097
11006126
11069057
8156859
11351060
2366167
8634925
11347660
11510778
5713873
5556927
5707369
11455914
11214260
10945646
11588139
8597149
11447960
11002142
11029107
11209860
11029965
5401342
11397512
11526747
11024040
11081760
2869460
2395655
11387118
11281968
2788403
2849666
11228296
11096686
10981326
11043410
11020411
2437527
5753820
2766808
10999658
5650041
8457057
11277363
10979465
11251762
5735687
5495129
10945824
2549955
2847508
5674616
11210049
2837506
11098427
11172175
4984888
2860842
4500017
11120926
11119283
10951064
11090644
857163
10154750
11245418
11100456
11170084
11427403
10997013
11050895
5660094
5680950
5835888
10926653
5760050
11292252
11029803
10956261
11247128
10972171
5676048
5636704
5706975
10978258
5625245
11391925
10908023
8098673
2857327
11092458
10898506
5763392
3702457
5109840
6310927
3405803
13399239
3476251
6454870
6663805
13664338
10279681
13063165
6748483
13523906
13479801
6711799
12705633
5837787
3685663
9394621
10821313
9547113
2030502
5954852
12257241
4082628
16610755
4062566
7684825
16344706
8160781
16400893
16594225
16553271
3310143
8127857
7985506
8256209
16373214
4061170
7688083
12938474
6587371
13250947
11296318
5514084
5033992
7316042
7342878
2946087
12686821
7784259
14509524
16071206
14355921
13748553
14642598
6748321
8065702
6717106
6806565
16673061
14733738
7178250
7151064
2635237
12091431
6096947
14785411
3845860
14335823
13580324
13332564
3703266
6866261
13833997
9836349
14578124
6308791
13819261
3770156
8217899
8888965
4223416
7994294
2694180
5332986
1431303
1456843
10777364
10367765
13464819
6166392
5047393
14438273
3327304
6141091
9443249
12110636
7263592
13578743
8533540
12692355
3353105
12975927
3205889
6311149
12623861
9735241
12714690
12390343
12583694
5966789
6247295
9082613
11156469
6113968
7387717
11551098
9030526
9092576
1996196
4560877
9203006
7192870
9468211
8467898
8976511
4344645
6985464
2261166
6666149
4046381
9568223
4202289
8745937
6778105
9311301
8468786
3979970
8865128
6505376
8755406
2015720
3692399
6442677
6482563
8525046
2284126
4522606
4002128
8897995
6583230
9473322
4800605
9108046
8793066
4324330
8746120
2190915
9169875
4352938
8205506
6860119
8475869
8959612
8326275
8935728
9135740
8890028
4326545
6948493
8784685
1821702
9423506
4672069
8979253
6920577
6549698
8593508
8228059
8545399
8636079
8884189
4260753
4408977
6337004
4122918
9099927
8681180
10276682
8575344
8550547
8673720
8719119
9323263
8998912
9403120
4341579
8594745
4364586
4245171
6950025
9400625
6904163
6752042
9140696
8424497
4012281
1967832
8830562
8500951
1905691
9208505
9003837
8640038
9469457
8691205
8833351
8607058
8648447
11194952
9081407
8605720
8820464
8974676
4062494
9112794
6433437
8431634
3715080
8424128
4157881
8489311
4342465
2004437
7976601
6665626
2216858
8336827
6578605
2240347
8437962
6755442
2160681
8586657
8906534
9013008
3960999
4290271
6757717
7804934
2044916
7863597
6639575
8531465
8411205
3692240
7863631
8379975
8235917
7645429
8518784
8305256
2043913
8125657
9032560
4108505
4085979
8734697
9029083
8712864
8984198
8002535
8903720
4552868
8691929
6219847
8618080
4120113
8772272
9117540
7939789
9139723
8864294
8736303
4093165
9103109
2288624
1743516
2053171
9194549
8935769
9169805
9491011
13549944
14039056
6751770
13675276
3472112
7538487
8218632
12798525
4629818
2491097
2332432
2436543
3602364
3656897
2352207
5754507
903625
1654396
3277195
1705655
3119332
3245177
1492925
3454912
3348983
1585098
7840202
9311228
11075189
10851234
7958510
11159580
5561260
11098998
5764510
12297248
3688647
2548007
9430866
12548969
12177073
12239876
7400284
5599227
6343160
12648732
3242408
12791455
9498927
3241087
12543911
12761698
4774217
9607358
9385821
3199914
11112001
12995527
12547854
12551343
12684690
12513152
12623411
5994564
12930541
6527565
12797667
12532537
12529333
12667765
12542511
9775224
13011947
2706701
3218355
6479423
12550074
3183322
6481032
13063553
12802117
6412486
12865777
3240790
12635369
9252269
3228867
12523645
12635903
6006087
6326787
9801196
6337796
9819425
9806319
12777779
129235
9504150
12905783
12565681
12702978
12573423
12722079
12508975
10764070
4999944
