7057
238
9284
5311
2092
1538
1646
927
1229
1259
2011
1082
1640
735
4680
1582
1338
1070
1332
1225
1431
1379
1314
598
1359
967
1268
1541
1508
318
1094
1101
1132
883
752
1119
827
777
895
7684
7609
4835
9990
54824
13016
35365
8540
2906
2583
3183
3964
3356
4447
3366
2105
3914
5323
3909
3440
3836
5757
1925
4784
4290
1797
2046
3247
2158
4342
4956
5111
5024
5184
5006
4816
2020
1791
764
3070
4449
1724
3412
3454
5567
5258
4976
1962
4881
6548
17356
17135
17966
9604
18079
17005
12729
4786
27084
65620
45364
53469
16290
5974
12021
76975
16260
16160
20824
10186
27081
29081
26152
8691
19063
16841
29582
31551
37419
41442
24464
16694
15926
16232
16227
16100
16358
15415
3761
5922
2149
2913
4814
1318
4832
4830
5068
5165
3629
5230
1411
3684
4508
5337
2831
1936
3176
4438
4688
5114
4595
4196
4430
4904
5278
5193
4978
2579
4466
5530
4806
5051
2097
1119
4733
5123
2031
2368
4281
5072
5104
5458
4769
2337
2426
2114
4640
3732
3233
5162
5414
5615
3236
2682
5293
1691
2085
2193
4765
2405
4464
5384
3134
1969
2331
4710
5320
5052
4640
691
3957
4547
3392
3847
5451
5242
4747
3075
2714
2617
5899
2367
5029
4875
5627
5088
5586
3127
3244
2427
5518
3428
5786
6018
4149
1640
5520
5573
3043
6191
12776
14708
8266
30211
8344
15157
15351
31124
23884
29699
15798
31066
30413
15735
36273
62585
37597
65758
83868
78581
12773
21990
12382
5055
14560
5178
7242
14075
8084
15286
15135
15233
4344
8230
7571
8470
13995
5079
7128
43742
22842
45792
53550
27357
24766
20887
16681
8854
19178
15713
11015
8854
4572
4791
9891
4034
6113
2185
10738
8769
5123
3601
7110
2681
1725
2005
6211
4257
4528
6277
21152
5118
11267
14558
18042
18040
12132
13323
23067
50489
93220
68103
109384
41550
82515
22039
21062
67586
30352
42121
21945
34517
35780
11020
22917
42708
49357
16780
41809
41515
44777
8266
40638
8018
15310
30118
23378
30162
29484
29505
14236
14863
29237
75314
28057
17280
27473
25841
11871
3631
6495
12625
9957
14849
14815
14570
10738
9746
6340
11709
7282
16156
7614
15344
11562
14958
16139
6694
17787
12478
20108
9265
2194
14994
16665
12164
4914
9715
7052
14500
12423
13305
9333
13032
17893
13857
17090
4034
17500
12551
14735
16262
14996
15659
16340
16731
12795
19227
6160
16500
15914
4873
17459
8177
15182
10538
18624
16940
14697
17102
15941
17300
7903
7234
15774
7607
16571
17235
20898
20453
13716
15789
18627
12449
14002
14471
9575
18929
9687
7643
13102
15465
13226
12340
17808
16139
11948
4494
15478
17414
4334
14874
19204
15448
15697
14297
18042
16521
16780
23000
14657
12996
14805
15154
5328
19148
11884
19606
3440
21658
5570
18281
13150
8331
14625
13004
7091
15368
14291
4680
16750
12053
5870
16075
14727
17326
7852
8354
17742
14600
7143
21989
12432
21938
21204
10302
17662
20527
19940
19257
19237
20087
2614
19065
18616
10687
6888
13988
19550
14684
15206
24913
13568
10234
19136
8137
20782
8230
13190
17963
23511
14535
15233
14794
8088
16078
6478
7260
3977
13960
18675
18115
15525
17826
69904
32347
69193
18763
31897
28916
68354
77288
40812
42652
40745
58551
53906
38607
50102
26921
51801
101585
52535
102929
89408
44213
86666
85777
41226
53291
22920
5854
5983
4878
6079
3434
5720
3632
1524
1273
502
1084
2230
2123
1955
1751
1969
1307
2137
1057
1516
1706
1335
1647
2035
1602
1667
1916
768
1413
2017
2088
2073
1927
2407
2138
1649
1879
1546
2109
2050
2184
1871
2089
1599
2034
1181
544
1530
1503
1047
895
1805
1996
1077
1794
1054
2049
1988
474
2087
2039
1622
945
1675
993
1664
1542
1831
425
1490
2218
2061
2017
2020
1958
2127
13913
8113
