55596
3427
84514
72307
81515
153079
140229
33704
103225
68301
131349
33315
102485
70248
234201
275419
283803
266821
280935
274231
275660
279164
279088
72166
200452
80741
279302
274648
195332
29314
112461
110855
126376
69645
100902
128562
54053
114252
100958
192402
51053
19203
32763
164473
40610
142803
338854
272800
202001
325306
239597
204266
268500
287400
126380
350519
401316
389118
212208
382730
392974
62547
273421
152747
42580
78483
172516
43178
165459
184678
203856
202065
205686
204493
199785
47701
30895
9128
95599
118030
26443
112118
101238
124125
123175
110220
31752
130119
53629
83675
93896
107927
58890
105821
96063
71803
32192
118303
164783
135583
156326
66144
31216
95812
165291
106331
37795
122138
66988
57532
134539
58124
27010
120466
58162
133026
133244
134027
145721
74659
37782
35091
36077
35600
35445
35957
152136
58447
101802
21455
60982
82025
19529
83951
85156
85377
86897
62660
88017
17769
66112
88967
89216
43779
41242
46994
88177
88672
84313
90440
68929
85228
86622
86017
88447
82582
39715
82297
86255
81820
82007
24263
19222
84622
92028
24431
28312
91394
92472
95881
96263
83797
22869
48949
23254
95273
49938
71583
96706
98145
95018
47975
49786
95152
23949
28728
47074
93074
24748
90004
94514
41966
27838
38859
95538
92582
87602
84436
6723
77831
87696
78481
76441
87329
89547
80575
44109
42543
42458
90806
40107
85131
84022
90726
83726
89182
44320
49925
48847
85014
49731
94246
90001
65418
23508
88344
92584
47063
101989
254011
55251
30593
114455
30769
56627
57865
117806
89349
112702
59247
117233
116011
59086
122706
126031
75759
132698
168933
166443
26920
67643
168598
68209
281383
70452
131853
279265
141598
281465
285062
284170
58154
139004
138124
141739
282067
69985
126491
106681
52274
106386
141702
76161
69719
53166
59263
43946
370866
57264
440920
359496
489217
617641
387636
259846
122748
245057
70901
249011
539995
284631
127798
220775
1062515
434262
527313
52977
607566
610785
330880
68595
142437
325043
318758
293109
123285
335750
71599
104525
189249
136900
223553
85138
168920
45265
43252
154451
146642
196035
101790
89746
196698
51274
103725
125939
181928
99888
200589
143240
203734
47523
194888
18508
34936
68109
52960
68057
66739
66885
32598
34219
63456
152030
62362
51488
80668
104878
211427
74015
115256
233903
172869
182718
266978
225759
92956
180632
48244
201864
122888
198486
107436
278281
192901
211568
263380
151310
241889
211246
273082
57762
194799
228117
180598
352534
76635
136119
160001
291638
206145
259943
103519
255176
286910
131812
255614
73573
275760
126668
334608
199522
296622
268913
288256
229046
263933
208105
105821
147559
269824
58299
201377
108950
242089
162747
190373
296500
295302
264685
254772
223560
106414
138222
205011
121911
243772
265600
362369
232955
289686
250832
211266
208979
217115
203474
128798
252510
106159
130746
165318
191742
184321
206989
196896
280012
138089
57787
275077
250746
63604
248286
186282
242617
228386
242642
224841
259717
238060
265262
205330
276586
238971
209304
153246
222920
241297
278384
190915
286315
187258
304362
128728
61558
333675
231134
56738
314050
235989
78914
294120
232612
73848
278856
277161
244415
152665
115546
200347
349052
69583
312725
204690
280687
270432
162905
322388
276412
278809
309066
280971
281919
92572
293309
290935
116079
170641
309868
260680
318794
260993
238922
266409
137432
286916
262659
283584
139431
313513
283172
257421
208082
269831
264780
149275
288316
60881
63613
80245
274620
258060
239832
180672
80447
156526
72415
153561
41857
71123
64667
182679
327002
182101
185543
181542
266824
273148
179421
176108
63362
121608
245460
128269
247310
205569
99931
213637
217195
105811
203792
109435
46398
45656
33747
45834
23981
47096
143315
315863
96540
63592
236777
318370
299590
301128
186415
125285
135507
276530
70261
275740
204086
69936
269457
273176
107042
207865
205740
71412
242379
284132
268880
269422
271201
270199
274761
132043
278383
138532
276819
268157
268474
267950
266511
208551
280813
60571
69570
143255
272052
69902
140095
277620
270585
137057
278006
70726
273395
205719
71552
277764
277417
131236
134098
210902
138276
211361
211810
274457
5360
206574
276165
269334
268587
267621
268252
270827
86460
25341
