7033358
10490449
13781103
13671490
7176047
14100029
3597125
6880812
10777018
14187420
7155431
13830443
14071550
7215660
7031970
6860194
14127371
14115838
14003367
13906208
7223994
14152954
14386738
3603876
6714860
14271807
9743416
14088994
3593909
7094168
3607088
6972264
3588470
6915990
14067486
3584219
13927048
14340346
7145756
14188734
7090854
14185376
10784697
14126740
13874573
14273089
13874173
14038593
14382521
7084857
10118179
4838679
1014079
10849885
4229463
4354409
1783344
4060094
2072280
3962090
6226948
465113
1024594
277087
544187
1089337
480919
970372
955993
719192
528623
552503
277623
546730
1917484
10418216
2168594
410143
836831
791285
280239
1073745
552394
1010330
949748
456140
533057
1092039
2360010
2550339
5114657
9099456
258485
540021
793597
695778
1050393
850982
710511
957398
843047
1087827
866131
285786
685510
1579319
2529362
3285889
3217291
1840559
4185289
2137944
4336397
2104705
1969455
4026560
4176044
4320315
1094569
4311624
2210156
4518451
2122969
2237698
2289690
2219057
2265497
2091403
4546961
908666
3225626
5117513
2536640
5362347
2914522
6161273
6319499
6908670
1725925
6506699
6950159
2966172
6784828
1668984
6799874
6428502
2969912
4326316
3394900
2716604
4296386
4339991
3761858
4071532
2197146
4502644
4564270
2254195
4464394
2298306
4475837
2254215
4460785
3356124
2295005
2201481
4564137
4378719
4478497
2153791
4521453
4457205
1058382
1143983
2150408
1148706
2203305
4452894
2252196
4510384
4374396
4499294
4366534
4495048
4551971
4380553
4469364
4361328
2209386
4469580
1154329
2204193
4473022
2214292
4503391
1150429
2203758
4424133
2254269
2247015
1156860
2213868
3436577
4396276
1156209
4443891
2994841
4477405
4565036
4523258
4528827
4489369
3449736
4441681
1066661
3428468
4524061
2263436
4484316
2260558
2257309
4495964
4335553
2297844
3119287
4475417
5213919
2739151
5756576
1477795
5544226
5491103
5227989
5919027
6098549
5968463
6239061
4641795
6190544
6218367
5922759
2870141
6096912
1598531
6263443
4931347
6725628
1697671
3235976
1753411
5079259
4155772
7293791
1901106
3583156
1849569
4042166
12224750
11817396
9169093
2929188
11512218
11124140
6062281
2338956
7432419
1855219
7338450
3799737
3576155
1955027
3579543
7313064
3609577
7488050
3529771
3583967
1897112
3575391
7241078
3812167
7388981
7455709
3696543
7415448
5556731
3903116
3594664
1862537
3701709
7379425
3727042
3529241
7224264
2396182
984351
7750352
8022499
8826755
12272329
8946026
12640876
6064669
12044662
6274164
5658312
4260672
4539511
3097296
5411967
4546632
2414287
6730959
3194341
4653152
4580607
4147320
4311101
5455060
6796359
4097317
5664716
1486613
2938428
2926697
2510622
5491430
5396196
6143690
3056725
6083949
3139891
6283065
3083386
6239552
1503920
2910117
1472307
3021457
6241559
6303718
2978800
6316430
3185091
3045720
6735115
3217276
6633766
249671
1959893
1847516
3501743
1897508
3570363
7296926
2135674
11872399
3107920
5638030
6201455
5835906
5780297
5604446
5727903
5340994
2857523
4964645
734871
2149087
6382357
3567531
7271446
3734123
7546740
5505392
7634385
3642329
7622828
7196714
3592733
7352006
3596367
7392434
3574564
3418025
3780282
3682583
5567865
7750163
7305343
3791835
7291419
1887890
7178428
3729318
2195623
1034850
7903812
6096025
8545878
6270690
5994730
11485963
3247190
6062882
3225422
6122330
3117228
5601305
11267364
661124
4536787
3315853
5033385
3522251
2397139
1050633
2039182
3699431
6135211
2623121
1073681
4409875
2144406
6529680
4231806
3693705
6436515
6336119
6008326
5973375
2970903
6071782
1604353
3084170
6135134
2970133
6125696
4642402
5980360
1569788
6129545
6078534
3107629
2906157
1516829
3025965
5996002
3095064
6001588
1573241
6153343
1571644
6515931
6843010
3384096
4540670
1023057
7086278
7190821
8342563
12068959
11785012
3105571
11457363
5404006
11058419
5696340
3820405
3991669
7376857
1914225
7407463
3520456
3795156
7405672
7237771
7433673
3770378
3532505
7505413
7716492
3717684
7372727
1952013
7466830
1872942
7505501
7414389
7462922
7367451
7219588
3503352
1862043
1499558
7854754
3998436
7817950
8880972
11810878
12356535
6381560
12140274
3249179
10091430
2389108
4098039
1120181
2320850
5870520
4765188
4507191
1267047
3046363
3810741
2022899
1050496
2050622
3585104
2853235
4718381
3133824
4606641
3119039
6766364
6178548
2927178
5849130
2946968
3013109
1551877
2962452
6184434
3084336
6199959
3002098
3026933
6042396
1513986
6128404
1542103
6062636
6103074
3057465
6262793
6168858
2895225
6094476
6417011
3400833
6745893
3248036
3166924
2188441
1457429
7448436
7303873
3713530
10937649
5894457
11967134
11664877
5847555
11062020
8426217
4996248
7279943
3711580
3632148
1913487
3610012
5952388
7461714
5562106
7575586
3717645
3404490
7471382
3552573
7475920
1909114
3488323
1891711
3520786
1908734
3643426
7630110
7420372
3760764
7543798
3773367
3583085
1920110
3560515
7306627
3509634
1867263
7213152
3789024
7749441
2035631
11540953
11730216
6336401
12623288
11963168
10837039
4343166
1049465
2014718
4702151
6475542
4133063
4820494
6719032
2113969
2039154
3571076
2851510
1770312
2904255
1081352
2034394
4729293
3224298
6781964
2942074
2938063
1616483
3030586
1556691
2877696
6119844
2891316
6136057
4576752
3136107
3001992
4548572
6182143
2867928
1599467
3104148
1526167
2848764
6059244
3007575
6196394
4553656
1566636
2982781
1601267
2983362
3106962
3129490
4950883
3311730
1685574
3214212
5036276
5538255
4872230
3595706
7164551
1893826
3578969
2721362
5831068
3090664
5551868
11948255
3081443
11326005
11266515
9482545
2067870
5681056
7152515
7471136
3460294
7663435
1887064
3653784
7327375
7561679
7197452
7342530
7691672
3697052
7504548
5620593
7631364
1934911
7292520
7206172
3804059
7488443
1911266
3586344
7280259
3011788
1994618
3681557
1950543
7926909
8017405
6009985
11434258
12592322
12370077
5398375
12822736
3551318
4574250
2028592
4557341
6582886
4039100
4649375
3087721
3671963
4190914
2257680
5268658
3390598
4269480
3641948
4644435
6972937
5865855
3006003
5966611
4881490
6096141
2991052
5986786
3074875
6216173
3111084
6059886
3101096
5495952
6239970
5833492
2900478
3143156
6232109
3096518
3068727
6230950
4971084
6572874
6486968
6274668
2924853
5591701
3567241
7333264
10703945
11943154
3156329
11980334
2962476
5663713
5666430
5299993
9046075
5074856
3806841
3457526
7463302
3624972
3551601
3964113
3552777
3767802
3546894
5564741
3683394
1922156
3582764
7473593
3489918
7532587
3429174
3476255
7650933
3707093
3782798
7329021
7447522
7478976
1974635
3487443
7272487
1894037
3627976
3560856
1891728
1439767
4016529
7949663
3864686
10189981
8973853
12227826
12250372
11844637
11798071
4303652
4370995
2289575
6197263
2539733
4311341
1281700
6023326
2956350
2064267
3341950
4889995
3463062
4596091
1056210
2256611
4194162
6865020
3014678
6207064
6098301
6198296
4534054
6300989
6018003
6173013
3034208
2991433
4648702
6295878
1585565
2949067
1617180
2986655
3040724
2915104
6449115
2891912
3091148
2961567
2935073
3049248
3049118
6710427
3273716
3394257
1743551
3371438
5074188
5994220
7315788
3437038
8839718
3114845
5971707
3069795
5583466
3150844
5925225
11533808
5846609
11134794
4372328
2137471
609986
3503128
5679672
1839036
3601606
7253260
1949176
1648342
5587924
7441634
3589278
7642020
3835953
7322996
1862955
7297017
1998657
3663210
7397134
3573553
7705629
2003659
7434123
3848711
7407775
2009727
3779794
7365732
7268205
6174303
919636
5507801
2070368
7756478
2021879
3794778
2137142
5990159
11854970
6085937
12781438
3277626
11947392
3175280
6020910
2743302
4666286
1071334
2164665
1226041
2286016
1632939
3393202
4451176
2202208
5439959
1660776
1927279
4491087
4649880
6235739
2189884
4176189
2469611
6562816
4889825
1510848
2900477
1592518
3043367
6047194
3059449
6172611
1565800
5991297
1518164
2963706
6086547
3116388
3001360
5933900
2876682
6109941
1573299
6014131
1547252
2962270
1538915
6087505
6147949
3256532
3084931
6789519
6640289
6695221
4157657
7150872
3519558
7033996
5505387
5730332
3090786
5559834
6158357
5837790
3036599
5483269
11309932
5514534
7915838
5810948
3801411
7395631
7720357
7390835
7182502
3285495
7488419
1921453
3575626
5555237
3720886
3511757
3789548
3648202
1912952
3518945
7262877
3617851
7564031
1934608
7271129
1932436
3560860
5824507
7638392
7194107
3743184
3559583
2134721
5021408
3833025
7985054
2008176
9887417
3191802
11586434
3209004
6150989
12750107
5527320
12632150
2533796
4184973
1073220
2046821
4736285
3124747
3315499
1050227
1990154
4549233
6573835
4647091
4542379
2650663
5953866
1045966
2002163
1180548
2412303
1251507
3361220
6714547
2937871
6088255
1618694
5959844
4699133
1433303
2987101
1594649
2954595
6013154
3162111
6094416
3092062
6141458
4899065
1539322
2856102
6380980
2979246
6288129
3114442
6115405
4755983
6197562
1602328
6458993
6820513
3134643
3385997
1920887
1824815
1833748
3485715
7166162
3623112
9685774
6226025
5900690
11963962
5864595
11635097
11041733
4815369
3825113
2014767
3728741
3601689
3557404
5690877
3872602
3792220
1911087
3454868
7265146
3710800
7744147
7460546
7366994
3596840
7426971
3579928
3543963
1822694
7268382
5888282
7376697
3694630
7438433
1955117
7264317
1857140
3517563
5575620
2141981
2835155
3988622
7965343
2001048
3851025
2035991
5367946
3151978
6139437
11480092
3262514
6248420
9609903
2878880
6012994
9592001
1868828
4595945
2018000
4700128
6414917
4119182
5075610
6549365
4137449
2239224
5765782
2912290
4132189
1292311
2386954
6866079
6321333
3060975
3002150
1553720
2900891
6273008
2865383
6111088
6090877
3164853
6125189
2877761
3011061
4615226
3226928
6239564
3206466
6078803
3056241
6141676
1564117
3007109
1588323
3065883
4607858
3053473
1651068
3133993
1682878
6540495
6757297
3250016
1414483
2436623
3515708
5532802
7202717
4187209
11917891
5625099
12144816
5887215
11383851
8360696
7819090
5396154
3712496
3457232
1863049
3645141
7353694
7526929
7379089
3503089
3451175
1918867
7325507
1901392
3694260
7184092
1927346
7349994
5566089
5552108
7376880
3693813
7550616
1981154
3643134
3786374
3766518
3744368
3516909
1855030
3516987
7194020
1887607
1980699
7428398
7732794
3863454
3981865
3163583
6030503
8602699
6040121
3239847
6104519
9664994
5570124
3202432
11261553
662357
2467312
4225726
4654430
3220654
5221950
3252512
2520523
6560558
4478053
4541774
6255979
1373357
1992330
1058709
2143967
5533294
3631424
5935553
5916225
5427246
2690365
3009915
1490829
2683335
5694549
4136327
5653343
6090688
3091221
6014403
3045710
6132902
4789557
1583006
1547537
2984750
6108050
1532705
5970014
6076775
6223001
3374788
3244922
6644402
3479505
4270705
3057293
7127554
7405663
9906044
5887514
12071851
5935211
11446912
5677675
11144390
5125748
3671059
5889803
3548943
3563915
1951482
3678152
7652912
3648546
7369857
3664809
7415410
1947444
3604588
7498662
1836452
3573044
3875766
3608448
1915679
3535743
7252377
3743979
7729208
3663553
3770427
1958711
3628952
1827218
3662226
7409545
3638968
7262989
3579283
2351552
969873
1819658
2043601
3852935
7802379
3999722
10353085
11521739
12758642
6060946
12131545
6172215
8580370
1435709
1998552
1052962
2135195
4637248
5142115
4405167
2242529
2379834
4880094
3106469
1083102
2052926
2275099
2256355
1161033
3277648
5200780
2122396
4797641
7094300
3165652
2825568
6084848
3080430
6152989
6028798
6170176
2769439
6162504
6127082
6073621
6230114
2989037
6112300
1612022
6044506
6266465
2954386
6262808
6224871
2937873
6395142
3346211
6535014
5176930
1739290
548177
1652439
7095881
1856334
7110786
1907534
4812978
11964191
8981667
6118173
5649759
11591480
8377126
7774970
3792460
1984891
3631504
7333671
7532113
7817869
3671169
3598914
1873623
7215856
1943197
3652838
1972049
3632130
3784382
3463991
7763297
3714038
7627894
5528971
7610726
3744262
7151063
5587903
7473242
7364853
7174090
6746773
954685
4000163
4035489
3633275
8663553
12452641
5062773
12465579
6193553
5987483
12207827
8179479
4477864
4450443
5665793
3062754
1996404
3313408
5277093
1875910
5104914
1079490
4550141
1170385
6392147
1939721
2032086
3728672
6852011
6166846
2912697
2880293
3191583
2906665
1539210
3055557
6098527
6084067
3050544
6260104
3062074
6171922
4552370
1546245
3055700
1645037
2927999
1373856
6226583
2839049
6235624
3095738
5983454
3200099
3025524
4717338
1627458
3156549
6595876
3294422
6862050
2070963
1672764
1864469
7288335
1854716
7135599
1904798
11957961
3129964
11877363
8990443
5908764
11135656
8464689
4816665
3409006
3776342
7378559
3560751
7418948
1942591
3527412
3737322
3629883
1851542
7406479
1937147
3612795
7660760
7354380
3694812
7291387
3723732
7417624
3652958
7407030
5614719
1768391
7213637
7621761
7504720
7112566
4184164
996556
3984669
2061459
3842849
2039027
3870308
8796720
12362641
5596691
6107283
9643475
6143590
12286552
9425631
4464052
4453240
5559938
5331699
2022777
2244826
4010097
6262481
4296762
4977868
3402868
2536919
1054718
1979264
4760022
3418675
6708314
1521807
5945171
2881412
2916875
4773242
5888144
1609776
6104746
1530220
2933274
4850830
6042066
6031959
6259427
4590946
6148428
6267937
2917247
5970884
6122360
3144804
6220995
4932202
1717535
3254712
5072365
965631
953668
7321243
3559237
7202613
1905204
5423659
12039403
12025134
11440159
3014963
5482637
11152128
3909019
4371757
7449060
7636854
7558789
3927162
7361524
1905935
3470605
3828541
3764731
3793702
3519555
7639179
3480699
7514926
3563084
7520592
7437507
3645302
7406330
3854115
7224109
1983333
7528528
3551956
7328456
6073066
902594
5454505
6090141
2009376
3788516
6267073
12368936
5267562
12472391
3208733
6154213
12229505
11126824
4317397
2053796
4513511
6344920
2349590
4211479
2487146
6722094
2279324
4354425
3508537
1709532
3371796
4323429
2274827
5608145
7102230
2915456
6051009
2964345
6082958
4603220
6208090
2934505
6139011
1626725
5964481
3114687
2882909
1583192
2866072
6140109
2973921
6143489
6280075
3210094
6078093
6198478
6087166
2939654
6572992
1721021
3263508
3376132
3225520
3805806
7044531
3512398
7234582
6967947
3100636
5840453
9058672
12056593
5760611
11257379
5512461
8191836
5434902
3581889
7162737
1882279
7357490
7783746
5520775
6998322
1902433
3736549
7294577
1878130
7146921
1897590
3782641
7478272
3702752
7195468
1918897
3693817
7216814
3854403
7109890
3906955
3758063
3747422
3528281
1859718
3511679
7415519
1158252
4146876
2055725
7638940
3971149
9043974
11721930
11979592
6297098
12627630
12355061
7198263
2032953
4333639
1235513
5662099
3052594
1925959
2395647
6778361
2039235
4552169
2232289
6435982
3195259
2210382
2506724
2998240
1917063
3446928
4632655
5829132
3127932
6186995
3228561
6087242
1652430
6034873
1571737
3066265
1573489
2895444
4763193
2902802
1617238
2984835
4762394
2897924
3147653
2984955
1489800
2932913
6444993
2954703
6252370
4786941
4766456
6489207
6864061
3320123
6585093
1070941
6520699
1846349
7162547
3509301
10532315
5863840
11962075
5975864
11048214
5571335
11098312
4110380
4566230
7435457
7465652
3754203
7428981
3662490
7290374
1820144
3529061
1901111
3696050
3803180
3533735
1900962
3543671
7234263
3915492
7224927
1922692
5300097
7423746
7429603
7580297
3530203
3609043
3805776
3493711
7404950
3506335
5787595
924237
5984482
2019346
7801994
3896586
4131685
12610449
2184457
12304110
6374052
12245954
2909715
6095428
3194993
4589865
778766
2452679
4094499
2360406
5710114
1773001
4449753
2283768
5477585
5953181
2106329
2197244
5200302
1762522
2925391
1050366
1995967
4795090
2972715
7087317
1605960
5911470
3121145
2918704
4720096
5791216
6243823
3070727
6074343
3165810
2935025
1574425
3037525
4608140
6109762
6236773
3067469
5911764
4879015
1549528
2962486
1616708
3023943
1614902
3062913
6248670
6547111
3412473
6721209
3404588
3559996
7127486
3685953
7137290
7369914
11845153
5842384
5739777
3116069
11433402
5441700
10125880
685970
5331732
5707790
3653744
3577180
1902204
3575980
7512343
1886628
7382982
5495797
7462019
1778707
7454864
3650649
7620599
7452643
3640838
6998407
7604558
7173693
3923455
3602640
7728988
1890264
7281068
3438157
3561079
5244022
1864609
7742501
7880118
3847224
10613985
3222696
11401392
3267786
6150966
3191968
6087367
9044971
12820359
4022458
4341792
4716896
6273524
4135825
5239658
6396977
2105622
4532093
1162053
3084792
1757511
2622279
1074676
2024466
3527085
2686128
7124252
1640997
2934647
6013808
3144540
6035910
4535082
6188474
2907264
2882715
1565909
3074934
1611658
6122321
1638026
2912850
1557248
3031192
6227981
1495878
6071768
1505083
2873753
6064739
3051454
6083924
1568854
5976726
1641346
3091711
5003220
1700431
3255163
6551068
5085896
2044323
7311415
7428768
9152023
11917265
12141039
5939188
5424043
3040637
5568665
11075927
2820018
1332440
4396306
732533
3358615
1919771
3465450
1854607
3629759
7353946
3853059
7427248
1892817
7277527
7642110
7312648
3544183
7298402
3978426
7352192
7614716
7698858
3571145
7333386
2008963
7402960
7625469
3703013
7266722
7362193
1320560
984892
1108811
3888175
8061301
7832999
11691362
11654510
6100140
12816809
6082822
12072906
7147675
3141098
4138934
2433393
5698723
4127752
4288685
1294032
6102296
4077391
2102975
4805118
3376588
4894184
1073324
2267155
3882594
7177255
3080075
5998591
4636569
5864509
3095956
6010779
1642459
5932899
1575289
3068782
6221142
6238127
5921848
3100039
5916114
2995233
6000557
6158855
2983487
6103424
3097988
6124143
3078469
6751968
6709575
1515573
5307931
1863761
7218886
1840312
3490711
1856331
3517358
1881559
5838360
11650969
12286113
11823139
11161005
5419430
6884413
2114391
2080874
5932395
7308651
5774029
7649918
7463806
7396013
7595949
7417623
7254848
7476672
7640590
7514704
3566402
7753766
5516259
1909856
3608949
7283301
7540003
7407352
3591162
6408602
2417548
3912129
3669609
3882066
7932268
10824446
6112664
11942880
12972972
11965410
6260525
7248014
3557243
4212713
2288158
5675061
3169116
4187858
1187108
2426260
1274585
3408472
5356711
1086709
4504281
4560361
5144502
2014689
4878012
1772234
7032207
2987644
6022382
4591872
1528353
3001961
1644099
6015848
1587294
3029370
1533082
2892452
6314228
2887543
6230684
2954971
6051896
4638163
4714420
1555008
2872216
1562617
2992104
6358321
2987654
6308713
1597026
6111685
3259172
6545577
1729254
3195914
6446825
1732298
3699741
1851601
3488387
3669164
3470529
8612954
5866325
11879360
3120838
5832541
11757448
5636409
11002356
6142653
4985748
7494205
3582724
7394025
3795038
7476276
3645914
7275662
5628988
3509036
7263498
1826291
7447550
3722298
3622399
7503462
3750309
7587321
3568202
7620327
1810802
7674472
1876977
3542467
7206812
1878387
6147620
2689817
3899003
7845207
8113362
5185743
11599429
5828378
6082130
6478899
6175835
12426248
6095691
7121157
3369758
4180473
2341623
5699933
3180363
1076215
2027604
4604260
2926769
6068176
3246270
1228092
2266922
6449072
2169614
4345283
2433079
6896796
3186499
1560576
2789213
2657582
2349910
5733671
1476706
2934613
5686428
5556937
2747881
4915811
3085052
6207739
4757193
6189201
2878236
6120120
1629362
2962667
4610014
6288565
2969228
6139987
5900775
6340841
3405958
6694531
3377705
3222079
2863453
6273446
1844113
3494665
5520760
6335319
11646167
5780506
12182388
11695217
5496874
10654295
6739140
2634182
7160003
1813669
7094564
3637248
7432639
7564768
3797236
3571277
7725308
7248327
3887671
3513716
7363583
1899341
3578071
7351945
3767883
3602682
3645108
7290698
1910742
7273262
7614127
3750021
3487928
3635672
7126108
1864059
3157148
2027055
7846740
4030305
3840014
6583195
12378674
2260980
6158685
3245661
12429591
12288864
5769961
8457687
4868688
2124460
4433280
2357042
6423349
1056935
4165226
2505926
6747757
4285164
4634278
2844070
5650352
2076675
4690084
5090957
5130676
6031021
6037616
5776173
1614753
2826983
2979288
4713537
5997207
6064153
5895299
3008352
3002063
4843821
6019249
3029570
2904859
6343264
3038951
5982116
3118035
5837584
3116749
6527204
6694710
6750857
2355248
5009916
1813987
3507228
3648424
5539248
10347493
11906183
12164739
11147926
2952242
5044759
5646187
5304052
2192199
3652633
6017099
3563733
7476132
3460477
7565284
7655304
7415801
1849058
3662091
7505328
7326544
3700661
7355751
7530018
7523117
3531879
3867444
5678486
7398022
1892103
7245767
7478073
3731055
3645738
1862736
3547945
1870459
1401304
3518355
4046506
7642038
3759508
10051806
11228301
6282023
12550959
3270444
12072752
12276169
760368
3023807
4930492
4597263
6080022
4667082
1055009
2342711
5993207
3258126
4181251
1190434
4994569
1767480
3154758
1078865
2029493
4655851
2981391
3625427
6270333
5962487
6066963
3041825
3156994
4649652
1608023
3031560
1540933
5873983
6333712
3130614
6145224
6392256
5958351
2924988
3042823
4580417
1605715
3074412
6064148
1578524
6183275
4690065
1690113
3091352
1695053
6557416
5118725
1728446
3269488
3734190
1847140
7040791
5507029
8549899
6137956
11707333
12448825
11134854
10975534
5243693
6169853
2279797
7526903
1861369
3672265
7505916
7637459
7332473
3556872
7266475
3794084
7480985
5737593
7376321
5685497
1894101
3702939
5690935
7584453
3485574
7376324
3719967
7422613
1995705
3596043
1892325
1869394
3506136
7054888
940572
4500781
4055102
7787183
2018178
3810456
2549404
5940910
8651735
6110143
3237031
6086194
12829135
5538357
12745078
2063921
3635913
3241661
3332368
5041773
1764330
5001920
4438278
5970199
5150731
4500409
2285904
3267607
1773361
2358667
4167871
2471193
6662144
1735686
3069307
3024069
2931416
6178514
6220085
4466451
5980740
1547272
6016817
6088866
3125632
3035759
1502364
2919354
5970606
3009996
6107470
4587611
4683368
1611564
5954398
4821381
4662539
2978379
3193157
3065337
1740029
3296675
3470249
3300225
1668227
3254398
3583359
3588569
7231324
3335092
7918799
9257931
3120561
5645343
12058016
5828966
11581387
10641540
6526710
2774984
6968360
5624572
3721166
1921161
3613706
5906141
3449854
3713651
3693577
7303825
7639310
7439621
1874882
7460026
1973568
3634596
7551301
3486422
7393977
5854294
7312150
7580580
3807122
7353282
1900212
3558389
7270699
2703490
2454569
8099173
3996791
7812099
2336067
12308073
4884560
6152632
6491460
6059433
12319330
12469689
2637583
6108808
4117924
1225471
2286569
5076233
4516485
1073542
2354199
1248285
2796099
1865812
3207282
4119637
4691582
6413192
1078252
2056078
1057559
2343010
4192927
3649868
1792866
6117139
4640431
4630885
6070045
6047036
3169731
6044254
1606390
6267359
5907604
6018571
6175979
6213413
2946779
6390353
6045048
3088182
6070202
3092252
2964128
1715700
3240061
6725065
6376017
2536660
1572663
3467885
7356757
3478334
3606615
1864140
5855827
11634030
3166606
12046456
11372653
10859293
9149743
5085827
7682799
3519165
3685892
3769425
3660205
5922287
7236621
7121411
7564939
7652027
3742930
7410628
3867578
7250001
1901964
3524264
1868118
3545302
1973055
3752238
7363762
3870844
7486094
7646742
3696343
7235806
1861449
5833798
2853901
3865406
7759521
7641968
11712053
11257140
12483721
3281502
11791872
12540952
2642340
3301772
2591594
2044672
1064362
2266733
1186671
2492746
6157543
2038144
4617482
2713304
6318015
3248096
4695234
6440386
4205588
2388897
2468531
3519300
3398627
1621799
2913481
6109075
2992329
6065100
3258075
5998635
2830216
6056466
1563416
6087932
6177110
5873245
3219060
6125266
6185746
3097481
6265418
6152791
1597533
6245717
1571519
6414949
4988015
6548675
3239217
3316101
3648594
344255
3469004
7111887
3602663
7690540
11824129
5770763
12136430
8837840
5751656
5267596
11225799
2837375
5379866
3923188
7321753
1971557
7515168
1913053
7333917
7275874
7277969
3769238
7411872
3785597
3684199
3573992
7593484
3639788
7267921
3676463
7431973
5590300
7428651
3633658
3673019
5844808
7354249
3574086
7204131
967398
4609134
2058207
7881844
3808318
9771905
3157884
6132772
6140851
12801757
2664187
12543406
3639303
5920665
2113449
4493111
2566814
3417430
4875054
4409875
1267616
3124485
1906780
4893569
1083995
2266111
1169597
5927789
1728460
2014929
1045818
2039140
5051216
3775589
3310676
5982527
4655687
5927103
6286766
3014679
5951756
2942587
6126253
4535378
6198169
2847813
6139051
1573970
2876928
6094979
5953820
3085821
6165349
1576742
2955034
1586043
2982864
4632866
6136197
6639451
6841751
3347382
3651030
1824550
7104480
3526607
7304793
12179392
11747948
5876899
11622396
3001098
11156147
5566765
6358187
6067506
7141081
3470644
7309344
1947960
7361440
5662618
3752769
7431551
7480018
7270255
3363429
7441442
3763167
7498288
3774430
3487039
3985045
3677470
5534587
1959131
3594561
7365610
1946888
7214181
3716783
3565493
1865350
3507221
2560568
2509310
7767739
1994749
3827970
8837070
12211438
5622782
6064962
3278513
6112755
3256097
6133545
11875079
8092798
3774578
2008594
3178559
2432902
2343202
1804379
3407419
4276271
1068083
4942268
3623045
5003969
3437987
1182618
2366497
6348029
4205587
2405450
6373421
1849449
3061117
1547503
2816174
6057468
3026001
6162689
3035019
6092480
1522330
6000901
1617079
6006464
1594384
3000163
6027553
6113023
2977404
6175042
6089661
3101291
6010295
2998454
6166751
6296194
3194705
3314509
1714262
3266457
6609181
2346288
3481258
3678027
3527836
5484860
3806301
3119098
5863314
3098545
5592969
11983221
5999544
11400394
8335166
7595410
700433
3551096
2140143
3691252
5589459
7257147
3771599
7484714
3765319
3685697
5560391
7408071
3513253
3520247
1932123
7447255
1906704
7610836
5614989
3811589
7185565
5890272
1950897
3564586
3791081
7179477
5801538
7602778
3516872
7185666
3296508
1853038
7799785
8124875
9111618
6266845
11431633
6429892
12560542
3236222
11993736
6073682
6486321
1575859
4110401
4662115
3124458
5484439
1039563
4618391
4717809
5326272
2116309
4648171
1514958
5974960
4134323
2479372
6447854
3142951
3044608
5906855
6065399
3061545
3035948
4513147
6055228
1544782
6162085
4826659
6073811
2954883
6108444
1607418
5985931
3021326
6017287
6389147
3011079
2953655
4704048
5876358
6342470
6719246
3247542
3077213
6453012
2614814
6955041
7265495
8956384
6224847
5912628
12060103
5776294
11521620
2899348
10905534
2868862
2297656
5822307
7547418
3592792
7610082
1929210
3762468
7481340
7466129
3659796
7767661
1902671
7294328
3652740
7416716
1888527
7171913
3860659
7208749
1978050
3575014
7396050
7397280
7671447
3664088
7282965
3714506
6396534
978618
5401074
3681452
5966166
3936657
10171934
11790338
12506023
12287636
5869466
12383591
3116340
3371776
3677672
1070983
2108432
4947096
1797312
1043837
2093397
3788268
5315683
4468928
2235808
4791885
3527108
4606939
1062343
4768517
5338324
3283254
2927182
6041577
3031251
6200979
1603149
5940732
3039900
2881582
1589169
2971255
6273736
1544932
5982836
5954394
3180758
4682458
3001072
6115613
4731045
1643394
3048144
1537830
2879537
1544401
2966356
5958623
1641809
6220250
1729783
6631024
3376627
6608940
2053183
1871952
3529596
1889092
3589637
7324920
4054043
12128115
2980676
12142824
11893020
5730530
10946434
5548958
5864083
598886
7252191
3619527
3612778
1881721
3595657
7478949
7324220
7378090
3421102
7498844
1849178
3579750
3618006
1826125
3543499
7402284
1866660
7319268
7303033
7305239
1892092
3461729
1959491
3671878
1885513
3504337
7431723
7479182
3663231
3558509
1886192
3600208
1797883
3843138
4021354
3793865
7968438
5139494
11668713
2968643
6090385
6497934
6136256
6401951
5530546
9506200
7341357
5587382
2031637
4709841
3313260
5294232
2089707
4828715
1661134
3640723
3572609
4482830
2296704
6363133
1066832
1996070
1055197
2377603
1231629
6627290
6111924
2876951
3817315
2709290
2611649
1418142
2856678
5557026
1483772
5177714
3942487
2752109
2678903
6150359
5892512
1522101
6148521
3104535
6131543
4591395
1529566
3042815
3135562
2897084
1545457
2943219
4797544
5949360
6567427
3242871
3111072
6750527
1733566
4381799
3592602
7401193
8297392
12172334
5614835
12069156
5805430
11500516
11160632
6587626
1902488
2222414
7208140
1843458
3618330
1896414
7362295
7711535
7433687
3629506
7447161
7451531
7445004
7540220
3664663
7372167
3503360
3425851
1920762
3677439
1909746
3597316
7527721
3711674
7775785
5585977
3570901
3470905
7359642
2342428
548291
7793170
8059649
8788572
12362556
5323048
12539710
12939478
12366239
5318251
5516241
3170320
2188651
2309277
2580216
3398774
3852305
2016551
4881989
3211744
5510328
2039491
4627797
1409838
3380278
4797424
2060192
5113858
7208925
5946356
3063636
6001779
5989712
6033396
5876008
3119775
6285100
3058574
6096657
1536497
6025410
4799585
6043221
6129828
6249760
2949179
2924969
6294552
2931068
6343355
1690308
6483475
6660037
5085132
1060677
2765977
3569579
7431039
1851393
7967345
6075539
11894176
9231023
11481434
3054720
11038387
2869406
5334818
2073694
3694640
6012311
3503789
7306111
1886241
3568723
7638722
7274245
6492087
7313237
3510734
7628307
5481013
7450661
3475430
3559681
5636978
7324423
3840181
3521645
7339800
7595972
3801559
7093437
3526284
7254700
3050455
1988687
7958373
3802902
7659731
4574111
12442720
5587671
12549924
3240806
12087726
5941460
10038901
5932245
2008883
4467166
2289072
6450355
3138562
4710387
6720689
4048820
4606084
6375511
2243639
2322692
3102491
3629027
4934410
5864813
3132321
6055707
3206272
6037114
3142443
6016929
1560808
3053117
4553016
6115927
6044672
6343848
4555372
5981860
1505331
6308662
6007165
6062472
2828290
3048191
6635740
6560321
1676286
6468568
3768399
6960014
7061140
7046406
5928839
11544970
5905250
12146654
11188178
10953469
7293702
5758388
3501236
7296145
1923509
7354146
1928875
7395005
3605402
7329885
3659238
7553258
7318337
3728490
1861970
3599882
7336521
3720828
7296640
7318882
3419732
7242856
7444284
3904687
3844703
7468534
7398524
5972828
2720422
3755328
3927488
7751050
9210761
3142501
6046867
2509052
5763622
12440637
6369429
12212005
11521332
2209756
5553648
4492609
2273940
6420966
3169485
1081140
2346267
4136239
3612469
3570402
4442402
2299537
3208980
5291673
4431303
6070519
3517431
6143951
6180580
6050880
6163925
6002251
6046008
6289068
2962792
6120544
4654436
1594253
6102600
1524720
3066556
4609604
5860039
3203122
5854798
1572655
6205864
2879078
3187776
1624217
6425791
1670708
6744558
3240623
4057945
1395177
7114831
7406985
3562313
10790875
9036472
3114591
12040775
11757910
10876832
8440776
5167894
1949653
7232689
3562695
7445139
3607083
3728415
1892306
3511133
7491765
7147912
5868078
3706082
3648633
1860036
3569722
1916782
3675202
7298251
3930581
7334954
3839841
7324499
3677979
7281776
1977554
3475395
7553680
1885502
7241688
3728207
1540276
2073810
3899410
7863019
2011383
8582812
6248025
11628807
12706033
12918535
5583351
11863004
5682513
4206659
4705359
3165189
5361517
2073828
985934
2418202
2474080
3685855
4813227
1095968
4648232
4909041
1684909
4068431
4872678
1551049
3709448
1800963
3038792
4601736
3029640
4715530
1552807
6258629
1530285
2864522
1579608
5997021
4677540
3234785
2896295
3102502
3018324
1514826
6103124
6237173
6223251
5815513
6083102
2997505
6030881
1558451
2949306
6480789
6404730
3453926
3320576
5219120
1766040
2162964
5175880
1841112
7186214
7209378
2529604
3056573
11756208
3119222
5882001
11970374
5607259
5668631
2747861
5479888
7432095
6130165
7365971
7520944
7513993
7188079
7163828
3586271
7378805
5636216
7668932
3580542
7448601
3733336
7166406
3580116
3694160
5735768
7077677
3833401
7207042
3641355
7370440
3701456
7230014
3346932
1947754
1804427
7651256
3887302
7844012
2589066
12353095
2167554
6047525
3226920
12578778
3226153
11977544
6375463
7049899
2037511
4200046
4705845
2771277
5769073
3174282
1254952
2427621
6930322
2094023
2083817
4604326
2979379
5609090
4318876
2448538
6886038
1613080
2993078
1506955
2952871
1590633
2952848
5904155
3148460
6021735
1560880
6032563
2998694
6127790
6168771
3072382
1687926
5859529
6135198
2962138
2897068
6117376
1507178
6006545
5993729
3132313
6374699
3493660
3325411
1657194
6929046
2054439
5153756
3542677
7404118
5751096
6003338
5788172
5944703
5876151
3055820
5894717
11271599
3008534
10807244
5352266
5727170
2165649
7424169
1897142
3684000
1879658
7399957
5856657
7485589
3770991
7533423
1956646
3656678
1913489
3724018
7324649
1915404
7331483
1808206
7329030
3603042
3589120
5713347
7027935
3697605
7594805
2004620
7438109
1868152
3494380
1875943
3540477
1858531
2691118
2119933
4029512
7981362
6005103
4195328
12365384
11431939
12564027
6408161
5585221
9548404
5166811
818481
5981179
1075971
2034440
1132884
2314303
1199743
3049048
5468588
2066045
4818426
1491865
6303934
2112173
4500924
1164612
3090337
1763090
2609723
1079027
2024678
4789726
3370150
6931523
6157541
3057658
5911730
4756018
5906364
3020985
5987259
3246625
6143363
3186163
6063495
1583499
3070454
1568477
1562302
2869170
5974199
2996164
6221151
4619620
1567486
6086799
6216559
6364626
6735337
3378057
3130991
1758855
4172323
1487691
3502083
1841676
3493274
1836569
3498623
8137591
12287533
5806371
12108065
11486011
11255299
8834169
5293963
1935966
3666416
1843102
3421602
1865907
7306313
5794658
5752433
7319703
3586411
7696455
7667993
3716891
7392899
7796720
3661247
7258682
3634158
5692200
1848264
3516371
7347675
3722273
7607467
3770007
7230364
3556402
3623917
1578773
1971346
2045370
3840587
2017073
3794894
7765548
5438222
11692169
9743084
6214717
5985410
9355797
5962775
10922086
2611788
5220641
4589599
5721164
3051512
4106836
2524729
6088582
3038922
4104402
4785808
3403238
2833940
1075512
2016125
3558649
2393584
5739585
1629385
3019551
5916285
1612215
5992980
6185774
1510748
2941376
6065298
2980482
6223832
1598260
6161738
3051205
5987372
6247249
6383829
6102059
6179472
2968194
6108785
6024273
3289382
6580465
3364553
6596714
1761674
4582668
1022648
3478019
1844311
3495026
1887529
3568253
8059257
6028718
11920025
12398261
2968962
5725485
8678217
2777685
5469796
7382814
6100991
7512126
3640086
7549902
5761622
1962079
3554198
7343979
3632287
7732467
3728114
7347262
1853440
7531067
1980361
3678267
7515427
3668658
7721151
3506408
7587346
7464472
3739327
7478528
1882225
7232729
3569610
4298147
496872
6341571
2028900
3817800
4001039
3810951
4864320
6004391
6303990
5233190
12787644
6112776
12015995
12421869
1707316
5961104
2092844
4542618
4640312
1768089
2310691
1034757
1992132
4987787
3487280
5227355
2100876
2366358
5813477
2976426
1970808
1076941
2208038
5474621
3751967
6167206
3052560
3095258
2960123
4644219
6035700
1524372
3122447
1647312
3053272
2988560
3179333
2860020
3134415
2979493
3158727
2931109
4808945
4531491
5896547
1553231
5989023
3026646
6074417
6242730
3077031
6218698
3346773
6615305
1687061
6759675
2025260
5442254
3585537
7243031
5900258
12037618
3141448
11844377
11726292
5926274
5399787
11086965
6143395
6113342
3744775
7497501
7340837
7699986
1898969
3685003
5553735
7766060
7450586
1905369
3553316
3666168
3611151
3847043
3568640
1851612
7225784
1880991
3556200
5729008
3532534
1875596
3722888
5738194
3641174
1944186
3631884
1891967
7191453
3680700
7007116
952874
4638111
6067092
7818389
3742956
12031096
5201611
12686220
9437368
12235539
3180438
10068309
5850900
2073302
4467835
4095603
1770159
2947092
2076818
2000939
1231220
5440537
4959430
4363665
4752553
3529886
4843451
2089400
5179706
1900429
6806589
1561005
2890637
1548333
3007944
4584059
2916991
1633168
3041172
6221491
2955617
6175235
6251079
2905316
6175781
1546722
2983050
6305256
2999546
3158731
1558345
2892135
6091254
3078646
2865318
6112068
1614111
6236770
1617837
3051364
6580393
6745248
6153942
4896857
3607779
7128151
3683774
10393342
3086023
5575885
3155250
5927673
9202123
5546386
3060899
5511008
11187351
6478599
2679895
7063744
3727932
3712824
7477648
3797177
7415069
7227505
3620800
7528779
5590242
5589888
3669581
3633154
1980721
5565099
3628049
5460147
7627513
1959859
3556516
7398499
1851017
7341683
1870631
3573833
1881073
3500685
1866426
3540288
5738111
480930
4496721
6091555
7646474
2035930
10430604
11785030
12101752
3200987
12262417
5845233
10978522
918163
6011681
3204937
4563200
3291234
5275943
1074393
2174862
5493388
3614289
4451071
1062843
4638118
3369557
5092760
2011082
4888541
3309970
6794680
1563570
5882244
1284030
2956185
2677501
4528082
2812919
1434736
2484148
5508549
5180571
6046876
2947738
2983587
4533094
6080810
6195869
3147360
5965527
4854645
6052368
6299011
6225791
3152028
6687231
6645421
1719575
6619084
612361
6560214
7342137
7155902
5944994
5867593
3113764
5564127
3113687
5895791
11544035
11548694
5555037
6412217
2915100
6007702
3594551
7290955
1927942
7329052
1948410
3585544
3741647
3697983
1872042
7187821
7517070
3533000
7315476
1846627
3571193
3872861
3592320
1831381
7249374
1876300
3525442
1933210
3658657
7170243
3829118
3530858
7621436
1904995
7265226
3570062
7292889
1876634
2079512
5470610
7628789
7885617
5388038
5930419
11727708
12325100
6119051
11987339
3209733
8986184
6978512
4237072
5286577
5528466
1910079
4747409
3146215
5790675
3248783
4687631
5313575
4098880
2173036
5639669
7090014
2828273
6051388
4604561
4694917
5914129
1552606
6023141
6103495
3114167
6028977
5939397
6148950
4548145
6207947
6172727
3127620
6103033
6161835
6119593
6355659
3337928
6629088
3288687
3312924
2048638
3483353
7463111
1869667
3513618
3621611
5421314
5890795
3115066
11762733
3069588
5804792
8726329
5864331
5348272
5665354
4336023
776422
3565689
5539089
7492976
7692955
3737071
7658972
5623478
3670403
3507780
1917848
3669315
1918515
3640468
7460552
3665961
7299590
1894493
7491947
7241314
5781937
3789785
3448910
1942139
3736589
1860586
3517894
7480657
3646014
7297087
7167189
1881418
942453
1016176
7524137
2054109
7888510
4071324
5660579
9503146
5219765
12834774
12426845
11972652
2704562
5342314
5914638
1054587
4428602
4050561
5931894
4264661
2306575
6691635
2176186
4313242
2315468
6207254
2330540
4330436
1288486
6048971
5250220
6011653
6076692
6133708
3011836
5990181
3178993
6014791
6028375
2861510
6130109
5853064
3234974
2888495
1482279
3029869
1630608
2948149
6170314
3161873
6032161
3040384
5981643
6411422
6721159
6615370
3484735
4005651
7253004
7401835
3581383
4068035
6164126
11613888
5970692
12060590
2918343
11340351
8434868
6834298
2177030
1979744
3834565
3529349
1814079
3577413
1915133
3594496
7468369
7404875
3738393
7195856
1934268
3667028
1896750
3506141
5662868
7011592
1986791
7256458
5721536
3535507
7748439
3645710
7394949
3776028
7348676
3603527
1903166
3560525
5565572
7038780
1465668
3500717
2065425
3869786
2046763
7909448
10273990
6084178
5217373
3206098
6101484
12463491
3204155
11740002
3216988
7825896
1937950
5037772
1070291
2197950
5265619
1740677
4938733
2052089
4959873
6725700
4222926
2357631
5826151
3895668
4198336
2458376
6959384
3064562
1501522
6133724
3036396
6054315
3221534
5956881
6308535
2998235
6145156
1575390
6213523
2890610
6127337
6109937
3119837
5985855
4701359
6016902
3071800
6122051
1563464
6172321
1607765
3277545
1715554
3230468
5058560
6423255
1454612
6116765
3686371
3673203
3406659
1847814
3998071
3128026
5925312
11894375
12108676
5727788
10993941
11093713
5984984
2082310
7370803
1856025
3667396
3828100
3693664
5756298
7025103
7570681
7685494
1876219
3564732
7157498
1832297
7207260
3681990
7368204
1932230
3482351
5615015
7204251
7354887
7329927
3789175
7394675
7076168
7244945
1716772
3540218
2035531
3818271
7581629
2021483
9459207
6129159
11587784
6269816
12706099
9104220
12633572
1812708
5952455
2106846
2199701
5112428
3527010
4356879
2297299
5478144
4898457
3201665
2226067
2335535
2861957
1768405
2878491
1058910
1990302
4674530
3083227
6958663
1580800
6024582
4763464
1515034
2889153
1627651
2998112
5905597
3072722
6039789
3136406
5912580
3048323
6078650
4755138
3152144
2922836
4460300
6182571
1547954
6094548
1596821
2988998
1537332
3010892
1634304
6399160
3433811
3268672
1736349
3292405
5176560
1959911
1772781
1846131
7113638
7293880
2109312
12156559
11905311
11902683
5617903
11100066
5501101
7079314
6059490
7257968
3677231
7564798
3815153
7523876
1902942
3630185
3651483
3518311
1923186
3688355
7326547
3810948
7071209
2000061
3707139
7482676
7224079
3802683
7438754
4842295
7304228
3595654
7380861
1877888
7330690
1884683
6867782
1474995
2554381
3838483
5981981
7834323
2038317
5823184
11737739
12452906
6205835
6028734
12248407
6106427
3857515
3021415
2947554
3200617
4461479
2849006
5817353
2079108
2196305
1286988
2419034
6748072
4053723
1228400
5116829
3512586
2218306
1036931
1990632
4832095
3584052
6683865
2968708
6008303
4576652
5949263
2919626
6129707
3100076
6057878
6132424
6131140
6005187
5989913
1476795
6205932
3102052
6323616
2930745
5941982
1634203
6127604
1637267
6310371
1706998
3219512
6713500
6571960
4141318
7294064
3679888
7175355
3088622
5815948
3104970
5610399
12387649
5671650
11584029
10971882
5288612
5744503
6088051
3639352
7520076
3768368
7495771
5636451
3799479
7209225
3773086
3499818
1892214
3538874
7462483
7250969
1877147
7256454
7140530
3641670
3569988
7304205
7335486
3727774
7664859
7426238
3702447
7210070
1350332
1880414
3969140
7854319
11162486
5962240
11877966
6129392
12638881
5721542
12107091
5869744
4156872
4691785
2923028
5597847
1036797
4566091
6458977
4778130
4636455
2503572
6172947
1054357
4471907
1237059
2777231
7186177
2975656
6112159
1494925
6074182
3176900
5915151
3108189
2914902
1612575
2968758
6312029
2954115
6115995
6039543
3214198
2952738
6188162
2857570
6189095
3102491
6062001
3156706
6124730
6382891
3189822
6510701
3288160
6657082
2133990
5479122
7124351
3674599
9332206
3097990
5883627
5945629
5891742
6161878
11381728
5553077
10967757
6925891
2443612
7034203
1809171
3477467
5642265
7401508
3786708
3471589
7667241
3588269
7528430
5625237
3915226
7343003
3867874
7266918
7623754
7546187
7082599
3710706
7268773
3759775
7440261
1884856
7079747
1891068
6759074
498067
3594735
3927708
7919717
3836743
3714204
12294045
5093782
12648064
12986827
5526712
6254047
9098262
5899080
4106414
1082293
2313301
1207019
2874796
5687789
2041988
4746772
1292500
6520676
2108757
4486534
1159765
6391951
1180324
4143358
5025383
7199539
3107659
6061302
6026059
6303004
1580538
5941777
1596732
5964862
1561001
3035077
3087605
2906906
6351258
2901433
3135592
6194333
6010694
6236054
3035176
5945737
1558054
2942055
4807939
1572124
3140658
6503407
3335896
6875467
1679297
5722611
4855751
3449268
7263148
3086341
5961631
11773475
12122592
5548778
5553593
2846620
5236281
9603875
5630780
6798051
1813968
7427250
1895767
3588649
1913178
7356844
7442078
7172661
7726245
3615857
7297655
3414925
7589712
3718861
7322949
5621364
1941385
3647536
1950405
3554553
7499078
1902433
7334039
1892455
3634519
1898997
3517558
1844820
3515912
5994669
982949
5744368
2029017
7737216
8409704
6046070
6017485
11811718
6330051
12529716
9122432
10929406
2591493
5458455
2049362
4588458
1524427
3395913
1579848
2001994
4492454
2403488
6798343
4210521
2396250
5576256
3083508
1946710
1063906
2139464
5302483
3831867
6317386
1554541
5982204
4582669
5968278
2979879
6295144
4695620
3021995
3019603
1564196
2839530
6047101
1593975
5957738
5911033
3057913
6216113
6418457
1569641
6020409
3141017
2974329
6066413
1680081
3146563
3366065
3202399
1749191
3271003
1684016
3275727
3621061
7268101
3619447
7198403
1896771
5475180
3149264
5939600
9002449
5543229
6023949
5478642
11570682
2804716
5529727
6325758
3387586
6565699
7420065
7590553
7543612
7404248
7387165
7432096
3653962
7264687
1844424
7571462
3908365
7511076
5567563
7391575
1884823
7253793
1978052
3608407
1829686
1833426
3678948
3914542
3556879
3754880
3559920
1881159
3537571
3283955
912579
516192
2365120
7875190
3988335
3811136
9798135
11899254
6277533
6122402
12286873
3217444
7658473
3781661
4322332
2237396
5194188
5749199
1979692
4661500
1271443
6651043
4316799
2309478
5721405
2908069
4158385
2453561
2346096
1862873
3679496
6242119
6073449
3140154
2910790
1552361
6047458
1502961
2989336
3180014
5998983
1591307
5989341
1567114
6121277
4624864
1595224
3039747
1520267
2871774
6039335
3148900
3011487
6248471
1532816
6085003
3144385
6077698
6541090
6563864
3319248
6609315
451145
1522473
1836401
3487913
1868404
3542393
7223961
4630034
12255671
8980530
12062747
5519980
11143872
2815662
5352180
6227006
2842675
6960939
7365235
7410223
3804812
7431700
1946034
5532066
7329511
1924467
7284911
1915076
7195684
7817625
5436610
3839469
7255161
1929548
3711552
7154534
3838407
7522477
3726536
3520608
5598232
3716442
3551023
5594867
2583464
2504770
7934846
2006778
7711612
11263054
5892603
11800621
6290311
12474902
5729542
12320720
5792112
2130905
2015019
1058372
4730820
6544160
2033763
4507022
6090949
3044934
2058169
3402681
3634273
3399444
3972800
3169628
2418533
2689964
3614311
1822993
5780886
5868561
2742502
2824845
1466162
2928063
5870184
5280127
2802160
5394590
5973984
6257274
2786426
6122136
3060350
6046149
4592590
6386859
2977061
5880476
1590614
2980193
1587614
6078230
1602034
3093224
6953081
6458363
5366572
1666426
7385154
7150225
9451534
12170762
6006389
8996306
5475677
11443716
11337261
2976888
5410951
3783793
7213724
7523872
3797689
3791119
7360277
3644023
7161366
3911210
7358221
3887717
7362475
5779577
7665255
7615638
7398579
1956532
7443216
3802151
7214256
7830872
7277367
7367633
3181645
918046
983424
3720230
4062990
3825490
2053316
3872561
6818236
5977125
6359440
5187388
6370295
6105263
6444340
6152901
2722878
5822419
10691237
1043268
3862376
3384496
1095854
2189617
2404538
2711803
1767823
3069595
4047751
4899380
3567136
3107249
4173264
4692926
3366947
5091246
1947645
2344843
1234356
2807335
6980584
3146998
5887776
2999473
5887637
1618405
5874675
1630404
6201316
2952981
6234473
1538682
2988456
6029068
5910621
3084241
2886315
1621981
3080911
6072846
1608288
6043573
2993371
6119141
1572417
2865066
4773786
3266302
6722580
1749077
3270703
1764004
3312336
1781659
1282547
6263750
1781776
7206543
5664693
11693001
11813960
11777420
2921047
11397026
11291683
6505013
2781261
6723898
3658288
7326691
7501146
1985798
3649638
7309180
7534432
3883465
3583180
7439131
3626807
7361924
3627309
3625427
7477131
7126584
3815814
7288708
1922895
7270010
3781449
3719378
5668757
7059121
3727176
3497862
2051466
1449454
7891216
6012905
8348469
12736285
11792801
12565689
6433485
5552725
3207382
5996230
7103648
3233738
4704813
5214727
4505404
4679186
6629700
4136518
2144877
5039584
1761523
5145748
2069418
4760704
1721360
6971546
4559385
6127408
2947368
6060412
6124696
3094982
5976553
2932781
3203622
1389800
6162602
6114395
2838499
3118654
1531012
2876481
6110503
3033710
6311756
1546717
2963833
6256027
3149843
2778463
4827517
6286374
6700937
6677170
3617296
1847331
3499194
5620024
3576867
3689112
4274152
9370721
11733313
12120918
5671782
5608466
5562646
5378809
6811388
2540386
3151250
3038618
1902667
3516421
5700213
3672423
3762832
3648356
1930749
3532124
7522241
3518513
7534476
5634595
7468669
3767940
3663817
1977025
3594547
7292096
3720528
7369503
3809726
7371126
5685636
7337185
3864277
3702547
7509209
7312653
1697690
3215448
2042226
7863809
2017074
3804078
10087958
6057158
11454120
3241622
6157699
6506572
6195078
2643545
6150335
9527560
1943504
3891267
2137248
1053600
2026787
3614538
6134121
2450636
4163287
5390921
6004771
3228715
4734021
6430415
4049328
1260197
5541441
6903618
2972921
5859919
3091492
5986375
4628152
6013206
4613026
2927659
2980091
3146152
2857213
1634513
6173190
1541660
3011319
1671449
6074093
6206965
3052679
2931291
4737135
5778495
6247536
3002677
3086046
6669405
6727263
3199870
6593341
752933
3050415
1862471
3510839
1856846
3496992
7149980
5834662
11760463
6144494
11542160
5987703
10892554
2559085
5029941
3741992
1816395
7540171
3431111
7493611
3410183
3643588
5704544
1924934
3704257
7377276
3911873
7559319
1931663
7418976
5859252
7505319
1950124
7293234
1849711
3718754
7537705
3652627
7342020
7790879
7361527
7295518
6532577
903029
1061431
2039232
3880976
5995281
7848106
1968677
5997518
3165668
5870329
12085723
12636171
6427806
5520856
12046752
938801
6077992
1999076
4477384
2310161
3265031
5218039
4546697
2381219
6587442
4064234
4582504
6465330
3958511
2482460
2373527
1717086
3638736
1743437
6013399
1572425
3019268
3127851
2862745
1539572
3094354
5995321
6192607
3053951
6304015
1578589
2916054
4817997
5941405
3080169
2903002
3086608
3130921
6035126
6141747
6010611
1589063
3054880
6032702
3286746
6406574
3254471
6550408
6703914
3977851
5493791
5545290
7155285
6062446
11913716
3103684
12036831
2903418
11405245
11158573
7098908
5973444
7233732
7440082
3576802
7577767
7127371
7405081
7660931
3779847
7128908
1847644
7450040
3954890
3667477
1858381
3627009
7119536
3803508
7594012
1909877
7549927
7323322
7430022
3713064
3558544
7355863
1535337
3499862
7984969
7605905
3714349
5709913
9511425
11800545
12599127
6454312
5533712
12414682
1935325
6022127
1055180
2033217
3612531
1208860
3364147
5105857
4598031
2430553
6631094
4512821
1166079
6325831
4305015
1043032
2424502
2523158
3629979
5162100
2868203
1527280
2907685
1614223
2970262
5977610
3090492
6012573
1595090
5971603
6418201
2938851
6245517
3095716
2872447
4733935
1526244
2961763
6224909
2916956
6142813
6026896
3015161
6084233
1547907
6250151
6749685
3321996
6603569
3849386
3361407
7160073
1856477
7176627
5068320
12109477
5717738
12153904
2957453
11544519
5505032
10359877
6048579
2245922
7526570
1917088
3692645
7556271
7457863
3708312
3618727
7331252
1943429
7454651
1859512
3655229
7124943
3828272
3613749
3547680
3679874
3580663
1816441
3508490
7795164
3615211
7622768
7474564
1948137
3708417
7416787
3514311
7188410
2381459
3022794
7839066
7965550
3931603
12331523
2557363
5758239
12722985
12502184
5708205
5954425
3196613
6405469
1924566
2095531
1064071
4449996
1207245
2857654
1771643
2931228
4113456
2496161
6251357
2841941
4248796
2414856
5835104
4882911
4627212
2409922
5533877
6336135
3020229
3125976
4601654
1521232
3030751
5922857
3091954
6014879
1543848
6129098
6238804
3133832
5984552
3179031
6097455
1594570
6001024
2882673
6315598
6195194
3047698
6321092
6334117
3334377
3256622
1717050
3200217
6585020
1205994
6449273
3637404
7152126
3708898
11757002
11930626
6001125
5659295
8853069
10994666
8415380
5682924
1032371
6514146
7013922
1950044
3755559
1975623
3531247
7397721
3759521
7513766
7438027
3471353
3612779
5663486
3630573
1917897
3504421
3894695
3578884
1858705
3585843
7438982
7455905
7492248
3754753
7392207
3693948
7202310
4425480
485106
922539
1182084
3870996
2062072
3850792
7878531
10419746
6272054
11128684
9626817
12588088
5722285
5945847
3244961
3174328
1306019
3750163
4178956
4717360
2852085
3249493
2291409
1038464
4482567
1265291
6818493
1056844
2014085
2153787
2308763
1159857
2827189
4739109
1985061
3424703
5534623
3672838
3020725
4628839
2985170
1627379
3024982
6324211
3079282
6142150
4751578
4632608
1629774
5979414
4845766
1501240
5978034
1605951
2972993
3045229
6277779
3044174
6105375
2989983
5932177
6283217
6228613
6330329
6480135
3361466
6144993
4318121
7267618
7208085
1870114
11322395
3137279
11757543
5646321
11568627
8603021
10922711
4251663
3574604
6419269
5619933
7343487
7658209
3585635
7585822
3624554
7428573
1906821
7113685
3862190
7215349
5749243
1909307
3552422
7446842
3528418
7514192
1859294
7296898
3541106
7456095
7603821
3650790
3516365
5569753
3215124
1867049
7802916
1954458
1810515
7975807
5381308
5832972
11860529
12625288
12619542
12493573
4506377
6141522
1062278
2038224
1074679
2260840
2382638
3127016
1760538
2607559
4219517
2487912
6535161
4629820
4566020
2704596
1061149
2034789
3695356
6606634
3255927
2921724
1522176
6048237
1581345
2896935
6204293
2811100
6163170
2957391
2827671
3209248
3025445
1567509
2978540
1602404
6103776
1546981
3025826
6136277
6050662
2934650
6014813
1570084
6110417
2924182
7664656
6116197
6890236
6727648
3270897
2866679
230173
6012847
7369873
3623972
3409378
8498297
12038441
11742586
11459519
13790777
8176938
5518238
3589139
7270488
1880988
7338315
3755403
7407618
7671107
3357683
7623268
7352338
7351649
7600634
3742772
7471712
1875455
7360587
1859595
1950085
3557037
1806488
7287448
7476679
3671972
7265140
3563748
7095547
1889030
2565907
4823285
2049563
7802151
6002940
4996189
5844718
3209096
5055633
12425980
6332489
12088188
3271267
12079042
2081581
5953561
1066073
2050997
1220057
2319618
2889298
3409039
3456487
2001526
4981927
3523954
5128016
2145407
4614703
1716962
3385052
3399571
1056528
2193271
3769000
7062903
1636398
2964565
4684484
1584137
2979951
4560709
1637620
2974548
1511389
6071851
1537007
2923468
3052978
3045741
1596986
6078566
1648191
2956372
3104649
3025409
1653908
2971891
6144623
6115843
6249189
2935090
6118971
1586420
5996181
3225913
6527699
1731149
3278169
1714721
3199779
1702652
3217169
3685954
7382550
7230160
3662272
11017992
3117655
5579444
11925084
5895603
11628952
8320916
5567520
1356189
3732848
5857091
7314595
3791394
3595128
1783661
7520508
1854517
7487078
3666213
7613141
1889114
3512112
1895292
7250205
5606357
5748173
7288275
3676362
3688123
1984574
3801903
1866325
7262302
5653435
7592396
7315354
3671530
7107673
5195527
3451240
7822638
7886396
9869686
3206190
11637293
12775800
6167012
12054936
9532574
3492855
3139551
1927067
2035406
1054297
2020656
4683854
3379410
5155468
3317328
2525727
6663234
3243958
4606063
5767802
4796102
4480198
7944079
5794649
5583588
3929101
5891155
2843917
5788547
4196954
1405560
2625006
5478027
6118180
2928166
6026645
1616430
3081319
6122328
6014891
6036862
6015342
6337289
3092350
6073593
4977434
6704387
4913527
6723006
972158
6601641
5489103
3691140
3488965
1908364
5755250
11862990
6185986
11998531
2915778
11428248
8488113
2841907
3260313
1204334
3764818
5802071
3618517
7359620
5625534
7428298
5568811
3786945
3525161
5629766
3584897
7680459
7245740
1939022
3830313
5614715
7139153
7329947
7507301
3614240
7457254
3587936
7422823
7269405
3736420
3543374
5677196
908534
6079646
3926519
3925777
1987491
3838914
10461229
6450569
11386022
6419093
3211042
11957266
11949665
7317525
5681890
2073496
2188336
1193566
2351459
5305055
4078397
1046750
4911066
6649276
2154792
2189985
2406982
2422094
1766757
3403685
2095610
1993716
5058424
7239355
2981941
2891796
4781693
5992227
4631407
5985077
1592297
2945290
1577840
2951851
4731182
2956778
1463499
2958535
6307914
2952290
6208915
1484686
6115387
2895208
6124440
6275048
5967476
4639485
6329588
3319792
6426739
6867310
3365864
3802461
1846589
7233153
3755696
3427128
10317367
11533355
12239977
5743193
11452426
5353087
5132957
2847510
2988112
5485708
3904029
3630390
3470314
3725629
1910045
3649645
7657444
3535709
7423730
1841540
7382382
5694489
7434209
7050173
5746424
7273972
7567452
7304031
3830653
7262191
7180316
7595167
3796857
3587045
1865074
3524814
6530423
928333
1329030
6154921
3886912
6100841
9264398
3135373
11393501
3193999
12544536
3245287
6135374
3141739
5612006
3180969
6037403
6276205
3056245
4039780
4822065
6434133
4016927
1248585
2420319
6724777
4288267
2275009
5217867
3347284
4386367
2210318
2450081
5064041
3398226
1655423
2917766
1568326
3000224
6143996
3014950
6147522
1436569
3042723
6250329
6113802
3104183
6274334
6029129
6303777
2968550
6239139
1508868
2872375
1621165
3082111
4604495
5844728
1579845
5937929
6456569
3277434
6546467
6751193
3051420
4405298
1844555
3502194
7298402
9293106
3124090
5766117
12064655
12003136
11187383
5637829
5379165
2803019
2316616
5635866
3855715
7049080
7517313
3709255
7483212
3719006
5755148
3670066
5598301
1895105
3603994
3681080
3591083
7838985
3640315
7552854
7613880
7406302
7389915
3696880
3685312
7438518
1907298
7325735
6734298
907663
5185001
8034633
3966806
9012613
3117513
6093742
11086269
3211439
12444545
9136895
6464287
5922869
2780148
1977988
5042771
4022410
2358107
5701637
1764998
4507780
1057891
4845862
6743802
1895544
4403986
3910254
3518418
4390228
4636456
2738842
7073537
6095405
3059233
5971013
6187895
6080965
3167336
5988114
4848152
1563379
2877487
6049613
2944371
6053902
4509584
3208712
2963686
1529303
2906177
6128713
6198544
3170861
6041985
1632643
3050405
1557009
3204976
1708742
3253364
6604753
3398213
3776391
1838521
7158862
1848633
3512856
1855139
3531123
2716336
5875283
11779673
12234849
5751248
11285899
10890884
4146179
2470125
2140873
2097470
7536349
3454588
7473907
5851016
3726993
3393885
1888544
3577537
7160179
1911629
7341493
7653264
3661543
3628256
7556865
1843954
7487591
1868008
7417574
3664665
7388967
5658909
3593730
7575058
7386628
7392777
4567634
4406962
7991219
3904432
3761096
2054678
11725833
3229917
5205803
6342603
12405508
6388409
5750452
5920635
3217144
4819598
6090305
2124820
4456428
5604316
3313223
4058640
1152726
2422987
6377801
4730324
4616063
6115420
2409258
4229304
1290212
2388963
7104411
4670231
5917125
6114229
6145473
6076711
4578408
1601484
6249529
4680410
3136988
2912686
3068056
3020232
1621913
2897311
1527374
3116072
5995699
6355901
3068077
2976562
4691982
3020595
3034616
6268990
6660194
3215420
6584509
1754511
3777351
1832438
3472314
5492730
7132164
1861430
5654291
6165515
5615388
12396739
5720750
11465381
11345803
7504148
3935764
2008021
7493743
7244747
7336661
7451448
3736955
7244783
1849036
3627932
5715023
1838688
3574653
7236032
3696751
7629905
3609604
7353156
7423582
3874315
3558169
5792430
7362069
1976807
1760980
7385633
7286400
6981203
949561
4752893
3867642
7858015
5997068
6016501
6095743
11607239
6331677
12621803
3278100
5619064
3216903
6109211
4080251
2642726
2181733
2278887
4301056
2365284
6232343
3529223
2043713
2307840
6075502
3154653
4154963
1235665
2225245
6135989
3555367
2091985
2383583
1236571
2856754
6962263
3001679
6173733
6102197
3209950
5897970
3124075
2942525
4581482
5987696
1577162
6034755
1607253
2939728
1542656
2978270
1629831
2974985
5989632
1610861
5972546
6428695
2878829
3025068
4674028
1630117
2907390
6246057
1723288
6658284
6727829
3342100
2315947
219733
6377130
1836285
3498052
7318049
10386268
5896002
5785818
3096380
5876559
8895631
5552545
5809303
5282955
5631901
4299333
917765
3469710
6206872
3617522
7519295
3628573
7634660
1971467
7424117
7261787
3783603
1878516
1892545
3658572
7275122
3695440
7562366
7665810
3602590
7474160
1919081
3633067
7505482
7469529
3804257
7293826
7032876
7043340
1832296
7710393
3855234
7963342
4454493
12493978
5518082
5784888
9674646
12097299
12744243
6925082
5374446
2075346
4644547
3054451
5335641
1036502
2068483
5327343
3598864
4607875
2141137
4897965
1777706
1614603
4677499
3484474
5965471
6538051
5994423
6290615
5976692
1595488
2881445
4817901
2953072
1606537
2974441
4847862
2961977
1522276
2998662
1625418
2909451
6099430
3139755
6068985
6096454
3029363
6228869
1557097
2986652
6252791
3054541
3031243
3229517
3294384
6895414
3299787
6686407
471347
5480088
7322312
7302125
4945251
5590466
6153867
5599554
3162712
5893569
11776409
5675009
11031245
2828766
6524291
5911692
3691071
7186728
1924106
7238335
1960311
3619311
1864875
3628678
1922685
3486133
7300249
3813504
7352198
7327557
3710071
3715998
1878199
7281846
3805553
7483228
3883233
7384851
1919592
3565134
7549882
7369039
7289716
7355188
1553327
1875251
5802701
8031838
7913899
5925874
11707170
6093798
12602104
6460467
12123073
8959726
6110826
2090381
4232102
5222851
5766010
2037660
4661821
1273843
3509366
1933964
2194534
2112628
2188766
3526658
6341257
4220449
4945024
3633609
6543725
2853856
6105666
1617548
6061501
3167936
4636338
1556670
2982172
3301744
3029056
1468858
6110212
1511355
2897411
1599701
3085040
6086581
3102316
6018630
4735567
3020356
2834923
6239748
5986379
3252774
6509254
3419481
3283658
3355351
3205515
1717037
3688417
3660206
3477020
3765870
3559001
1890317
3659550
9291124
11567071
6115548
11836392
2934671
5675693
5483523
5360235
2503166
6440360
6140440
1911137
3480058
1822221
3588328
7326445
7572398
3673045
7247666
7485438
3660594
7248418
5604096
3711207
3670107
2000927
3679364
5804597
7168509
7605607
3664116
7526534
5511607
7293316
3752961
7430135
1882762
5382780
1918100
2983150
2036981
3846890
2018038
7739716
4053434
11739186
11727705
6476363
12760502
5836097
12588939
5151143
3962985
4348192
4645217
1200583
3381491
1779116
2344045
4310402
2530749
6655614
1176990
4111574
2372840
5675409
3054514
4079897
3734308
6824273
1651886
6144946
6161172
2984312
6095113
1589840
2828783
4702413
1532083
2903228
6079408
6263823
2953520
5931200
1584815
6103706
3033044
6011740
1604646
2986642
6152003
2965455
6274766
6015142
1635527
6385990
6723980
3321823
3102698
1693282
3260747
455195
1545745
7083762
3765359
7223774
4940643
12052514
2837584
12002219
11746876
5613191
10919320
2831645
3500663
5769098
3401141
7494534
3621416
7337832
7650836
7295900
3605529
7336210
7495801
3659275
3748680
7735819
5628746
3900662
7370349
7663007
3646185
7432006
1957479
3592183
7685182
3689944
7207125
7325972
959013
4496242
2072203
7804654
7923681
5697272
6234507
8644197
3168831
6126540
6436268
6161438
3293347
12000670
6327370
1972818
3875030
2382872
1078574
2035818
4760428
6377068
4186264
2380986
5810763
5422745
4514250
2106738
6460912
2001027
4457121
4120459
3802168
6364321
6201070
3068006
6114917
1611081
2886060
5979658
6197412
6226048
2920944
2938354
6181662
2886306
6229686
6345705
2986774
6027468
6305528
6040787
1565494
3022220
5959594
3214633
6644772
1725921
6613968
5436717
5362738
3640919
7328784
8638217
6047863
11807662
3122323
5759326
8950297
2993684
5707866
10908887
4994356
6116997
2228734
3504301
7305235
3609637
7483706
1963957
7306728
1897943
3576691
1872286
3606272
1909799
7407156
1843191
3574703
1989079
3546142
7571368
3728108
7514095
1901338
7212193
3878774
7224212
7716023
3627040
7672536
1886611
3533272
7162380
3645796
4128148
1081191
7862469
4073117
7773620
1954337
12302822
11503871
5962905
12577496
3298153
11834897
3245798
3889002
6061413
4160566
4696530
5060863
1504340
2031377
4319394
2473944
6758500
4275448
2414131
5575960
3042281
4131319
3726645
6521433
6024517
1522948
4910320
5497131
2861863
2859107
5408282
5500921
5187281
6037139
1533001
6372289
1571368
3115525
1545448
2811246
3262394
3001584
4704073
3073783
3181575
2904633
1569708
2972445
3095897
2981303
6453595
3147511
6713441
3261252
1532473
5054489
4138847
7387804
3669849
3472321
1848065
3659250
11972743
5765826
12262694
3086659
5596288
2961272
5636365
10857560
5134176
6206721
1877179
7436267
3707690
7338260
3824721
7579482
1847830
3603772
3654693
7319573
5734447
7690964
7252251
3793338
3704649
1890421
3621878
7328405
3665346
7494244
1819784
7363849
1915331
3568483
1929805
3712977
1914682
3549857
7273339
3663275
5401932
1455279
3847613
3671823
7855780
3797736
10741925
11234509
12577767
6170024
11709456
8948469
7457740
5827596
4421610
2175204
6368977
2331890
4196641
1288395
5998328
1934280
2184606
4272778
5177942
3451628
4345615
2153973
5497180
3802165
6130524
1531846
2906231
3119271
2808987
6182524
1552705
5745572
3075053
3064413
6209127
5950314
5964434
1551604
2916931
1570320
3054828
1563774
2869586
6117195
3053083
6020957
3172333
2973753
6221061
2974774
6135168
3296690
6686416
1705977
3204024
6751384
3685752
7140478
3524758
7135689
5216033
11971180
2817792
5844772
11744402
2914834
11206714
2773966
5411699
6166966
5725627
7362685
3580274
7491140
1916963
3631492
3969967
3596804
3741590
3579765
5533161
7606721
7308796
3660350
3508316
1914966
3617206
5604012
7575062
7347072
3743148
7518041
5744645
7365633
1897467
7154714
7362969
2476483
2447862
3920948
4032345
7814095
9802753
11717181
6277754
12500126
11955989
6313520
8932353
2178948
3709863
3487149
3296707
4872728
3469376
4627274
4656473
2744317
6216086
4350581
5085809
3501990
2383471
4359781
2421445
6777995
6302402
2831277
6167297
4564286
3050952
1616222
2875610
6254372
3001912
6296953
6079115
5960260
6058923
3196251
2891314
6232083
2903817
6062543
6186352
3041416
2996427
1555130
6047543
1667057
3100683
5178070
3276521
1691732
3254955
3351276
3226977
514622
5108959
1859079
3518038
1878195
3570197
8391604
6218066
11799294
12470242
11299997
11009686
5691488
3335171
5820958
3509624
5514002
3615722
3488496
1909561
3615915
7451925
7335732
7364215
3666400
7476180
3685097
3620348
1838115
3526032
1904574
3676741
7230745
7523152
3825678
7578764
3761703
7638948
7458804
3738393
7243610
1857792
3505979
1863112
3513222
1526346
897473
4429184
2057303
7738569
5970002
10216124
3244930
11262990
3232089
6180431
3207246
6102519
3277298
5627246
12515237
2034761
6054152
2102950
4403908
3630863
1776846
3354811
4279373
4731033
6830074
2067844
4353385
2236623
2980474
4628161
3940598
5081534
3772956
3341821
3204324
2848473
6212275
2915032
6055207
6108391
3119152
2806921
6184709
3010587
6086127
6070297
5803971
6130385
5848559
6199159
2936482
6123090
4712822
3302819
3125406
1723382
3232599
1694842
3225756
6580449
3999890
4997260
3517190
7137809
3534001
10712104
5638090
11953467
11752511
5845090
10877362
5663665
6507589
6213069
3748497
7161153
7531579
3656942
7300150
1935237
7429061
5639628
7208937
3727569
7335448
1890905
3792679
7646117
7434626
3614841
7481787
7338833
7253404
7500293
7475543
7248590
7092030
1996788
3339800
3863891
2031971
1809638
6016750
2036249
10452892
11952346
6066988
12816165
12350855
6318813
8526605
1728605
3426810
3232422
4546884
2582549
6109521
4159160
5380037
6043359
4112504
2351073
6075117
4621626
4513116
1247280
3301450
5328511
5873926
1544018
2967949
1590201
2971317
4770909
3053865
1455051
3026111
4649441
2911739
1557173
2996934
1618958
2975207
6065680
2993087
6110391
1633557
5962260
6130999
2849456
6293813
5984094
6202305
2953025
6308004
1686923
6706893
1769775
3307136
6897163
4141226
7119349
3556103
7288669
2797759
5786049
6156772
5560639
3066330
5832062
11907969
5692948
11004699
5267442
6211250
2160284
7633021
1808882
3549936
1917254
3576504
5706615
3642734
1913224
7473313
1807328
3469860
1911556
7611614
3695964
7270254
1942832
3662656
7820085
3573818
7417776
1847357
3650972
5747014
5518489
7161060
3618993
7549138
1919554
7332318
4510637
972189
7351078
8002816
8528290
6036718
5966353
2218436
6113648
6450036
6086633
3223574
6108913
11866687
6264185
6200027
2872583
4115010
4622560
3406983
5115446
3379975
2514566
3020775
5882739
2039688
4573297
2993717
5569789
1061160
2046932
1283854
2394784
1335117
3637400
6515159
2983392
6121893
2916840
6322026
4518612
6221906
2957183
2838919
1611110
3000639
1582826
2964353
6161624
6159081
6117055
3072958
3146252
4595575
6326860
2885436
6106660
3078795
2902447
1619174
3122676
4890611
6414475
6709875
3396756
3713712
3620293
7193468
1855369
3503991
10189920
5888791
11808998
5858967
11634023
3033351
11032300
2836661
7045252
3971549
5846630
1871302
7219158
1901212
7562303
7332924
3765243
3765031
5567953
1926390
3722454
1938299
3601622
7465682
3740232
7332484
3672823
7419011
3492294
7531961
5629570
3753183
3615787
7444807
1960266
3604641
1921536
3613101
1889393
3555743
7281784
1198384
2085451
6102009
4079571
3868312
2040492
3868537
5219097
5996227
8622070
12468919
12843170
5751850
12455937
3373012
6219043
4154114
4770994
6486070
1983811
4480031
4452099
1898526
2801709
2126064
2094124
2416102
5813461
1790369
2076268
2077298
2235684
1249461
2454234
7281730
5812771
1539786
6063979
4520945
6019055
1494664
2974339
1620008
6013028
1603285
4717787
3019951
2999591
3160643
6270139
2961348
2985273
4761035
5823623
3251952
5988768
6225390
3077579
6260830
1630242
3217176
1698065
3206402
3410752
3212371
1694608
3221981
3656299
3595768
7248116
1864202
7218137
3120187
5842519
3098346
5617083
3127165
5881747
11745744
11506255
5487976
9171845
1181268
3815011
5967645
7226491
3735941
7380361
2014448
3698383
5504531
3755652
3492101
1835167
3600593
3826594
3554144
3823067
3688253
3674488
3565585
7645898
3576882
7394854
1878918
7653812
7318075
3543058
7306184
7631499
3737998
7227480
1887657
3548288
1722109
920608
2744863
7607104
2000988
7718389
7748350
6090806
5352288
6072114
12845922
6153052
11995443
10920050
2666524
5696972
1957869
2160050
1195339
2327428
1795159
5635519
1058016
2032998
1284822
2418545
6825948
2085347
4424142
5407281
5496508
1947812
4751376
3271244
6928695
2983242
6020665
3093134
6001704
1591889
5883361
3052133
2833111
1534245
2911420
6164240
2974002
6224035
5976892
3157906
6017632
6202572
2917374
1333524
4752442
6093320
6235287
6131790
3281579
6733736
1763564
3324818
6600779
3774214
7406833
3601385
7153606
11505511
11857989
12093696
11449928
11073537
5407422
6174129
6275810
3677924
7262861
7498489
7466591
7443352
3498796
7430595
1980049
7488114
1978957
7239757
1924853
7407007
1818099
3592507
1928318
7115174
1923452
3651482
5673388
3685074
3651896
7701425
3573899
7312691
3650065
3556938
3419753
2084279
3877590
8038153
9033913
6109133
11484581
6395402
12479437
6400565
11708696
6630911
6327777
2035465
2098787
1228286
2320034
6494650
2214356
4401646
2517412
6804456
4207165
4658204
6486622
2038612
1952164
4848002
6939944
6156444
3009744
6188548
2784996
2935775
1632789
1441364
4595887
6327630
6018450
3012864
6020036
6151375
2944185
6102225
4727771
3036367
1497182
2911916
3191825
3054289
6093792
6243669
3041131
6372591
3361288
6738672
1722734
6737216
4117911
3669159
7137768
3674457
8076617
3079476
11704435
3126894
5891829
12062178
5572853
5645585
8413484
7465117
3880537
5916945
1956566
3529684
1858134
3600713
7347339
7477318
1792393
5768364
3754486
3625195
3850655
3614681
7490822
7170542
3786621
7337923
3603985
7388237
7294238
7298645
3937062
3596563
7712128
1901802
3578501
5644249
3690309
3513774
1868485
2108815
2726375
3993698
7884784
2039920
8465187
12544877
5090281
12506644
6336715
12157181
3268725
10702925
6443675
2132423
2071139
1144494
2325674
6014969
4842761
2146907
5245254
1867502
3296542
4316652
2205605
5572791
3170359
1952061
2084602
2304545
1243286
2674305
3780678
3270215
1636658
2908310
6120636
3142257
6019609
5957256
3056807
6075595
1592800
6270485
2861294
6053556
1517865
2874027
6296850
6133542
1504892
2936806
6304752
2910515
6051735
1571350
2965715
1501364
3013418
3217104
3143929
1721163
3284944
6703333
1742358
5056575
2134570
7176875
7399697
8735581
12199339
5640819
5712498
3133466
11522992
5927783
5241213
10451338
2314557
5959018
1983860
3573615
3610762
3609976
1906757
3710993
5922281
3705018
1888058
3627197
7630765
3683118
7760462
3719020
7155950
1835420
7488019
7647556
7213016
3775541
7501381
1818642
3583746
1990802
3615464
1808690
3624589
7351912
1897320
7197170
3718752
5072159
484201
992603
8095603
3938544
3701776
2011630
3811877
11989196
11627216
6329462
12604374
5954821
12591528
5073047
6112422
4245060
5017954
6048127
2048211
4608912
4831862
3150607
1975397
1084196
2151205
4969172
3458877
4566495
4726406
2941372
3629120
3327832
4114568
5722936
4918800
1456651
2959888
4405105
1456200
2530608
2834430
2579486
2780220
2648971
6168603
5951782
1531842
6022565
1654034
5989042
1633379
6011389
4744237
6204054
1568774
4633621
6191796
3210899
6289084
1734345
3292761
6816758
1742413
3317281
3915376
3500387
7298459
1883191
8025410
12304851
11457350
6011301
11697582
3031198
10989811
2804795
4159006
1000701
3384296
1894765
2253097
7465771
1893316
7433354
5700783
1948204
3561054
5577177
3567452
1826100
3521760
1884617
3665413
7159893
7458363
7776061
3434798
7155800
3622231
7358458
3776163
7547642
5843558
3788191
7405796
5528530
3686392
2678944
1421722
6727544
7922088
3945400
10031243
11848017
5854150
12318082
6446916
12099165
9749095
3152774
5262502
4547370
5672551
5188409
4563104
6119788
4955025
3396701
1192432
2224140
1775747
5692018
1040623
2005632
1259283
2396201
6741700
3273765
2871720
6016956
6110216
1598565
6334379
4695752
6125737
2971077
3032977
6108827
3034203
6020169
1612542
6238452
1515003
6202870
4514440
1595542
3071871
5982884
3138459
3044723
6066025
2932127
6456251
6388102
6530027
3830643
5392695
7264036
1892467
3447963
9636480
11904500
12274019
11532912
11351658
5612309
7211919
1954287
5949465
3743736
7373104
7530158
7812836
7232773
3609967
7579778
3835492
7322826
7310826
3818287
7205636
7415826
7279858
7329899
5525943
2003337
3640122
7733849
3699259
7360787
3689764
3500095
3721533
1412360
497280
5326333
4046545
3817314
6029711
2032778
5044034
11845602
12323184
6252122
12332005
12068825
7780999
3874237
4284816
4440675
6138895
4393599
4628944
2564455
3640156
3735784
1070016
2126812
3429289
6515761
4140525
4712611
7005052
3178120
5999473
6280900
6129580
2847452
6216781
1582634
3034736
1552147
3013361
6204315
6145679
3119355
2963772
6357662
6256278
2943533
2875870
6378754
6058340
6035519
4700563
6282047
6724238
3467776
2971002
219789
5852188
3690719
7154908
3507924
11183458
8829059
12304451
11658964
10963180
10217666
6269072
5934382
5456855
7306708
7626915
7425372
3639668
7317992
5787049
1888645
3556680
1938159
3712661
7382391
3703946
7593093
3440588
7270060
1938083
7312486
3669135
7430707
5753459
7565054
7256845
3703265
3535361
3804665
5356664
3861278
3723811
5987066
3725556
3105880
6002597
8589908
6014016
6480850
12564126
3260013
12026890
5691520
2022089
1716360
3525043
1083891
2047185
4538254
1203265
6406109
4188057
4822762
6717263
4100456
4650817
5029168
1533617
4105863
3716115
1262622
7179507
4760940
4531027
3175628
5945815
1655150
3060084
4532159
6042183
1558219
2933188
3234234
2968098
4597491
6050582
6084520
3187752
6014264
3009876
3003191
1556412
3023824
5966194
3147024
6167541
2937096
6331469
1654602
3302476
3178690
5029895
6909521
589496
7001778
7503763
7462699
6246745
5981991
11853817
6048187
11538995
8190456
11224487
6046357
2148927
1910286
5894144
7187290
3845471
3674006
1923662
3665367
7214219
1977383
7275961
1922769
3739928
5567030
7305920
7456538
7544670
3718480
3601001
7303140
7543218
3486356
7439171
1910639
7446371
7522408
3418422
3713638
6933812
1797129
7292523
3916345
8001006
2057372
11711721
4909475
12435192
3259104
12499596
9063358
6335325
4820781
4421867
1091197
2215432
1202838
2306962
6542333
2793385
2263757
2409250
6746941
4395201
4682196
2892324
5656579
1925422
2287476
2500649
4957711
6773966
2684867
6117043
3006996
6051843
1608435
6014252
1606911
2897504
1583260
2977695
4738779
6098177
3097986
2946692
4712204
6023560
3179005
6134538
3050880
3027234
6064432
1577102
2959500
4722844
5949340
3170624
6696777
1732758
6724144
1746214
3872180
3561691
7425310
1849568
7346923
11825370
11756433
12158343
11262183
8385975
5695288
3925411
1055327
3627915
1667045
2347742
7278578
7565361
3763529
3623693
1954488
3597124
1845435
3556910
7235863
1868616
7336230
5567594
7347391
7565454
3728986
7376540
7304840
3751580
7346597
3604197
7312126
3766263
7409772
1895610
3541143
5535941
1910765
3590872
2655867
2633351
7918398
3854339
7807352
12590400
2748969
5720010
3181845
12466244
12311365
12428773
3364858
6381887
4130794
2356419
5600098
1764435
2477207
1057293
4483262
1248717
6657876
4534205
1084124
2389809
5829990
2943012
1974130
3408045
2390430
5030097
5124359
3070969
6098009
3043590
5977759
1613937
2927576
4749686
6142077
2929173
6364994
6235899
2782761
6050176
1634683
2941131
1492849
3002578
1582633
2875967
6027957
6223383
3028123
6080099
4743642
6556742
6613575
6525190
1763572
3314181
1282889
609454
1847271
3493897
7143401
7409955
5853875
12077558
5863050
11646804
5937026
11251456
8294877
5325140
5972666
1887316
7099785
3537395
7535463
7472304
7438356
3656451
7415908
1901814
3508469
1895631
3519793
7441856
3666905
9186313
3339744
3485922
3891729
3702397
7399596
3638634
3646941
1865054
3764286
7484796
7345334
3763479
3551548
3085484
526200
3623031
7867840
2020601
7738691
12019604
11612437
6449439
6082784
12174272
6309630
10410814
6524489
4133557
4744920
6530587
4044964
2390932
5800548
4461023
4152658
2355778
6121175
1547678
2028386
3300042
2415802
4804062
5322951
6138590
6214964
1501794
2906351
4815906
2865376
6224793
6083887
6181038
3023982
3010695
6005907
6235497
2905381
2969885
6164266
2914480
6163489
1520479
2915049
6216910
6303815
3029569
6695609
6569307
4993298
3449293
438727
5300247
7272695
1883922
3579995
3927764
5866783
6145295
5630695
12343765
11496710
5660999
10841231
5115302
6116940
6018137
7441169
3643862
3506988
7620474
3541967
7397611
1882308
7325986
1966742
3603307
1857113
3592205
1996858
3544594
7507175
3871750
7191616
5551986
7602666
3684759
7412053
3749636
7275211
7707886
3713020
3553047
7427650
1767713
443495
3068402
2053620
3823542
4032228
3815924
2037735
3847128
12315031
5092087
12609917
12809913
12320268
3231703
5619127
5888090
1412913
4072663
4743768
3089334
5444596
1056032
6565339
4617785
3519094
5586691
1770610
4407972
2136068
5470377
5480737
5849311
3007157
6098307
3071865
6079044
1484312
6061389
6260576
3222766
3021317
1485177
2991028
6006610
1452628
3025633
3222874
4499978
6117675
7459393
3072499
6087483
6352668
6163792
6477376
1724617
6738751
6584338
3784116
7149981
6944292
3677375
4483124
12143437
11956091
5992766
5463608
2944654
5675511
2840999
5266209
9506949
6393933
6328319
1874582
7419901
1942465
3642877
3845957
3639381
1846388
3511352
7224027
3668945
7558289
1879068
7307515
7190379
3773154
7105279
3793813
3512726
1907687
3664555
7633040
1791512
7242003
1885765
3577731
7780590
7550036
7130633
1866892
2728734
2595688
3894288
7898334
5991178
10605978
6078070
11373477
6545762
6099568
12428987
6153212
9239966
6425883
2075146
4442208
1210693
6441532
4149252
4809327
5113198
1792164
2053372
4315295
2293017
6546510
4128081
2386142
2405153
5255639
3407223
3000687
4635054
6185317
2924513
6225998
1438632
2983130
1602997
2927929
1586546
2975444
6277249
1549246
6142395
5924800
2971423
6052824
6234807
2964796
2892333
1636764
3043825
5961601
3201653
3054272
3072954
3246090
3056860
1664757
3154161
3450206
3316498
1757150
3294486
4759560
816093
7172984
1871053
3583320
5644124
10563710
3108582
5596810
11734534
11790980
5850136
10904591
5543500
4250333
5729022
1796641
3517103
3815096
3620193
1899580
3668317
1912644
3543056
7299406
3578613
7492162
7669887
3711424
7419537
7655748
3624849
3509455
1839625
3480282
7379109
1869438
7308484
3807762
3557325
1907534
3774180
7565485
3557746
7254413
1869598
2900064
954928
974473
2078914
3893822
2007964
3796664
7753248
4741226
12445805
8739084
3268446
6125052
12671988
2625415
12284416
4161077
6275662
3171987
3442253
5473853
5394525
4390858
5998357
5291279
2133106
2298611
5544184
3215511
4073974
1185631
2416158
4818733
1921144
3300679
6046166
1560610
5915598
1533134
2978673
1626983
5873227
1624815
3032184
1542985
2923977
1593376
6114196
6192976
6112842
6021140
1551919
2888439
4815766
5988328
3238603
6134569
1603153
6165335
6243340
6587366
3287603
6748395
3364883
5117693
205376
3309643
7372485
7218607
9905882
11838475
5993733
5686990
11612840
11453214
10614865
2152813
6012785
5885272
1859572
3609575
1927959
3582173
7434344
3881321
3497721
7454618
1876751
7435756
1907685
3568347
7353276
5557487
5757278
3747611
3561422
1957900
3560752
3672001
3651830
1963113
3571619
7215362
3777611
7633274
5816592
7383161
7158635
3258101
909084
512909
2204725
6026181
3822086
2032193
3812890
2044993
4498250
12412171
5528528
6026100
12708177
12271942
6272044
8493055
3866004
4586277
1066712
6584793
2004945
4338230
1257588
2483257
6309058
2123815
4576846
1156330
6482378
2094022
4359885
4049883
1926366
3559690
5917031
6223089
2748399
5745211
5584380
1457091
5237580
2578126
5377400
6097668
6119861
4677806
6125171
2951901
6192700
1515739
6092703
3091897
6015936
4786761
6210247
3080610
2958884
6712041
4903330
3302715
1714446
2852109
219762
2269354
7132249
3691352
7065981
11414281
12168426
5688491
11648199
2966851
5597620
8306685
2810279
4548602
6317392
2136637
7406964
5623716
1926622
3667622
7643431
1944548
7352150
7242324
3939989
7391192
7476857
7088238
7594221
7417266
3549468
7531813
3613069
7247024
1896224
3485745
5696752
3847663
3596604
1894485
3559483
7236603
4161107
5005747
3899397
7788491
2005886
9804254
3203144
11542069
3197129
6138489
12819870
11592890
3147914
8319389
6439166
2016965
4467157
1210440
3064813
3489312
4151700
4805591
6682707
2093616
4406761
2269249
6476454
4154147
4803548
5410567
3350851
2847135
3014719
6038252
1548146
5943114
4565198
4782365
6024787
6373703
6022149
3064904
5913984
4888840
3062312
2947129
1571836
2951660
5972628
6181715
3122405
3027065
1625445
6033937
1624306
3034939
1605948
3242741
3396460
6577126
3383210
4345176
1054503
3540761
1844206
3506118
1879302
3569076
8104921
6161668
11728362
11854491
5296377
11549138
4964118
4517010
2018231
5822676
5459780
3854005
3679249
7628672
7283401
7468468
7437869
7391070
3625846
7200143
3779541
7367732
7464506
3653216
3602082
1933229
3603482
5553825
7313459
7200056
7526891
7104058
3403078
5936524
3190604
3995957
7907446
4021537
9847624
11584456
6364704
6173343
12626538
3245255
11858843
3197409
6775983
3690142
2034503
3294877
4898931
3372014
2646490
2097012
4541437
4575906
1911684
4708482
3442784
1167171
6021818
4728690
4662630
2901171
3626383
6355332
6098077
2960352
5959544
3073943
5952489
3157605
6125552
4820070
1593025
2915206
1641414
6123856
4601899
1683468
3050337
6197642
1568162
5823273
3161082
5981711
6229965
1603274
3109088
1579538
3166867
6483547
3323287
6776269
3429978
3633516
3453138
7132358
3628303
7239067
11861591
5908509
5866469
9269267
11312792
2986238
10910874
6524843
6091631
6842933
7477500
7676897
7487871
7166582
7333808
3823604
3645394
5583637
3617746
1835120
7267175
1980074
3636657
1885115
3561885
5583669
3516492
3842615
3632061
5670863
7495702
7521614
7650353
7091109
3628097
5515974
902747
5932183
7904089
3808273
9472520
11668878
6400006
6322596
12717244
9117108
12615953
2039030
6442084
1077659
2020654
3505087
6094045
4788322
2171899
5185044
3438546
4786105
2212656
2321773
4320797
3419268
2049740
1047516
2093071
5166638
7280576
5926812
6141244
6238139
6104942
3078444
3046870
4646707
5936813
1526401
5938295
3134561
6338477
2984698
2924140
4743719
2968245
4706847
1638024
2910159
5970384
6160083
3081808
6294446
3282802
6789586
6752366
2269847
5231686
7283734
3683923
3524796
11060497
8974416
12256613
3097416
5681603
11678315
10777354
6272424
6330101
7154083
5765302
7317369
3768637
7256676
7401092
3521169
7432200
5556310
1937682
3489418
7358341
3706326
7624217
5666937
3829684
3779149
7572835
3821789
3488841
7369389
5679654
3625655
3471957
7451609
4058479
1072918
7950497
6125393
7681482
9498052
5859841
5603185
3217217
6132288
12563985
5829445
12715167
3446591
6411540
1943131
2010782
1115696
4857662
1782603
3395787
2104726
1987280
1067927
2418741
2661047
6404243
4372355
4798635
6092569
4191570
5321152
3474393
6512357
2971547
2967447
1599539
3010932
1368564
3057762
3107756
3086141
2999242
4666366
1233162
6162229
2977617
6037352
3131417
5980061
1614219
3062351
3047428
3026818
3130079
2808794
1522218
2956649
4741104
2863279
4691179
6055073
4843659
3260645
6594390
6917531
6395659
667766
3481253
5486689
6939689
3779066
11064054
3145697
11872721
5905774
5557638
11535645
5364295
10652784
2243725
6084690
3788400
7488223
7388044
3694973
7292246
5782809
7401132
1959584
7624405
1872232
7288518
3517653
7493984
7505102
7352362
3906545
7423442
5691381
7599125
3649812
3664898
1894498
3574120
7172819
3707894
2391954
823013
7864075
3822288
7950601
8262626
11138156
6288748
12799935
6187962
11917256
6278939
6582804
3595197
4060646
4622223
6565165
1053914
2013943
4430833
6446760
4729308
4601040
2662174
6059207
4323167
3780231
3652334
6603338
1511386
5987635
5980184
6231983
5776993
6026200
6157206
6021753
6165780
2919287
6373505
1536726
2840812
1616367
2985889
5880805
3176310
6059155
4611247
6251470
3028048
6375495
5135292
3368904
6518736
4258600
6361245
1844799
7144533
1853557
9147696
3145364
5971211
11631057
11824694
5776251
11004638
9954571
6549059
2102364
7488076
1848597
3609001
3851087
3679877
1943260
7324442
5800819
1865618
3505167
7793690
7516945
3616544
7462323
7473869
7247456
3356514
7330988
5657782
5710377
3803424
3541541
1918866
3722019
3858230
3618327
1865096
3523199
7178704
1877889
2266811
1092358
3850557
2044798
7776463
2030352
3830145
2139613
12430094
2552003
12542634
6304052
12405058
12098920
4996951
6446584
4248521
4582418
6193490
4530625
2212745
5406877
6036143
2111283
2183540
1223280
5654627
1778257
4397556
3573715
4417555
3800619
4693589
1499584
3032465
1626863
3018033
6247360
6012866
3129702
3046633
1553435
6047324
1611043
2987351
1590979
6157550
1566004
6082904
3073375
3117832
1592113
2872439
1585381
6262952
1524990
5944109
1546412
2994475
1569340
6033960
4853763
1712970
3271549
1680472
3188238
6543440
2898962
4234059
7294899
7023976
9725598
5677594
11896564
5608741
11766978
2966588
10967413
2855258
7435574
1734949
3389690
6355055
3541003
7281972
1883143
3480988
7527608
3384161
3749300
3652556
7354196
5706484
5592346
1916106
3513407
5746642
7497994
3684806
7478089
7691533
3701059
7270630
1912808
1760027
7523315
1965430
3647428
1901719
3550411
7266538
4818906
4368999
3926790
7967986
6050322
5735353
11374109
9621197
12959528
6178551
11902750
7586203
1132986
3615438
4769352
4531425
2460832
6184007
2074615
4490367
4490822
1899835
2739549
1072681
2040785
4573556
2985085
4498194
2135614
2064562
5223529
3641040
6548506
6213980
6099380
6101361
2844744
1248473
6186656
3026680
3073936
4748366
2891877
1590389
3010386
4676258
6084843
3077009
2855669
6114880
2791121
6264130
1518256
6149408
3064261
6287117
6576239
3234082
6597043
1695962
6710137
3826817
3669497
3499662
7468006
3588503
11815167
3125966
11720756
5918163
11629856
2952193
5058641
11100336
6315246
2258745
3716509
1918084
3467610
7669103
7530334
7625559
3783004
7532513
3740690
3693791
5753402
1935834
3702562
7390669
3896735
7360860
1917809
3531200
1934350
3619321
7667838
3693826
5539689
7629761
7214829
7314324
3404443
895125
4587237
7993768
7875361
4815404
5979493
11940781
12560930
6383875
11848922
6268328
8422950
6441518
4231691
4736679
6220507
4215286
5137015
6282811
4227122
4619422
6225526
4051870
4995691
7331968
5977920
1596951
6224049
1532715
6071560
1597277
2827341
4717299
5782239
3123656
6205150
6095582
5900279
4742483
1588559
2941712
6144566
2982612
6276172
1543570
6096813
3148988
6026251
3127635
6665834
3228826
6515126
1704508
3272097
2069079
7174307
3620365
3479873
1862434
3486355
11063985
6176954
5555878
6033566
9040604
11651886
11022887
7153103
3970708
1795061
3992225
3603940
1808077
7281092
5825948
5775100
7273415
7404088
7372114
7335179
7208917
3412733
7530377
3729978
7225798
1868227
7274087
7524787
7563161
7527426
5681464
5552538
7351527
4154118
4789122
7658998
8016964
4620390
12402558
11743698
6356679
6063402
12293953
6102660
8442278
5584350
2158842
2045655
1127823
2314961
5966255
2764026
4265967
2532957
6452607
2486702
4349344
1231349
5489079
5291702
1945493
4842782
3457592
6773619
1533845
6091391
1555240
2931862
6350548
6020178
6160973
2926302
6078405
4559691
1612847
6017014
1511433
6152433
6259445
5988558
5936563
1639261
5943472
6166200
3025172
6150010
5028294
1709171
3206976
6766039
3236334
3637565
5476595
6969312
3751659
11672699
5666543
12239965
11862309
11173472
5585860
2182100
5497557
2426144
3928769
3504801
1926547
3712735
5629377
3652338
3861943
3498919
1889620
3628351
5540411
3601214
3851183
3582467
1847780
3607445
1957726
3600081
7557767
3760271
7337184
7463268
3916904
3700806
7431182
7085276
1938141
7619722
7349355
7399173
3380377
2203554
3107304
7986843
6009992
2006437
4077966
9455737
5227695
3063821
6089936
6461835
6087095
6451090
5563494
3226582
6063008
6459640
6424520
2069522
4521443
5753957
3183280
1999426
1066684
2144304
5330490
3717659
4507951
2285614
4951222
5889333
4375846
2516208
2994596
1902660
8666257
11152779
11441774
7528609
3109020
6978361
6143713
3420262
4545148
6832885
7198478
