67907426293946
67907454311696
67907486302779
67907518304404
67907550299821
67907582300946
67907614297237
67907646310154
67907678298404
67907698388653
67907714294028
67907750313778
67907770388195
67907786292820
67907810316945
67907830400695
67907846327695
67907886299444
67907902288653
67907938305236
67907958330027
67907970298027
67908002309611
67908022376319
67908034309402
67908066317610
67908098308152
67908130321152
67908154429318
67908162416402
67908178321943
67908210300443
67908254297735
67908270425526
67908310315026
67908338296401
67908370315276
67908402320109
67908430388817
67908458314984
67908494322650
67908526309984
67908542405817
67908566388817
67908598305733
67908614403942
67908626388692
67908658308608
67908682426191
67908698309191
67908730387441
67908762303274
67908786304899
67908818311482
67908846291732
67908878293316
67908902413149
67908934293357
67908962302940
67908986400357
67909010319107
67909038298607
67909070304065
67909102301440
67909118383690
67909150296356
67909182378939
67909186298814
67909214300439
67909242385064
67909258303106
67909290289564
67909322296689
67909358295980
67909386380647
67909418297272
67909450318855
67909474298563
67909506308022
67909538315938
67909550377938
67909582293896
67909614322438
67909646298146
67909670395021
67909682290729
67909702300312
67909730378437
67909746301312
67909766372521
67909798291229
67909834306562
67909866295270
67909898308270
67909930312770
67909962293936
67909982307186
67910018313811
67910038422645
67910054286978
67910094311811
67910114301394
67910130309394
67910158304852
67910190318644
67910226313394
67910250299352
67910282314102
67910318374727
67910350294935
67910382293435
67910406350060
67910426402185
67910442306393
67910474299018
67910506304976
67910538299059
67910578309767
67910602297559
67910622389601
67910634383434
67910654381767
67910682418767
67910690307517
67910718297600
67910746373392
67910766315892
67910782292225
67910810299933
67910858300766
67910894297766
67910914419850
67910930304016
67910962292599
67910994306308
67911014369057
67911030296724
67911058304974
67911090474640
67911106321557
