52083874468725
52083898367350
52083922478558
52083946493933
52083970372850
52083998401642
52084034385016
52084062485600
52084098400724
52084126367974
52084130391141
52084154471141
52084174367141
52084214371724
52084242387432
52084270465932
52084302364807
52084330370307
52084362492140
52084394368057
52084430367223
52084462465598
52084478469765
52084506466306
52084542371223
52084566474556
52084586373598
52084626383722
52084654471889
52084670486181
52084694382472
52084726470639
52084734465555
52084762469597
52084786471472
52084798371888
52084834378805
52084862475013
52084894368180
52084934374930
52084962364680
52084998470513
52085022392138
52085054365679
52085086466429
52085102465637
52085118469346
52085130375887
52085154374804
52085178494179
52085198362637
52085230467053
52085266370178
52085290364970
52085318465220
52085350367220
52085382469761
52085390479178
52085418389844
52085446484011
52085474474511
52085482463928
52085514473136
52085546367219
52085570477261
52085594487094
52085618370385
52085646363594
52085682487760
52085706364343
52085730482385
52085754474426
52085774462135
52085782466635
52085810476260
52085834373593
52085858482259
52085886466968
52085890381009
52085918375884
52085946474884
52085974470717
52085998364259
52086030373259
52086066466009
52086086376467
52086114473050
52086146488425
52086166372508
52086206479425
52086230371466
52086254467258
52086282474299
52086290380424
52086314484133
52086342469216
52086362378924
52086386479632
52086414469091
52086430378549
52086446460674
52086466375424
52086502393132
52086534369715
52086570476173
52086602467590
52086622373423
52086658393881
52086686411340
52086714473756
52086726377214
52086762374339
52086798378298
52086838371047
52086870472422
52086894370130
52086914380214
52086942384297
52086954363964
52086990363505
52087022370338
52087054464630
52087082479671
52087106380671
52087142372505
52087178363254
52087206478088
52087226372338
52087262377129
52087298381796
52087334370920
52087370373545
52087406374295
52087442384045
52087466466545
52087502396461
52087538478586
52087550374628
52087574470545
52087594371044
52087626465794
52087634461628
52087670373211
52087702476669
52087734368419
