75598
76718
75475
32158
67327
96009
335318
31878
4968
4110
4391
4493
31449
3946
6083
2814
3733
3211
24700
19554
5097
5528
3633
3410
3000
28754
4438
2950
4994
4378
3515
2214
27920
4571
3980
2156
1119
3485
3171
31585
5465
3330
3915
4380
2331
28513
3901
3007
3460
3622
4172
2265
1979
29069
4450
4055
4868
4054
4585
32890
4179
2447
3060
1751
1722
2808
29523
3684
5627
4741
3295
3446
1664
27901
5087
5038
5264
3491
11479
24204
3845
1903
3888
2900
4107
34111
5778
5651
1496
4875
3866
28735
7063
3862
2552
1795
1675
3033
28716
3842
2334
5129
3047
3826
3044
3224
28998
5190
3583
4093
5996
889
4769
4379
4285
4710
4623
1612
1858
31811
4236
4912
3928
3981
4223
3906
32817
5388
5529
5004
4708
36061
7990
3302
4066
3398
2411
4446
34127
7349
1734
4272
1597
3607
5371
32608
5726
5247
3586
4425
3001
4268
24667
10489
4684
3525
4632
2894
3732
28024
4136
2937
4155
3125
3248
4012
29698
4595
4442
2447
2411
2752
2832
2833
30029
4026
4431
347
3970
4715
19318
23155
2355
4471
4046
3177
2076
3523
12990
30497
4389
5088
2238
3804
3422
13615
11177
7036
30953
5282
4856
4489
1698
5027
12199
9357
20415
16226
29676
33580
26827
9628
13048
23712
8877
21514
15025
11352
9105
17077
23892
18272
5141
4079
4415
15170
17232
8007
24226
26738
17902
20444
16497
13925
28352
16753
7914
8631
15679
30600
18372
31679
43886
15654
23448
18856
21754
8790
6269
7751
12411
15199
16912
47537
10050
25045
15461
27364
21787
15617
10260
17105
6800
11381
9448
3486
8820
4981
11975
10271
14215
52444
26288
20101
12729
20546
9054
6885
4909
2774
11844
8887
13648
13703
23037
10353
38501
26717
25640
14300
19914
11970
11243
10375
3134
6339
3650
8062
5983
7389
8558
12995
17772
6786
10807
35576
8131
7814
5948
9827
20364
14887
4799
9596
11312
16670
15600
16605
9880
14440
3688
35039
3726
4312
3560
6097
21676
7040
9059
10785
15084
15878
12058
16552
6867
16639
3087
34205
4697
3559
10848
19722
7086
8002
9681
11924
4033
9347
6276
10588
11569
15760
9762
8835
32969
4806
4645
7234
19382
12184
7424
11565
12177
6014
17319
11887
11264
12584
16537
14458
34002
3751
2148
2288
3962
5647
10040
13018
11885
5866
9858
8578
4453
3550
13833
15538
7281
12994
15351
9234
41234
5753
2855
4356
10428
11037
12592
4968
10726
10999
11711
12176
9661
500
14355
7079
7579
18266
17009
47248
7230
6873
18310
16696
10269
7060
14872
11890
12153
6270
11367
13704
12500
13124
14520
3980
44189
10406
4386
4057
4566
14150
10992
12713
9388
7774
15299
18833
11318
14219
13689
11120
16679
6207
8308
49235
5778
5008
478
3211
15805
18925
14455
9051
13195
12711
18410
11912
7561
8770
12264
5620
15482
6912
9138
9473
43825
5007
4243
4300
20331
15620
10558
14752
12267
11861
17312
5931
18079
10917
4524
11499
7069
3610
9296
10652
29211
31389
27245
13749
24163
15530
11777
11467
13390
5601
14574
9741
17700
8836
13808
12642
20199
14979
34790
33527
6132
3754
5148
16513
15767
13659
16074
14043
17411
14357
16682
9776
13899
4909
12017
44148
16991
3580
2149
6137
19222
21065
17017
15693
16768
14905
11071
11482
19557
12817
7840
6563
45911
11191
4588
18499
12920
15566
16233
17943
16306
4838
8399
16609
10387
12775
9775
10437
10029
13580
42088
24868
13936
12266
12856
9699
16066
14616
15979
18691
11257
10176
10606
16467
19274
10542
11337
4899
10344
12527
17844
48255
22609
27963
28972
14239
16867
13502
15336
21901
13494
17146
15321
9915
16029
20415
19987
35321
26145
14507
24129
19485
12315
14202
9009
9248
19012
12374
9285
4660
14443
15965
8262
12044
9299
11194
15077
16618
27473
34045
19777
16290
4974
27912
9676
5621
14051
13215
16841
13428
17340
19226
10405
7077
6716
7410
17074
6248
16301
15000
44187
26478
23798
26018
10783
17934
11562
10004
10374
17974
20375
15910
12581
12453
9347
14299
6092
8328
6947
9521
48558
27196
28701
20964
13212
26274
7496
14351
7828
5260
3789
13546
15584
15968
20183
7871
13444
17061
8800
17259
16782
21696
35532
12713
19694
5965
18701
8505
26664
20468
20874
13418
16588
11119
4127
5410
15460
10889
15050
18878
8664
15127
12519
3074
2499
11161
6178
8099
30521
27069
11957
5986
6169
13309
14521
15765
14667
20257
10333
12201
6664
16670
15430
17259
13920
5678
5102
10829
15698
23304
30372
15883
15264
5170
4383
13323
14538
15350
13879
18151
14094
12291
15338
6171
10823
2447
11440
14399
13204
12717
6170
48802
15350
19064
25764
9017
7983
13043
8115
7258
16845
17385
17571
6082
10840
19133
15205
16233
13502
17198
17160
7458
45993
15793
7891
14345
4310
5007
8986
13208
13568
9925
10755
16483
13589
7282
18315
8229
17859
14182
13161
21330
15763
11625
34329
13579
13392
10162
10272
1406
7328
9902
4295
9876
6968
13353
15608
16676
14657
15001
11819
11590
13126
17104
17236
19779
14395
16982
4935
49687
5556
5302
13524
9406
4610
11989
19470
11393
11975
9830
14444
14511
5781
9034
5538
7891
8224
14031
13525
14098
5288
14836
13699
11608
3195
5773
14954
8619
45697
12776
13830
9055
5590
7041
14825
12393
12001
13303
15600
10036
3087
5210
7936
12755
11568
9031
14077
14088
13000
8499
5311
10247
8890
4425
7319
7942
40257
11786
11263
11342
5057
10935
15402
13046
14570
14085
9943
2322
8821
12259
10898
12970
13683
21491
16496
18262
8837
12102
46375
6692
13188
16461
9680
4953
8394
10951
13866
8677
18202
11358
6251
11417
10376
6320
17268
14176
10173
12937
18786
18889
15431
10978
8835
12083
50659
12971
18579
13596
4555
7879
12115
13216
11739
12902
4049
15022
14666
3855
11760
15341
18234
17128
15446
4673
14539
9414
10712
16785
13069
10022
30478
26935
14163
19251
12711
23849
19930
16550
13279
13695
6485
15794
9673
8546
14703
10964
8441
15798
14518
562
7452
9829
9452
17992
14494
15215
17343
10289
6638
7184
38768
10539
15007
12681
9875
9575
4357
6630
7720
10470
16116
14150
7348
14162
10986
8131
12417
16200
13297
6557
7638
10294
11032
10320
9499
13687
12772
14275
13724
13690
42808
6913
8326
13005
13622
10735
6629
5402
3857
7164
7873
9634
10494
10957
7177
12965
15272
6815
16054
16506
12540
4198
12963
11775
7088
7887
7138
7591
7597
8292
10728
6076
9304
8200
11490
12832
10029
37975
7703
12161
14269
6555
10820
5357
14734
5023
6438
3965
6043
4806
3903
4047
3276
3194
3865
4175
8232
9768
18563
11594
14508
14288
8966
7112
13031
8326
10680
15297
9367
4606
6903
9380
7127
8412
9080
10023
10091
8671
3204
3721
6760
42537
11264
10397
2652
8324
12023
11969
13580
5455
3967
8898
6608
8323
3777
8756
10073
11273
7151
12302
18139
16714
18416
15736
14712
13495
10134
13261
7915
13771
16929
9145
15003
9029
45651
13226
10289
14002
6633
11725
13169
11695
5174
8187
6095
9547
14424
9026
10276
9719
13229
10784
9469
10781
7739
12212
11605
13566
14855
7334
14031
11920
12512
6599
8729
11623
13760
13934
12414
48299
18468
15434
11410
11461
10208
9745
19066
16579
18339
29671
16908
9137
14376
7226
14675
6029
17508
16059
9302
9927
15685
8542
12197
12959
3094
12910
8824
11279
8564
44151
17167
14073
12354
11345
8683
6881
3983
1966
3758
4323
5714
13174
4071
7837
5574
13879
9178
9629
9164
8038
14559
10647
13000
5110
16515
17048
13012
13098
7761
10708
45894
14321
21148
14697
10253
11349
8826
7070
6928
7986
10593
12501
9864
12664
12041
13262
13525
13881
15714
18803
16475
8128
8439
16981
8858
9322
17351
15432
42494
17896
17856
8992
5179
12645
8254
5658
7135
7176
14376
9606
7771
4606
7478
4054
7705
16089
11272
11562
14938
14893
15105
11083
17001
13388
4253
10124
18533
14139
14771
7844
14853
11209
39295
17756
6527
11246
14206
5174
5934
7012
7109
12814
8022
6428
13448
13419
15365
16699
19571
9796
5457
19052
16149
16557
13743
9532
8144
8645
7296
44519
15804
16440
11521
7663
16745
14296
5706
3817
9419
8493
11573
10327
6473
11626
9101
11768
7943
14895
14612
14231
11165
14535
14457
13843
8029
13027
8684
6990
7622
6434
7333
29489
22710
17587
13214
6642
14251
10018
14134
5236
10034
6763
10227
9310
7476
7884
13673
12775
13216
5732
13955
13975
13099
9057
8079
16579
10737
12656
14728
14498
13661
9059
11774
44371
13915
12730
14460
8380
4582
14699
18694
13081
9532
10782
13008
3770
3906
10129
7447
13277
12689
9129
13150
16672
10122
9798
14146
15742
13436
14209
13462
13171
9409
51771
19825
17169
11993
14656
6742
14787
7581
12315
4965
6219
12821
15635
7823
12956
6613
10196
12120
12147
15665
7816
21444
20039
15532
18036
45461
19821
13309
18567
14427
6188
18046
13863
13234
10218
11132
8287
6316
13772
14829
15833
4254
16633
11074
11743
7654
7425
9149
10812
13905
49592
19540
21234
18181
14697
18274
12981
7988
11734
14709
9817
8551
11347
7420
14102
13511
15319
16614
14537
5132
11771
4085
14512
9828
8985
8345
6988
29433
33613
15871
12728
10782
16817
9733
5110
11497
15802
10858
11859
10318
12192
14431
11826
12148
17708
17140
16319
17128
11355
14406
14428
16898
47874
10035
7322
14187
13649
17563
10726
4021
13243
16557
13983
10600
8872
15096
15341
13064
17323
19470
18321
18003
15250
14893
18801
18056
47419
15638
4837
16081
10479
14828
15241
10673
3758
13633
18224
14257
8301
6808
12632
13051
17321
11120
14420
14848
12004
8295
7627
9936
13911
13566
16055
9009
16573
41020
13600
5856
8440
18342
20250
15716
11827
16870
18364
16630
10174
14405
13173
14813
11456
14610
9793
13793
9000
12993
5349
15850
47507
17100
8015
16897
20175
9853
13323
11340
11750
13413
16233
14375
17245
11034
6907
9191
8402
13668
14124
12874
16731
14141
4664
22731
16150
21455
19481
14674
4117
12157
13032
17862
11589
16329
12467
13482
15421
17461
15371
18196
16654
16295
8160
12367
44664
13084
15191
2386
3825
15427
18408
17656
12979
10446
12835
15758
10830
13207
12996
14257
11816
7340
8214
13105
6478
13511
15156
17302
10748
17964
11252
4919
6576
8383
7605
11854
38423
17478
15523
8846
16855
10035
6944
7805
18610
17807
10536
8434
14066
9994
11249
11738
7475
6924
10902
10341
15777
8538
15034
9407
9047
11057
11030
23276
44155
20515
14758
8519
15094
10692
6491
4656
10682
17400
12736
10777
12579
15033
14344
13559
13354
13902
9339
11424
10216
9547
8225
6545
10282
8398
13248
9221
36498
33575
11273
15438
4044
14014
11499
12538
16127
15374
14854
5874
3296
7225
4033
8324
12731
11250
11732
13417
12753
6559
17605
13271
10089
19608
38616
11024
12786
18352
17963
13581
17807
16128
11510
11766
6900
5624
4977
8776
2097
5306
16184
10015
4499
7822
6972
10396
10946
13306
12646
10173
4802
17336
52555
19422
15942
17184
12892
12700
14287
5546
10565
5660
14191
8372
7050
9468
13935
16382
13225
6522
11183
13347
14982
16603
16066
10589
13745
45972
16374
8066
19703
16430
19015
16961
11824
9120
14005
12282
5034
9171
7969
9567
17152
12585
14843
13343
12532
9981
13334
18290
14450
14802
17462
11386
49234
19084
18229
15367
16535
14162
4849
11605
12943
8550
7337
8348
10313
7493
6939
15338
16148
15354
9294
8015
7207
8533
16568
12716
12735
13672
13123
16174
11539
46506
17853
15813
11746
10420
9322
8827
15509
10045
10757
13766
10363
10222
10765
14033
12810
8693
14994
12310
7090
7925
5487
7575
7463
7387
12514
7487
6594
8016
5165
7911
7120
3269
9064
8987
42157
18293
17175
12768
16560
13197
15200
11699
12415
14419
11756
11393
8801
12745
6170
11096
16269
7109
10331
3224
10175
14328
13308
10922
11945
12772
5628
48554
18918
18299
13323
15705
13384
7450
9624
9214
14604
10945
6438
9851
8965
11703
16520
12077
12097
12233
15352
18464
9366
15632
12185
45811
12922
19777
14842
8975
15596
14846
9799
6364
12138
12592
12319
13047
11251
6490
9327
6939
10587
11609
6771
13973
12297
14268
14312
16898
14424
8532
29113
34792
22583
20284
18978
14245
13636
9387
12600
7500
14622
13713
11938
7842
18322
18391
15201
19128
17774
16478
18262
48701
17686
14091
12883
14545
15997
13571
9023
11229
11616
15031
9641
12452
12594
13833
13269
11454
10635
11543
8002
10689
12835
14447
15912
15502
45211
16967
18292
9823
11535
11477
9253
6619
4199
12241
8836
13256
12168
9452
9945
12255
6500
6066
8263
6689
13240
9995
11518
14813
12808
8970
45754
18052
13280
4877
12010
18683
9019
8352
9157
13681
11702
10242
11585
13139
5928
8461
13581
14026
9445
4941
9062
6079
6730
9301
11735
41949
25892
11322
13855
12999
17882
14509
9043
8888
14990
11626
12644
6302
13396
8193
7926
16497
7708
10493
9730
14631
5718
10813
16398
14484
48794
19673
18576
14269
9861
8699
7978
15641
13855
11723
13844
5148
12793
16207
13389
11613
14541
9382
12640
11242
6717
13360
41096
16911
15492
14834
15640
10127
9754
10909
4858
15147
10088
7095
9364
5115
8888
14427
15273
9682
19085
18545
14689
13217
12946
16936
44248
9992
20935
14763
17664
15098
12534
11703
14745
8686
7460
5654
9027
8138
7096
15267
9573
6639
8728
6794
4455
5168
9792
11505
12898
9770
8381
26193
36279
18227
10174
12396
7481
16025
10687
3969
10083
9638
9090
12914
7765
3296
4865
13215
9629
16540
10620
18217
6801
15921
8994
14680
10266
10090
7118
12002
15672
43290
16654
11974
12491
19330
13425
8267
13186
6282
4135
14897
3466
13209
12430
15114
9074
14103
14354
16083
12454
15135
13421
12471
11949
7626
8997
7291
49809
13378
15739
12797
7970
11271
14110
9905
9640
12019
15083
8002
8726
7828
2191
10685
7262
13943
16635
13191
18769
16364
15750
15038
11809
34225
21844
12880
15181
13223
18758
11303
7455
9859
15188
10175
8959
6145
4660
5691
9922
6632
14033
12901
11527
12477
13714
16290
14163
17581
10996
2311
12614
47303
15581
14572
8239
8255
9237
13561
10957
8875
16729
10024
8995
8858
11863
14873
13939
11292
5530
7266
8966
13368
13738
7911
16339
16198
9016
11070
43038
15329
14267
12513
10360
5950
11810
6575
13963
8778
14180
12742
9183
10077
10854
12466
8000
12956
10507
13412
14908
13235
9757
16682
10086
11328
6555
12759
4330
6419
40693
16100
10884
5065
8966
12397
16632
10810
10871
7895
12485
11743
15363
6488
15803
5462
8454
7104
12615
12559
11937
14578
12284
16643
49778
15868
8969
12687
7634
9519
9356
14886
9719
8938
10781
13415
12334
12636
7660
12415
10687
17069
12321
12483
10201
13353
18848
17056
10429
41267
17993
14605
10954
11052
13287
19943
14728
5013
9026
2058
4174
14680
11199
12175
14709
11690
6968
14348
13065
18332
12066
16351
17356
15687
14248
33196
28851
12414
10368
8557
6534
18593
8575
11533
17289
14938
14160
13916
4308
9661
10303
9577
14405
13589
8183
8559
13153
15459
11545
14476
9297
29699
25029
13480
13006
13422
11603
12998
19395
4874
9275
13401
10678
12629
8089
3426
14250
8816
11438
13159
12230
10515
13157
8436
17717
8354
11062
8590
44562
8438
12497
5627
11735
10462
7192
5159
15123
13932
4971
11361
10911
16554
8361
14478
11917
5383
9338
7824
6219
11194
11865
7796
13336
15604
9831
18334
16940
12279
50645
17753
8827
4312
5894
18141
10512
6684
4099
7765
16774
16624
14668
11131
6742
6401
3558
13871
8790
5652
4787
7967
4208
10847
11077
11635
14965
7677
10595
3484
11935
3108
45472
10885
10944
6317
15781
10789
7546
7484
8700
12279
8567
11879
12434
6773
4926
14666
14554
9465
17975
14642
10856
10181
12673
46467
18809
11268
12658
11684
6095
6906
10841
6249
12373
8730
13337
8215
15126
13264
9428
8074
15328
13202
9124
8911
9366
47641
17854
10025
11584
13309
8674
12605
15508
10806
17365
6197
10152
11191
9648
4813
7220
18282
12969
8413
10421
7839
39358
15427
14130
10900
9802
11551
10015
16193
12533
9388
11069
14823
8154
6347
3836
15033
5852
9487
15676
18053
11130
9242
44140
16745
19172
8833
13349
13469
5640
10189
19747
13134
15493
14365
2554
3086
14816
8991
7124
4117
8256
19187
11724
13984
11997
44800
17258
13057
8364
11115
13483
12622
5734
8006
14938
11409
15656
15418
11258
15150
11800
9721
8622
5138
13569
11873
8643
13920
7892
12443
39935
18577
14488
6086
13091
13388
7931
8235
12760
12408
14104
17059
12184
9061
9759
8136
5969
10963
16655
13462
12910
4083
24952
26325
10073
9197
12065
14831
9218
10328
8779
8025
16221
19995
10888
14291
8642
9007
16657
8661
8552
13078
17244
19819
50345
16775
16749
12315
10801
10464
14206
6468
8220
8939
14753
9966
10946
15301
7344
6521
10974
10967
6126
6867
9722
14251
14503
44717
16159
10940
11997
14588
5760
14034
5108
8424
3710
9911
13127
11888
14343
5707
15625
5448
6928
15874
11835
7921
6555
11007
8971
43986
3857
15787
15988
13998
7568
6551
9204
13140
11636
16618
17249
10785
10965
7690
11475
10254
11548
11055
11799
5541
10395
44350
8520
11698
11082
6624
11318
7336
9561
7767
6494
14055
14906
11565
13167
8643
17480
13716
16869
10809
7437
8859
9329
41909
11344
13535
7068
7777
12841
11932
11012
13213
14370
12248
11993
19152
15569
5670
11412
17107
11227
9028
3709
8239
9770
4866
36365
23077
9657
15879
14379
6685
13702
9383
8104
17481
15071
14127
7563
17221
12116
9568
3652
8147
11142
12753
42507
8473
15989
8378
12539
8998
5320
14815
13490
7447
8279
8272
8613
9317
15563
8290
7714
7477
10765
10557
20768
29692
12480
10886
10113
14047
6961
7755
10255
12921
15578
10200
15095
5306
13692
3893
17576
12901
7504
8947
11220
34141
31287
11825
5871
6257
4803
5739
8511
7643
9748
13609
6558
14599
11672
10660
4503
12750
9873
13851
14272
3241
6512
6159
6522
42952
9426
5186
14046
8461
7573
14235
6344
6907
7655
11428
14533
15733
11455
13427
10164
19261
6479
15385
13481
8287
2616
5440
3711
2607
5307
3361
5417
6107
42371
11195
14627
6038
7500
13053
10552
10351
11141
10860
14110
9333
10625
12609
5062
3314
11421
6125
10329
8279
3140
3078
13495
5421
6756
8029
20842
38272
11779
9595
11573
13390
9055
12777
9186
14828
14127
8758
14345
15453
10467
8456
15950
6232
7797
11203
7298
10468
10604
46555
10135
8091
16129
7326
5874
10387
7628
12383
11222
14247
9510
8838
11824
6987
7752
18358
6438
9558
14455
9152
12001
6016
8328
7632
44270
14676
13984
14286
9567
7776
5889
11772
8052
6984
11796
10206
16457
13956
13347
11627
10905
10926
11366
5549
5615
8245
9698
4161
44194
13964
12838
8590
5632
8228
6543
11705
10400
8593
12015
15150
17813
17226
8491
3857
6755
10643
11945
9123
8563
3273
6735
4793
6658
46924
16866
12129
6191
7306
13890
11316
12376
6807
14203
13044
12574
12491
11368
11276
10284
12017
16033
12931
6171
6723
4784
7173
7658
42520
12346
8082
8688
6372
10001
1867
4522
9320
11303
13702
13435
12349
12510
11822
9070
11243
13072
9766
12027
4603
13750
14691
14833
6709
8603
11286
43950
13569
14267
10169
12047
8666
8455
10593
15638
8998
13164
12662
7263
7051
4143
6371
8898
8091
11111
5547
9145
12084
7648
11108
8124
7615
7178
35404
15054
9514
7104
11706
10753
10593
12969
17145
8796
11498
15630
14476
15114
14369
9880
14495
12985
14600
6538
7902
7650
3734
44016
11333
9319
10994
13790
11060
11765
11361
11553
12477
10897
10221
12945
7141
8400
5625
12017
12640
7386
5997
7625
5400
6819
6375
5452
40235
12642
10028
7924
9612
11098
12776
11984
8549
10386
7613
8023
18669
11010
11770
12923
11949
14448
3890
2934
9042
6818
37122
15270
14649
4045
7637
9112
15042
11791
16305
11017
7735
9125
8414
9406
15844
14782
7496
12084
8608
9943
5148
6591
43626
14289
10690
10327
9202
8409
8069
12556
12900
7647
16999
12271
9725
13381
14473
16757
14017
8121
15022
6713
9143
9805
6664
39466
8404
8172
17052
7877
6145
11086
8386
12211
10963
7694
16933
7797
6955
13241
9173
16913
6923
13530
9147
7851
6885
10027
10430
42687
17559
12820
8736
6783
5242
12098
9418
11619
10536
15058
4398
5649
11337
15146
15664
9290
14563
12542
3229
7362
7809
5801
7412
41497
17330
10925
6632
10241
11074
10226
8336
7973
10887
9638
10477
16621
15012
12726
11147
7206
6170
6620
9151
6949
37990
13632
8188
11315
6797
6864
11467
9680
7419
10001
14626
6736
3640
12630
12611
14163
10406
8618
9849
6247
3005
4253
12195
9482
42494
18425
14987
11001
13232
11590
14083
16378
11865
5684
11058
16134
17766
13489
5374
13863
9304
6074
11271
9476
45851
18064
17871
10885
11619
12914
5996
6827
12051
14017
9126
9396
4538
16213
9734
11322
7574
10879
7685
19067
8083
46484
7861
18305
16777
10630
14582
13721
12955
16103
12145
8690
5302
13174
7051
10969
9544
9493
13400
5235
9840
12880
14599
47495
16285
8882
14094
16135
8618
9289
12594
16409
14587
13261
9572
7476
17312
18101
9984
14220
10717
10011
5139
11673
7987
12012
23070
26541
20228
15529
10392
7117
4521
7462
11600
5821
12984
11098
9071
8939
10818
15409
16582
4614
8111
7439
10759
15706
8005
7136
6914
42108
14327
11142
4785
1869
953
3399
713
593
5874
7351
10399
11950
13767
16559
12044
7513
13204
5461
15059
5969
17478
11053
13969
11861
19641
17408
46633
22988
7570
14214
8637
7984
13774
10328
8474
14325
12941
14824
17142
14628
9875
7227
8040
7701
11537
12917
9212
7014
37630
9133
14916
11552
16324
13020
13968
10100
15638
12334
15796
18616
12050
13475
12966
12867
18459
17560
50861
16254
1134
11323
12327
13534
13101
10916
9428
15837
15125
15360
14757
8762
8492
15619
12357
14677
16520
10058
47384
9187
16464
12310
9342
7244
9971
7101
11024
12249
15644
15672
13070
16418
10849
10044
12908
9130
5365
3260
10857
6909
13964
15808
7575
45426
9335
11786
10288
9711
13014
5431
10611
11830
12229
7915
13358
12832
15276
14049
9289
9543
9659
13348
8252
10461
43822
6523
8573
13771
8534
1938
11460
10054
12698
10624
12237
12367
11653
16320
5586
6031
10232
14809
17431
15963
12179
45265
14983
17840
11521
9885
16788
10965
11645
7699
6799
15579
11381
5594
6171
7497
6461
4058
6613
8155
37543
8944
7227
11495
8406
3901
9917
12460
7094
10531
6516
10075
12594
7299
12570
8125
12434
16962
17638
7792
44394
17267
15951
8090
10589
6846
11213
16309
14104
7657
12279
10214
6334
7047
13658
17911
12250
15559
15607
47360
9653
10183
15860
9917
5261
10321
9988
12572
11287
6763
12764
7176
10242
14415
8229
12153
11280
6488
7920
8990
9602
5429
39447
9875
8545
10178
13488
12049
8646
7292
14544
8500
7355
11383
9819
9397
8260
9575
12250
17262
12427
7743
13913
15742
46037
14556
17793
11588
10612
6825
4093
10580
9692
6445
10780
14992
10680
4002
9090
2857
10137
20186
17973
18966
47819
15591
12754
5100
10439
7103
9494
11010
8674
4639
12028
8996
12370
14056
13082
14264
9701
7005
10768
9950
12124
44408
9727
6406
13973
10196
12903
7343
10692
11975
9670
16377
14702
12426
8318
17637
16427
10605
15427
14272
47624
13545
11273
15249
10806
5241
9373
6864
13722
9631
5759
14138
14434
9039
4902
20083
12630
14215
8784
16946
19373
42407
15444
12684
16342
12436
13304
10925
14057
9436
9371
2512
12412
14089
11861
9720
17881
10028
8177
11753
7402
11714
21384
47450
12307
10668
4989
11688
9794
12719
8454
12292
13160
10165
3064
11772
8078
15136
7978
11291
16672
15972
11588
17511
14569
9374
48069
9534
9240
12242
5039
11565
13995
10769
12916
12147
12023
11426
8943
13984
8125
8575
13491
15467
6047
11605
14007
19730
13712
40851
13485
10463
10899
15446
10912
12881
10620
8924
13747
11134
10934
9544
5411
17257
16826
13907
19113
23406
39239
8765
12218
6408
11615
11621
11753
11270
9048
6301
9497
13043
5330
12150
8562
3761
2464
19192
17291
18645
15649
50914
13556
15245
10503
11954
11084
8826
12137
12891
13234
10265
10812
7191
9264
13255
21526
18358
16467
23564
50696
13190
6919
10924
6111
11105
7611
11564
8821
6222
8587
10164
10477
10014
8982
8210
13919
9651
10732
16695
17672
20380
24812
49762
15939
6150
11295
12422
5169
12413
9422
9217
9945
15138
10044
8106
17752
13855
12814
16142
6764
7449
16982
20838
47342
16598
8382
8795
14039
8715
9796
7622
12717
7955
5779
12631
7841
5802
7227
4960
11365
12390
13077
13373
15668
13312
24620
55714
18004
12618
9382
11174
8723
11638
12962
13989
9091
13198
12785
8995
11625
16042
17834
19604
12338
9834
23962
49559
17159
11757
7014
8669
9428
14764
7947
10958
15318
11770
9847
4182
7092
4579
6883
8417
6469
7338
5780
8396
40078
9155
6712
3461
4949
1965
3272
11301
14193
6809
9257
9950
11224
6858
7996
12822
7270
18971
11239
6354
18238
14124
19091
22365
53482
16318
9170
7445
6637
4927
12674
9499
9890
13498
5626
10094
10908
10535
8666
12826
7265
7814
15214
14058
6995
21620
47877
22344
16801
9811
3361
3684
12533
8967
6052
9017
5491
9515
8317
3943
9900
6658
5114
3096
2147
4086
9020
4355
6504
7445
10111
5731
38001
17029
10467
6466
5778
11397
8998
5529
5526
3070
8144
8162
6061
3409
12573
8242
2693
9076
6950
5784
2716
8736
7403
3507
43896
11457
8257
4227
5553
5120
1477
10451
6774
5991
10106
3984
6933
6601
3382
5674
3617
11040
14915
19445
11721
7190
13149
20204
17436
10983
37874
21544
8903
20245
13692
2089
10283
11254
9988
3196
7332
2250
6326
4826
13636
9022
9870
5244
7571
7454
4435
6749
2629
5890
38218
8951
8524
7295
2194
4548
11235
5081
7130
5756
7533
4323
8992
10654
7896
7984
5426
5696
11675
6806
9413
7007
7245
5673
5096
39511
7501
6809
5236
7107
10665
11258
7841
9937
4836
7999
12356
8534
6078
5542
7200
9498
9026
8161
38776
10078
8015
5752
5634
4114
11019
11430
6110
8013
6885
11372
8027
7352
7332
7702
8280
7669
6468
3821
3721
27196
20466
9083
9020
4513
2985
7592
5676
9527
8907
11060
9882
7372
5607
6105
6052
2183
5968
6744
8413
2789
5932
39710
9441
8997
6470
5377
4702
8718
4392
8310
8162
6874
10840
4649
7122
9063
8035
7210
8734
7914
4753
3427
11715
2467
59537
2718
