17323462674205
17323478476080
17323510544330
17323518543372
17323538476830
17323558549580
17323581955580
17323590545496
17323622477079
17323654475371
17323666555121
17323690484704
17323714475537
17323730544412
17323748415787
17323778489746
17323810483495
17323834475245
17323854476162
17323878548828
17323886546828
17323902490787
17323925877703
17323946476537
17323970479745
17323994473995
17324022544661
17324050479536
17324074474619
17324106567828
17324114541661
17324146476119
17324178487119
17324202476661
17324226476744
17324250481285
17324282474952
17324314487035
17324346472202
17324366549368
17324390489868
17324426487285
17324458483618
17324482472868
17324506547451
17324514542659
17324546475451
17324578474617
17324590558451
17324614477367
17324634550076
17324666474617
17324690476492
17324722485950
17324754474950
17324778546408
17324802482825
17324830539325
17324854536658
17324862548200
17324880124491
17324890567700
17324906556950
17324938484866
17324970473533
17324982483616
17324994473241
17325026477157
17325034554491
17325058486449
17325090476866
17325118490157
17325154474699
17325174543574
17325198481865
17325230477073
17325255856073
17325258557573
17325273748406
17325298540448
17325328441906
17325342471406
17325364228531
17325378490739
17325410477948
17325434569864
17325458476864
17325474541572
17325490480281
17325514546947
17325524238989
17325542544822
17325566477405
17325586552405
17325610552780
17325626481155
17325658475322
17325690485905
17325722473655
17325746496155
17325770473613
17325802480988
17325828404863
17325834537696
17325835404113
17325835619821
17325839460279
17325839701196
