7600741
10683985
16307814
8655492
21929948
21829665
22224794
5651231
22128616
21984150
21997002
21735212
12271342
22075024
11081618
22002862
22008193
7619713
14676254
21750737
22395555
21557258
11297824
5634139
11080743
22032889
16894939
22194377
16416077
21784348
4573477
754896
10302910
21991455
11284694
5411360
11124989
22188100
20329268
22319714
21458981
22008181
11296093
11291709
10905323
22208090
5627144
5621233
10862358
22050144
5693010
10893821
22024132
22411742
22387813
4681562
22176787
21770925
10428688
22178123
5622004
11012810
5682085
10933530
22008552
11289926
21862898
16812716
10674350
21782996
10418184
22387830
5209002
21592331
22186997
21571389
21621894
5613287
16827556
21565483
11202052
22315310
16378316
10836515
16429752
22002497
21511915
21588391
5362489
21768188
10693567
22192610
22413457
16030597
5607085
5630291
22209701
5688728
22020465
11094499
10820607
10925547
11032783
11287111
10744451
16880907
22056759
11229453
10995342
16519824
1962430
126703
1655064
1567593
1640726
1785478
1936271
907510
17582379
22414758
10186855
18340258
4743254
22277331
16243371
22405681
21631867
21495364
21800202
22390254
10404426
15382167
11228372
11085723
22284688
5633358
11009055
22394184
21625518
16240831
4062948
5694327
16550128
21862740
22186638
15973439
21711353
10456206
21991803
10933873
10686769
11289920
5070620
22173216
22332838
22388978
16596224
4631055
11083862
4896426
10866256
11115625
11293290
10903322
10998811
10913701
22223629
11278797
22193173
2855618
10776016
11105399
22201821
5694715
22054769
22315476
16413318
24890
10811358
21996559
22398541
5822786
5629620
5651892
21581720
5613082
11247238
22006743
22389359
12750797
5732003
10937873
11128008
22384803
10902312
22041910
11303265
10705031
21801486
5953192
21776575
11293755
10854548
16821779
5711228
10889018
16877337
11290936
10760675
22315583
21533548
5635297
10841364
16876725
5694165
10649571
5853560
11126652
5712757
22176257
10932163
21935515
11298565
21708829
10883791
21998628
10918634
10688272
18930642
5661184
5659360
16677977
10911457
10681208
22176273
11300774
4990369
5661943
10876717
22389938
11092349
21982157
22517824
10910081
21703535
11309276
22002970
5721817
16348446
11105809
21983469
21975991
10764793
22202121
5642829
21593850
11293868
22008708
16501107
11225420
21992276
11315614
10648061
5714932
10914389
5174000
5697998
11084065
10604268
5684273
11102593
22420061
22404325
15994571
10735626
22211742
5719288
10902829
5696148
10909659
22333711
5632351
10678996
22026761
22415203
5616695
10898744
22313755
21986123
10897977
21996614
5658338
10291604
11223170
11168067
5715539
10910538
5717696
10889921
5711291
10926318
21979350
22205601
3271490
13340814
21775671
11194132
22183493
11073732
10696802
16934177
16892867
21626319
11033085
22182443
22350409
22201316
10929655
10684442
11314126
1581863
4082938
10855199
22405452
16793107
5639314
16929074
21543070
11116766
22194177
10910390
22213523
16904398
22321549
1521991
21970680
5044162
22007343
10972195
21972643
16506161
12766631
20364737
11075420
16409331
11314295
5370447
10656264
2173335
19931149
10681062
22188408
5720110
21996008
16897579
22333166
11329622
10999001
21965732
11095006
21916883
16492421
10938835
10679576
22390469
10904613
16589297
11322165
21544471
16914381
10710656
5609436
5614320
10910495
11284791
10760651
17661685
11146446
22181776
5708009
22012720
5697100
11080309
516343
21775340
11343359
10592574
22337361
22399514
11085367
21985996
5701177
10855913
16875102
21678009
11213029
8596160
18428738
16185323
5661415
16225515
11316574
10916945
28114
11218384
4910023
16884837
22396368
21967798
21499775
21474638
22189100
21575341
21706133
4738165
16805034
11310590
10872644
5722398
10902364
21979627
11115544
22201998
16808628
11304726
11075229
22435121
5643665
10635361
22191586
5699490
21997558
11003106
21977928
5716099
21957653
11107000
22021696
11306666
16600231
11307278
21977333
22398474
4779731
16827036
21739458
935143
9635885
5121576
22171231
22177148
21576910
21745447
5734610
21608098
11215863
21710626
11107381
5003493
11132948
11117750
10686328
16907310
10898318
22378411
11305411
22215961
22115164
5591027
5718823
21773521
21951854
10911962
22180732
7350923
21549698
18713423
5608729
21620098
11001563
5378336
10799239
5162317
867495
21285618
11298782
10945209
16890473
22375575
10897009
22025263
21985761
10880746
11224335
11239534
5649470
21499565
10864069
22213827
5724302
22013680
22393760
21551765
22184060
22189704
21885582
4912938
21507577
10639186
21796090
11311094
22177489
22170022
21960523
22207295
22111135
21975622
10912739
21980015
5192328
16844154
22173469
22227200
4992956
5627277
22020257
22365862
22209865
22392680
10923747
21983951
16886510
11231816
21831768
22410648
21258293
6399811
11080987
22254229
16892236
21973102
21595773
10624002
21957215
11109428
21720774
10330211
9827994
12238522
22101613
9900117
11751777
5725178
10877669
21815431
16889714
16836565
21896876
11076826
10748567
11203890
5633096
16820500
22418411
16725007
22247658
5728834
10888412
16580121
16308250
22177323
11136405
9538719
16373862
5727210
10804297
16392971
21539493
21684466
21962420
21677178
10901458
22025717
22307752
10955455
21988887
21564511
22426919
11313767
14240709
21734616
22108197
21527974
5657006
21932715
10883090
21917304
10937966
10668614
16903210
5558034
21871338
21777950
5716722
10867734
5537889
16832098
11196047
16851702
16806366
5718802
21991016
11303507
22197739
5742693
21954325
16893893
11214274
5214694
21613844
5719717
10879775
16017985
21992339
22388651
11315588
21579246
21976631
10676986
5188531
6400730
10840559
22392030
8249930
21953340
11105502
22025592
22392898
22405043
21583334
11103402
22118950
11771355
16844694
6581274
22185864
21567454
21498433
11124073
21981040
3646529
11090879
5119089
16858061
2908229
19410163
21939869
21508636
21535016
16884931
10947288
22415897
5638342
11317494
16697747
5616556
9032620
16018063
22170282
16263358
18995101
5721609
21549457
22180857
12045088
22213041
21563980
4789438
16814458
5771814
21391386
2571851
16631769
5652106
21789623
16069378
22170547
18203546
21740057
5401230
5615149
10863162
22393223
5644986
21533261
11305602
10861279
17385181
10930927
5189867
4483375
11254935
10621522
5713225
10918033
21928833
22198371
11296257
22022820
22168863
11323539
21523267
10831942
21739178
11101112
10818137
11171296
16899314
21805141
22396211
10910238
4472393
6851363
10941671
22191991
16916565
5666605
21910858
16145772
10653094
21976474
21645299
22416146
16837014
21960075
21573623
16913346
21973938
16909482
2953694
9492249
1741652
22103425
16900646
22378392
11303922
10993533
21564984
22317686
10965743
21929508
5630519
5186247
22327248
5736013
10405338
21990764
21532942
21715239
4762112
16822452
16923570
22361386
22328964
10867901
21560163
21526571
11076979
22184758
11002109
11217684
21788525
16802539
5627699
10872752
22414748
22411008
11309999
16677974
22393966
10463622
10782231
22385914
10306217
21972428
11092270
22015153
22400607
21952663
10900766
21833253
2456368
10432953
11005473
5619109
535746
10620911
11189279
22323300
21960602
11056948
21521331
22208303
16191780
21545555
16586521
4951422
22319475
10493724
21955458
21972554
21772487
10452600
21747656
5634134
22426327
1816081
3753641
21461570
4989716
22293214
21752882
22387263
16469605
11306038
22023720
22305489
11091040
5601677
1900330
2120258
7173402
16572823
11078154
21991471
10491656
5151624
22181769
22395541
10871584
5390511
5664535
22368588
10393951
22216645
5682839
11332464
21551499
11292599
10918444
22393198
21797085
11110888
21966734
21792936
5710821
5191419
5637269
5650662
11103815
21792460
11299779
22197044
14227003
22115943
5711707
2114737
21999835
5714991
5212768
16827755
5715297
10879158
10955661
22537081
22389411
10480708
21937813
21988008
11128423
22000787
21693866
5630522
1484465
14910419
11240713
10667607
18076191
21110638
21523871
21539466
21530366
11001174
22192986
16944536
1887905
19952768
21553810
11082090
22014245
22392714
11124970
21992142
11219799
22170192
10383443
5660863
16296304
8292036
14050009
22416797
10931894
21816408
16903544
21985412
21566663
16129969
5743377
10422162
21978354
22013373
8314122
22175399
21564501
10432556
22083581
21583358
16379090
16380402
11106538
5336525
21605240
22322470
296643
10724086
21981998
21592947
21747823
10476158
5344700
21772226
5718841
10815358
21974393
22172132
10834012
13035168
11928830
16098105
10924082
10693607
22401535
16491910
11297129
10894315
11296822
10750763
22383706
15944327
5705198
22326791
5728846
10841969
21960769
11312411
42297
10805758
11299265
10745076
22402206
21577326
16823034
22378005
5644183
11077940
5707395
22047912
9583866
10668794
22169706
5706091
10872462
21558728
11120274
22121780
22418237
22356162
11308269
16375298
11322799
10708674
11107879
11306610
22194077
11135710
5210494
16834223
16894405
16397936
5736243
10859840
22174724
10880346
21665861
10902558
21981648
21594710
1367189
9854304
21960228
16823588
5713146
10902358
5702914
10913474
22307749
11104083
21997339
22397041
10425690
11004847
22326014
10828582
11009311
22344100
21788839
11108054
329282
21589494
11294998
10926994
5702392
10924919
5705897
10840273
21908257
11128779
5408435
5723479
10863900
10884314
16287059
11062066
16433169
788434
18017181
10678946
4680036
11300390
11044853
11317570
10904630
11294719
10720698
11286036
10736215
2519772
16605568
4984451
10434903
690859
22160806
10905119
11239342
21971949
11088042
21980520
21597365
5710183
10914060
16893410
10794947
10908751
22211113
5712937
5212527
6111057
11106374
10926207
5712116
10900231
11303662
10923923
5717478
5207429
5651849
21994470
11332171
7433423
5659162
503108
10450099
16619501
11125999
22193608
5709719
10882633
16893969
22391315
10492655
21976215
22388944
10359729
10928578
5646250
21174025
21964215
21531386
21575533
22177552
16908550
11311499
21974299
11086130
5646305
22373101
10930020
10695159
16911506
21999147
22408283
5742452
10790124
13943465
976667
16615137
22155699
10887111
11063068
22387881
5728622
21571362
21975990
4769088
16823751
4972077
22318524
5613819
16830743
5703618
10896253
21565410
11127014
22174660
10903622
10701589
16889659
22301772
11032178
5201856
5195063
22310879
11101902
22016744
22393678
22001110
21949663
11308066
11221288
10825051
10608180
11036572
21801770
22184837
16889992
21535224
21791285
22390501
10492994
11076572
22317446
5636677
22217226
21605195
5709774
16395217
22413307
4775771
16857173
11309570
5222562
21963223
11017792
22001703
11123626
22046957
16888199
16822766
21968355
22222959
16382601
5695690
10875892
4651165
10835533
5702641
16064714
10884771
11047913
11294173
16355128
22420855
5692913
10914527
21562898
5640428
21993079
10608903
10881330
10986811
21762997
22385405
11112720
22014912
5716350
22010251
22437198
10379728
21781002
10923542
16860462
11309444
8029922
21542571
10794803
21717030
13852644
17261706
11247112
22197494
16848439
22392311
10489648
21974785
22396619
21984433
15889628
5744488
10319118
22007871
5181974
22302451
21554900
10963233
22039447
16919336
21944254
4785969
5619147
22125075
11220645
2483419
22173858
22392179
15486292
5741510
10017401
626389
10633736
1878414
20257548
22223346
5709217
21987868
16811236
22407345
10850644
22203137
16911374
11300278
5229193
11272286
22193655
21549166
10517586
10965514
16884258
21611976
11136354
22162165
4753216
22307080
22395347
1963518
11077153
22087675
11090457
18531519
4336852
17569609
21799891
22391128
22308850
22228310
21550573
5750744
4726766
21979239
21743760
10903721
22005923
5718382
10905097
5617906
10892803
16957116
21928922
16897364
11212952
10906276
22211562
22300944
2360127
8239122
22167578
21989152
11117468
6303250
22001661
22394321
22330839
11301826
10899705
22393495
22201365
10372403
22321615
11195266
21572283
10901432
10693050
16795121
5716915
10885391
5701323
10905355
5710728
10962823
21926712
22394532
11105829
10787314
22000011
11075386
21994138
5499735
21609107
11297046
22198607
17531274
5724955
16613039
21987248
21563681
10466574
11072914
22318896
11098078
22185554
5710980
16394337
22367667
5640963
21511111
10690166
22184377
10897516
10579945
16381996
11109235
21966791
16893938
21968108
4772054
5614667
16702084
22381030
22394693
10486723
21968405
10515458
6861251
4109098
21732789
5706520
21976433
15992559
5729163
21958911
21974897
5734065
10429947
16900623
21976559
11028493
22014976
10873660
21750354
5632225
22198798
21493725
21548937
21730627
10473023
10954541
21731006
11251106
21973862
3996532
17498450
22183587
16902081
21969624
11092329
5195569
22318837
10901095
22012882
22395185
5639555
22206868
21544592
21553630
21873973
21763749
21430202
12965899
22418589
11305990
21997328
22403265
22194693
21667401
10416894
21736944
5630806
10453544
21949376
21578058
27353191
10655128
16836460
21921958
16894606
5625384
11234698
5632272
21936938
10716298
21793216
21491522
21733462
21571187
21712455
16046242
22181757
22388771
10475556
21980698
21578813
11089345
22003654
5614286
22004959
21983394
21567162
21787686
11312632
10911848
16896038
4838542
22395615
11108746
5411710
16812531
5636974
10883929
16895200
20753604
11227671
22190407
22379216
11114292
16322566
22387867
21558575
22082782
10409890
16840196
11333552
16301672
21807196
22396800
21508512
21753721
21562103
21776466
10367081
22189757
16900357
21975897
22426326
3409043
17919712
22394093
10433910
22189257
10783453
10831541
22403395
22189723
21507424
21562672
11223565
21973718
22238801
21959386
21576698
21754551
21565769
22394264
15965348
10889646
21984191
22303470
22163377
9157202
6718416
21727231
5708182
22031840
16905797
16888848
10724039
22395926
21534138
21775346
4764242
22288561
10651118
21981907
21558731
11082195
22003476
16920453
22006481
11195911
5697481
16589223
21598907
16904701
10931694
10680461
16913595
21993666
11196510
770972
20665727
22019939
22179443
22394082
21558615
22173489
21499643
21771543
11246278
22142784
21504986
21582630
21743295
21973563
10667343
21983796
5718188
10688333
10956334
21562339
21962801
10605031
10277428
22414754
22155663
5741884
10853830
21953928
22397438
11075245
21994816
21580726
21668330
10447654
10887342
16905048
22016850
22377495
22185769
22197261
21565120
10469938
10969356
21972622
21709059
22435966
21565167
10423182
10958719
22391203
10492154
22172280
21749182
21669477
21529364
22213582
21487554
21492939
21659513
21570621
21745160
21447839
11079397
22209398
16940069
11239405
11210762
5775241
5375723
21566776
21988491
21757370
10433662
21749739
10888777
21765929
21504727
21989010
10638166
22001280
16908250
22026090
5705095
22007615
5701810
22026213
22345042
21541345
10997417
22004451
11316150
10903640
5692576
10918915
5709491
10918857
21977259
22183337
11115126
10875488
16900542
21547241
5613619
22185489
22412252
21538709
21568197
21542742
11103262
10479579
22300281
16838507
5700474
10894327
21590739
11120166
22208044
5712839
22013167
5613969
11192918
21588208
11125030
22193611
21540311
21960930
11312790
10879112
22172145
5748770
4733051
5651103
21964286
22423618
22172748
21591899
22411141
16820197
22412776
21576262
21581621
21746328
5736037
10442916
5713602
10912105
5611826
11205784
21607491
11203327
10866434
22167359
16938085
16917245
10893141
16803582
5643254
16582887
5733255
21543504
21984797
22419210
22408042
5705959
10931516
16879016
10455220
16722386
22181212
21946355
22415746
21552302
10474478
10961237
21751653
21941953
21913870
22017389
10589298
6110793
21914644
21786047
21731434
10409354
21745980
22391393
9680911
21278271
10866732
5382277
22326971
9598524
1622341
10904131
22395068
10470812
10872109
5703112
22009315
16893090
16900067
21986677
10806735
5185645
22287929
22418899
21560545
21513525
21958171
22003818
11025956
16837080
16472486
5620065
11302411
11016441
21539809
10879403
21962793
21977511
21820685
22106113
16883863
21628638
11310024
21751711
21579207
22381989
22389550
10490021
22000281
21977297
10778992
10954782
22387171
22418510
21583353
22418931
16903344
21637933
16901922
16905094
10930680
22403145
5725901
21594882
21972648
10450101
21760825
21546634
10871134
22185334
22392710
22238666
21981301
21596518
21743244
10453903
21803310
21960701
21711779
21553133
21738223
10433235
11064573
22402431
10495428
5731083
22150669
16810433
10456950
5651009
22169343
16833442
22202779
21563271
5709934
10946590
21946741
11116908
22200749
10886107
22202194
22392821
11156846
22006456
5716348
22028286
22417503
22381297
11306385
22188455
5719598
10892888
22311581
21579702
11138518
21973949
16470630
22006165
21552601
10743186
21981511
5715017
21980156
10459086
10851825
5708886
21998822
5703761
10891435
5702615
22024235
5709051
10908818
5639730
5557122
10896312
5631517
5601456
10931410
5641474
21948734
16904034
22169338
10500810
22199531
16886718
22402415
21550707
16241673
21980197
16869291
22412883
22173980
10538168
10845149
16903309
21985004
5706268
10924984
5195666
22214937
22203473
16889962
21627508
11101331
22209380
5705317
22019079
21938635
21739530
10445506
21725778
10883618
10648423
22390635
10482973
21981518
11326452
22167603
11178439
10786989
22321781
10908878
21965981
16886219
16906049
21977731
22390454
10870220
22201459
11309794
21995150
11343708
21998543
10933505
10686538
16916648
21990189
11234833
21747066
22394785
10390334
21766591
21955629
10931459
10695443
5713854
10906681
16892102
21609670
5696643
21784418
10896755
22183475
16906740
21996523
16888473
5709723
22058869
22386897
21544126
22169605
21708064
21685312
21506201
10663713
21960067
5714145
21766214
21579994
21542987
22207244
22399551
22423299
21583718
21597880
27321879
21584814
21751730
21782370
21476032
10906558
11452547
21997271
22178609
10460467
16683143
16893635
22154044
10485066
21746905
22393883
15960040
10680966
21964703
10478362
22192399
5714792
10818353
16891298
22340827
16899050
16891849
16368455
21561491
16231745
21732590
7222988
11101255
10943938
5725216
10798773
5628271
22413403
16892765
22166050
21546546
10874973
22181030
16183611
5698201
11090812
5715881
22048012
16902669
21984363
22389163
11103315
22019504
5711733
22014934
22276378
5713701
6070371
21568429
21994615
10866480
21975692
10932324
22037527
22408748
16815602
22381498
11232198
10810700
10902706
22198622
16898523
5715266
10906855
5720855
10889035
21997233
11104979
22198876
22025074
11208632
22308093
6923302
11084760
22008391
16890941
22410940
22201245
22398002
11099441
21597382
5626284
21999374
5720540
21974604
22194505
5693718
7705603
19607971
11308246
10649097
21568506
22416305
22091402
21597059
21524058
21728819
21519995
10912867
10589676
22330634
22324251
22178354
15931037
10493206
10861682
16901703
22391775
21980023
11110641
22021910
22334690
22185075
10464598
10776228
16900706
10828144
16899532
16644089
22416066
22172825
10377417
22005845
13647993
8132523
22392139
10430902
10989205
10939387
5397436
22315001
22412607
21564268
11237871
22206279
21558166
15941733
22178467
22172498
21554975
10768178
10983868
22437077
22164987
22001231
21712188
21527221
21771961
11089558
10944151
5704991
10962599
21968787
10996612
11088037
22026246
16883569
5705198
10940372
5711176
5217020
5657950
21961748
11121257
22205773
22392857
5401046
22318652
21604531
12664091
10860973
22235314
5710569
21995329
11297473
11072077
22178374
10996211
10684788
22181266
5730192
2636093
7700952
22320918
16896526
21587081
21968521
22151641
5638061
21767725
5657118
22409597
10397027
10781968
22198772
11311198
10895194
22395560
16449066
12389562
22408825
21546864
11110238
16424110
22017074
1141165
5367859
16914849
3575378
21509697
22411400
22386468
2006820
10871282
22070771
22381901
21580901
22203969
10556425
11337005
21552048
10970301
5721447
10449576
16941656
21982530
16895172
11317484
22004558
5718110
21976846
22391230
5751461
10227440
21944627
5194775
9722466
6782663
5370296
16904665
10628510
22390046
21585307
22169997
21576383
21742451
21534255
22119380
21561952
10934642
5708342
21622890
16819961
21777862
21995109
22185434
5628163
10622089
22396233
5740011
10421471
10871453
2166937
14637551
10262644
12126362
22170221
10510510
22196356
22403778
10463970
21751137
10453179
22184691
16830178
5133528
21980564
16941723
16898999
21827160
11242831
10990049
11261572
21596369
22392660
5742207
21590919
5460494
10919326
22192947
16891882
22060496
22180486
10472005
5394344
16830242
5702896
22000095
10887958
10991063
22020704
21985353
10592068
22218734
11349594
21849618
10927923
17073838
5704050
11089197
16809579
5627359
22405153
22396028
10476078
22161861
11207588
21605869
22383522
11310579
11075360
22165207
10909553
21790501
21563055
11300741
10935445
16816705
21609266
11117308
5379952
10925530
10880631
5701848
16418364
11305052
22167159
923719
15863793
16905530
22010213
22436547
16911572
10738207
22393793
22201279
21566434
10351655
21967801
5382973
10630817
16582883
10910760
22184182
11117464
22014037
16893632
21979174
21607729
11318934
10910895
6654486
16403826
21995284
11074974
21794854
10958550
21987055
10893644
22178741
10690846
21751114
5630970
21531817
21959008
21574081
21780582
10459872
10916463
22354509
22417538
21550023
5628683
21601721
21907931
10471246
6099771
21725048
21759049
22387705
10437732
11076187
11290512
5071478
5653133
22388067
21774235
22178217
22392205
10488196
22010630
16905923
21961131
21542178
10686050
22002520
22392491
21885271
11088359
10922727
22425633
21944713
11117043
7528310
14468216
21950922
10502692
22181539
21562651
21694478
21542528
21693487
11122830
10433517
5388850
16834582
22409951
10925794
10700180
22158734
11133867
22192577
11311428
10885634
11103151
11152979
2890826
19004333
14054449
21968320
11111160
21969388
21550932
11052465
22390255
11320150
21970400
16891753
11208881
5614708
21953522
21559747
15629636
21610717
11293090
21987378
16896674
5706390
21982320
4759197
16818292
22197220
22417894
5362922
11093158
8409663
11210230
21813718
5620858
11235286
21967776
10371861
5628316
22170782
22412984
21552128
5638989
16369153
11317378
11085057
11296536
10740825
16830756
21937617
22379230
11099621
22209543
16908425
11238651
22324923
21560186
21524816
22425214
21436829
5312594
5037122
11058874
16900003
5723095
10802462
11233666
22401110
21583731
21706760
21486646
10646304
11098309
5609853
16800836
16890122
5714167
10815803
11225824
5715856
10906975
22393465
10897032
11264479
10896657
10684910
11197659
5625407
16910838
5211819
21955690
10638596
10992030
22319951
16893728
16895083
21939083
4827033
16835737
10920036
10648097
22387787
21561104
11004764
11225191
21528146
21986050
22408856
21566886
21545231
10912722
22013877
16902114
21881674
21474667
22164633
10908464
21989568
5717096
21968274
5695646
10679611
21592454
11302322
21757005
21998855
22338281
16841415
21985477
11227437
22007580
11305487
21975825
10901349
16400729
21968599
22149883
22058807
11029431
21595461
11312955
16884872
22379725
16821190
21982731
10696460
16592187
5740866
10469146
21935777
16880522
22397180
11305933
22194900
16807452
5706152
22050166
16896522
19408418
21983131
16902708
21973198
21545111
21798363
11274638
11065415
21990564
10919760
16159912
5693143
11015142
22376879
21602723
22382078
11130022
22129678
22391314
10894837
22000692
21458722
20258286
10671449
22302975
10466950
22182691
22395314
22211059
22175020
22402650
11305381
5005916
5651605
22400236
10719969
22202634
5613781
21979641
21998970
10885851
21573732
21573912
16797604
21474740
11303366
9608912
16851542
16845710
10892900
16289673
22395494
10461212
22187976
16903110
22400314
21608862
22403913
10251328
21978840
10455553
22195311
2828993
13902895
5640595
21971112
5706924
22024642
16839036
21923270
10500522
10335666
17428444
11315850
21784708
22168770
11100806
22202653
22395462
21575403
22390071
4826169
22297358
11087892
22008171
16823930
21997169
22373084
11108243
5008626
5699035
16906325
21973389
6073601
10473226
22170473
5735470
10411090
21563549
22411214
21767565
21544719
11311793
21546439
5645398
21734245
22157956
22200464
21559131
21593071
22176895
21579555
21743178
20323235
21731323
10425301
16577663
10902148
22199877
11286797
22197582
11108285
21985636
5716283
16654772
22391087
5744081
10240772
11000895
11314862
22000084
10967354
11324403
21604276
22180420
21616953
5654566
11305353
15981558
11309780
10999980
16912543
10881733
11298129
10752784
22411900
22395481
10475860
22170549
5553152
22403649
11071246
5699502
22039256
22385035
11322950
21582565
16878502
22391409
10933828
5340743
21442270
21927074
16895789
5687061
10907899
22393882
21583699
21785119
22413862
22401328
10346192
11036454
10705482
22351654
5731182
21568323
22388094
10895475
11103178
16886643
16924123
21982307
11111610
11114458
10710646
16893314
22019896
22390011
11298758
10902945
22167044
21590536
11227427
11240603
10715880
22180479
21572651
21745583
21563151
22169174
10477140
21774076
21614331
11190096
22383167
2660155
10488705
22099429
22392444
10875803
27175083
21536687
21780035
10984113
21541258
11024655
11072754
22390166
21577603
11266723
11302911
10883255
22179234
11296270
10918318
22324384
16800823
22283370
22185261
22188957
10877982
22202923
11300050
16603633
16499706
22190820
22390707
11220414
21990035
10367871
10896430
10915330
22397132
21619368
22402583
21580579
2785605
22386595
10563231
22195155
10896845
10690620
16896175
22413975
5604757
22307176
5390100
16805367
16816948
21789078
5721414
21985605
21962400
21593694
21766498
10428010
22191413
12228034
11339858
21535448
11312288
16484367
11297050
22185189
21991589
22161424
2499224
10451654
11064281
11249682
10720834
22393923
21582527
21980894
21753654
22409261
21679492
22413480
11220551
10922193
5706353
10879586
5702202
10918064
21973706
22220786
10933411
10676160
22391931
15950849
10893418
5385805
10636626
11142431
22397731
10496986
11057957
22399909
22376316
21630412
22033934
5645729
10469859
21330625
11066530
22006997
22416857
5755934
10734177
22226161
16901435
22104691
22119145
10912015
21994926
22212144
21991476
5647444
10714142
22011335
10442970
11006519
5701511
10925679
5188386
5403929
5613333
10889698
5703025
22020555
22401351
18935395
5636549
21705000
11235033
21933824
22342812
22327637
10870522
21598733
5715654
21983064
11231886
5401576
5626455
22005554
5703676
10915173
5710604
5208302
5629997
16833168
21929285
16879591
22375314
22042921
22314654
10619194
22184530
18667458
10964691
10627945
22391321
21744915
22202819
21566005
11294995
22180607
21805407
5632745
21920075
16830907
5697503
10930977
22388689
21796974
21988831
10387783
21742118
10740519
10873730
22112006
5644306
10963723
11302974
10910012
22380139
22212402
22161367
5729297
10438120
21565116
5697286
10595265
21910262
22324334
11088214
22014063
10874060
22193831
16823508
11298281
22011334
22234834
10341066
21697277
16885084
17041330
5719450
10887131
16884493
11212137
22339796
11306678
21992186
22315017
22220162
21796481
11068720
22011529
22195715
11036986
21924329
11092605
22019720
11307829
10896425
22206491
16809650
16890674
10666693
10905505
5673063
10809359
22390263
21797815
5219646
16823395
22177116
21556825
21711082
5609866
5608435
22197741
11208567
21608449
22393278
11036888
10914513
5639350
10927209
21993666
22169922
22080061
10496234
6500662
15410769
16896212
21936421
10893833
10699410
22388816
10447948
22167245
22411937
4777107
16851600
22317141
10927616
21775262
11309107
10505795
22384467
10894374
22201787
16882550
16916529
11199927
11205087
5717358
10898174
11302763
1789290
9031920
16823723
11302791
22201878
22402009
21766939
10886828
21979781
5741123
21956706
10921588
11222765
3409473
18867005
21930583
10459762
21738940
21551125
22218505
21611290
16903104
15959054
22100476
11095045
21984775
10462183
5722386
22152189
22398121
10843415
22173834
10906261
10705076
5612449
5611489
10713292
11297500
10724420
11299205
10700239
16886337
10801997
22308315
22412720
21569734
10495350
10985891
22377933
22383439
5713483
22165568
16884240
16892335
21980971
22395944
21562788
11080132
22182944
22055243
21519837
16895558
22390814
22012465
22180406
10380590
22166975
21582907
22172854
10476996
5381524
21999574
10620871
22172254
16900904
21974905
22406402
22415081
22415159
22397138
16803478
10503750
21983109
11314096
11074897
16876910
5639009
21949002
16886007
5708240
10922087
21992100
22192050
11096543
22008581
5706879
22040978
22375556
22193960
11005322
22003971
10943778
22015027
16880474
21638809
22389146
5633449
11092385
21765082
21564821
10859194
22189174
22313108
22194008
1260998
20833413
22020619
7904982
22035450
22249827
10481650
11046170
16890520
21974224
22418258
22394049
21563544
11082508
21984249
5702482
21564568
5699872
21765878
21564350
11095149
22176128
21989344
21594383
6516261
10439150
16915715
12079891
20952441
22412536
21587973
10465306
10894139
22391470
10420466
10861235
22415600
22400459
10462824
22010986
22398122
21576997
21765946
5732775
21493189
21985133
22179430
18612485
7389068
14465479
4672296
7614381
21552593
22103212
5717348
10694550
22162056
22398789
11117356
11078382
16901610
21559879
11300241
21970306
11297782
10693290
11044741
16890867
21623381
22189112
11084462
21624370
22367669
21648404
22394214
10868536
16003258
5723379
10860470
21948985
22346582
22180998
11299955
22171652
903379
10086551
22217807
22412141
22311929
5722504
21553515
10479649
10829456
16905820
21968964
16787786
22170863
22225340
21510142
16878409
21631842
11303343
21991679
11312314
21753036
5391815
11075603
22186617
16909946
22419586
13798515
22124983
11321301
10886712
22181849
22390844
21955234
10520124
21992135
16831059
21919433
16894043
5699637
22032318
22396340
10427128
5619573
21755134
21748238
5397491
5619352
22026675
11304962
22190968
11304383
21980001
22191263
5611588
5628921
10882226
22391278
10887887
22021457
22411073
21561904
21549966
22147765
21979862
21575812
21713254
10448172
16636213
22392111
10480218
22178584
11309087
21961331
16883546
16899837
21628508
16887054
22390755
21987535
21945643
21555511
10461307
22185161
10716038
10663862
22180248
16604324
22189038
14530056
11306760
11075390
22186054
10888757
21918020
5713390
21960853
21943127
22168530
10499881
22047957
5703970
21976902
21584686
16851165
16903570
21374075
22399446
21569574
21757620
10472904
10896713
11301049
10705335
11230604
10625860
22294471
22392387
5650437
22182603
22009758
21567577
22026059
21450042
4787702
22301661
21736485
9946845
11228360
21999622
22418940
21560553
21554720
10528707
22327960
22398790
21391819
11240790
22189697
21547963
10516552
10835923
11298666
10711876
16895072
5237556
22289177
21427034
21479663
5714258
10915258
2045721
20245798
11309056
11081135
22415577
22182412
10458798
22198248
10787370
22213413
22043930
5399705
22302457
11288352
21614367
16882700
5703132
10916785
5700624
22033126
22387527
3746881
2410037
1806129
783197
2773768
318489
282396
10038961
2120999
21516402
16890274
22391166
22188981
10349520
22307339
11297883
10850822
22395336
5633249
21913967
21560579
22413745
21564136
21594843
21749350
21620626
21711242
4742862
22305853
3838623
17831575
21521523
10423180
10860456
16887631
22402571
21539960
21807525
21499471
11059508
5388463
5706370
16515381
22410027
22392299
21608787
10895462
22208060
16901166
21969106
10481102
21758970
21572810
21749967
10392156
21961518
22165810
21571005
27338802
21546081
22413128
21559563
21579194
21731870
21577412
21815128
21510474
112515
11120240
20872331
21688727
21540128
21982782
10800623
21550613
21720253
21556455
16153907
22305976
5734346
21793146
21579442
21741178
21572290
11093213
22245557
11213229
21970889
15451851
22392545
4961502
11097681
16456022
22411306
22185146
21527734
21774562
22395745
22100299
21962344
11111447
21992543
21566078
5196879
5618608
22193459
5707608
22013280
16877098
5634389
21992429
10297810
22285900
11307794
22182486
10830507
11063912
22393223
21588971
22168345
5732286
22002592
21985224
22417627
21494406
22318472
10867817
22039261
22390561
10875834
21592954
21614296
22138771
11304151
22200770
9028762
2195855
21773186
21584644
22389973
10449095
22149525
21960226
22394208
10456038
4776842
22299653
22001082
22025138
21569762
16862318
10984484
22201193
21922237
21583637
21739758
22416278
21582344
10483042
22129806
5727720
21943230
22172706
21515186
5557148
10882991
21989894
5711470
10876809
21995438
21600572
21775040
21943400
10675431
17165181
5436860
22311462
22193681
10905517
10723003
11319768
10705886
22409401
22301057
5701082
21583273
16825843
22346176
22166474
22173465
5660030
22207685
21987569
21542594
8886346
22117295
16826793
21988115
21603486
22386827
10890011
22182471
22382064
5614263
16812069
21580840
21489514
10652882
22003923
16895844
22016390
5747030
15961368
21982138
4783771
5654083
21745236
21458244
21716947
10457269
10884807
22388348
5713712
21538671
21893879
10379863
22390005
10472602
5215606
16820895
22378464
22384594
4830673
16869978
21916640
13453697
19985205
11097782
21999039
11228065
10485482
22410836
5700318
10667446
21608202
11298834
10780769
11084526
21983903
10935718
21802397
16880599
5700025
22046276
16895717
22013142
21453456
22304194
11105876
21613422
5610096
5617403
22202042
11302054
10730134
22384650
21578033
10699266
10949922
5702398
5384700
22314909
22184128
21493173
21604112
21718710
21513031
21746612
1966544
10393354
11104513
11227098
22185757
11293174
10662749
16901812
22189158
21994426
22037826
22164699
21572922
5714336
21963422
21979720
21560992
10668134
22020615
22406533
7890892
21987676
22071727
11097888
21983450
11205783
22389602
21509601
22196790
21555965
11089102
11066665
16815059
21545602
11111939
22178121
10904590
21958327
21959446
14335447
22393950
10601549
5619342
11004501
22319915
11127070
10792244
22311373
22418911
21566543
10320629
11225271
22402834
10666103
16409469
5726562
21547263
21970461
10928239
22152223
21735359
21772164
10445518
21731513
10454830
22107166
11319563
16581440
5634213
22396155
21580015
10615802
22159960
16894564
5710068
10922962
16815630
5700325
22053269
22410632
10516961
22137435
16817323
921495
21396344
10883167
21983176
11211815
16579692
16503737
14099406
12956210
10483087
10717439
22389169
5648907
21445327
22161818
15963211
10660547
21993277
21988266
4986619
22330222
5749781
10371074
16874164
3502213
18750463
22165372
10515265
22099482
11106253
22191236
21533522
22210661
22387570
5205894
11097994
22207671
16896004
5635729
11297488
22179057
16002849
5678217
21757124
21467200
10883557
11222347
21992290
22181619
11144230
22013988
22411296
22416963
16895935
16885328
11295995
10655434
16912420
22008314
22322096
22196227
11104710
21997295
5723569
21966248
3196856
11027629
22135552
16912398
21995793
5709150
10713709
22392817
21586795
11087928
22402520
4797118
5612945
5364140
21772679
22388066
22201991
21826720
22199701
10357188
21760122
16897268
10795432
11327147
21542228
22180018
21996697
21544430
10447154
21955976
5703476
22175294
22155101
22192409
21560940
21614871
21779762
21586303
11069769
11044682
10618466
11797822
11003259
22323451
16026859
5722790
10871982
21603628
22309839
10901745
21982563
22003362
4964776
22170947
5639039
11091032
21989704
21974296
21813354
22186127
22013330
21495277
5632618
16754199
10785782
11100857
22410071
11299654
21857874
22316841
21534635
21741127
5744766
21592837
10597881
22134748
16880440
5700607
10932502
16876959
22340074
16907394
22397368
5408098
14674055
13991926
10878872
11296918
22040478
22178033
5697222
10976877
21555897
5715048
11062374
21625831
5611365
22015511
11201517
22318961
10484275
22000362
16887528
21865408
21601294
21691044
10380448
13501815
11308645
10885358
21775871
22192931
22019465
11234476
22411818
21559343
21577137
22205529
21522534
21578132
21745000
10395388
11227665
21769005
21579458
22143806
10618127
6840659
10793938
11244598
22177025
21572569
22392889
21542018
21567898
10465443
11017777
11211674
22344083
22167920
21611763
10581055
11320274
21572332
16882914
16792502
21475794
10877022
5178279
10586787
263325
10896686
16906823
21979728
10399331
21996292
21763446
21970715
11231222
11303620
27169543
22334674
22389241
10485906
5386901
22048553
21793682
16896956
22317078
21832311
16327693
5695615
11062349
6232903
10554398
21641662
22179474
22187342
21585845
22335920
22394932
22408407
21595659
10893259
16580787
5695017
11094088
16881995
21652216
5620659
21808760
22458601
21510571
22012743
11295261
4066954
6684391
22399973
22409055
22407053
10479038
11116184
22408512
11303641
16329048
11320245
10712929
5602915
5619078
5006367
22181050
21977807
11068414
16578258
10920451
22205718
5619660
10960341
21955118
21559484
10700337
10987268
21995421
10490035
10866762
5612270
22317203
22390191
11235854
10804270
11290101
21573385
10388495
11147715
27358094
21556077
10585983
11225840
21790824
10387180
11240505
21769016
21437194
10689246
5625758
16836127
4544533
5404193
21686379
10682767
5365526
10898394
10684932
22395024
10459507
10857515
11286347
10736013
22394018
22205579
21579993
10480440
11013694
22371963
21635721
10940537
10853760
16936901
21517213
5618990
21777427
20871911
710110
22209868
22327507
11097137
10826853
17851431
21281412
22397277
5413651
22389780
21537613
22187945
22007356
22192592
11103357
10834177
11303737
6662568
10642271
22240931
13034930
21823566
10688224
5798173
22031363
11299115
10911331
22315222
5711197
10038638
11940638
21575189
21566873
11090450
22199323
11201000
10684078
13548627
22005073
21795313
11191092
21601802
457446
10877801
21835049
10346726
21569886
11000574
21756250
11090166
21911297
21769485
10923158
10691899
22394374
21581798
21772590
10803759
22201762
22002775
21606775
21763410
10489741
22205782
22410080
22205767
16522208
5701491
11086352
22155410
21546238
11090334
22176012
5704829
21566295
21572551
21985513
21698733
10488030
21801452
16882365
11294378
10942543
2319591
14537795
11878143
22410353
21564909
4798023
16717528
11204830
11267526
21596991
22395049
21581306
22174515
10492333
21997606
22399299
6985554
3713180
9384013
16899225
18842750
19557269
2285719
19883641
22142747
10520438
21795156
10871412
11010229
11305980
13252714
11067494
21998187
5708742
10667906
22155339
22392255
21613193
21779799
11235038
21590460
22015758
2716132
8508431
913786
126278
5258451
165445
