2612798
4639588
9092005
4786218
12087661
10827577
8056162
2718172
11665780
11589434
11550809
11420549
6144888
11638818
5781057
11614960
11547733
3977921
7502250
11239555
11769718
11305683
5900457
2913686
5805469
11383386
8872866
11723177
8528264
11450140
2354475
361569
5166551
11589826
5911689
2833301
5879987
11631974
10643975
11480542
11295106
11580622
5865610
5888904
5719937
11446314
2903116
2915237
5693313
11621832
2921058
5692037
11605597
11571232
11805389
2417858
11624749
11427985
5403168
11327439
2913986
5794273
2955456
5765023
11545406
5909025
11237943
8854030
5524990
11482030
5421339
11745162
2726266
11087022
11682336
11361571
11245948
2914998
8827708
11117532
5876452
11807242
8534761
5654467
8564861
11257571
11319438
11337384
2789398
11385759
5588434
11450854
11730371
8427790
2901629
2920212
11671457
2947338
11359354
5806884
5691312
5699666
5727217
5846965
5587335
8861527
11385824
5856077
5771763
8670331
760034
29024
566814
539291
566443
636847
712875
363999
9184212
11445164
5349996
9651700
2440010
11720849
8446253
11736116
11102598
11285902
11444857
11623539
5382617
7671852
5824288
5814292
11750040
2916810
5730171
11668714
11073767
8463359
2126142
2941869
8750186
11407878
11502530
8017869
11423629
5453101
11540413
5642519
5534437
5856132
2433400
11567260
11726264
11721525
8615189
2360495
5762523
2243630
5678157
5831061
5891577
5614553
5686230
5628775
11354273
5902846
11650420
1465003
5635004
5755726
11552813
2920504
11296269
11752752
8584205
4764
5600162
11341124
11545016
2695582
2932014
2911724
11305947
2900052
5872968
11386723
11383268
6286897
2938922
5696241
5804020
11716942
5631613
11190662
5673022
5406586
11116257
3016924
11366018
5862520
5646724
8660750
2656294
5411166
8391559
5619229
5315939
11173552
11002272
2831790
5529927
8493237
2830590
5236776
2672108
5513127
2807399
11071960
5450555
11188169
5845258
11325926
5536662
11047647
5237762
5382588
9538083
2636928
2647481
8505991
5528498
5434909
11246704
5621362
2450822
2774541
5387301
11004448
5413586
10974893
11326636
5524112
10978418
5550226
10788688
2719086
8094580
5527923
10899017
10937232
5129027
10989843
2830815
11066339
5725298
11078534
7889118
5281190
10893628
5290291
5276401
2665683
5236679
2491422
2654660
5576501
5083128
2764232
5634131
11159785
11401847
8106048
5203353
10598909
2699410
5322147
2727877
5452547
10929767
2602776
5026353
10509389
11015192
2798415
5256951
11426581
11229797
5521787
10753949
2511475
4844329
5414070
5503843
2700453
5397104
2680144
5247410
2773433
5180647
10518051
10833449
1507799
6418871
10899340
5741669
11458561
5661582
5226837
7981730
8133524
10522639
5313914
10776088
10661101
10706449
5104267
5066323
5322277
785932
1627758
5612985
11612312
8675870
2750654
7867598
10488363
5416105
10737696
5163035
10565134
8239040
10621489
632570
10507174
2547316
11026570
5625523
11303773
8222885
5986976
9906681
5420620
7803688
5506437
2545410
5051409
957940
9536359
5136543
10538549
2634096
10913549
8378632
11484784
5773988
5378436
10571586
5252156
10783051
7815028
5178035
5285951
10667327
5121070
8055019
5309310
10267930
8285370
4973699
2874027
2895090
5644824
5802251
5422062
8659180
5233524
10689098
2667904
10721904
2646320
5412173
202222
10532500
5184244
5045288
10805960
10636628
5471465
10464837
2892931
5624419
8737671
10797346
5326062
3967601
9004477
7921551
2586653
7759569
5517849
5189018
4890
5228070
2256132
8226622
10641458
10632848
10117096
11123589
11471076
10374905
10423775
2182260
8212173
5386929
5087004
2626341
5405088
10604620
5211558
10767109
7962889
5324699
5535773
10335177
2730964
5461848
11491197
2881365
10689423
5395327
10647783
2676925
10788596
5178707
10576414
5465296
7815108
5368383
10684742
10718779
2355462
8141291
10524302
387163
4895097
2642141
11418527
10903468
10460706
10527212
2691533
10447397
5211601
10303672
5381293
2332365
5267792
5336763
5368577
7995162
5159265
11066063
5476291
10853921
11372608
2825459
2882724
10534289
10655092
5087309
10741371
3364524
10324970
8814519
2778856
10252168
5201566
2577820
5086247
2408252
359091
10409438
5401846
5144057
8198983
11403907
5516019
10966955
10488433
5310139
5267102
5317478
2766405
10136302
5242363
10508581
2681162
10661709
10899630
10250330
10760580
10603087
10602813
2443307
11094905
5421732
10588718
5301735
10859052
10778523
10372761
10586656
10706483
10626509
5273892
10540763
2563155
7972278
10721525
11168855
2529671
2868543
11274796
10757389
10578597
10793931
5001031
10558366
8032495
5378797
10534366
10607477
10336845
2975566
5368071
10917991
8642551
11398807
10567286
5100846
10522971
5171310
10384208
4792942
4841342
5767084
10671734
4704301
5597286
2627831
5067247
10676145
8033468
8115490
11067036
5623781
5463626
5693589
2694555
7953176
10913941
7909564
10684464
2598542
5187422
8065136
7844240
10492371
5443672
4453740
8126688
2674956
5082585
7815621
10299521
11026813
11154327
10711662
5250311
10581082
10756816
5026434
10265366
10345623
10811826
5284006
6909350
10441837
10621453
10300081
2502352
11167381
5496811
11172995
5328286
5082223
8165401
2573148
10569224
10270543
2595820
5205999
2680768
7984366
5062430
8202123
8073117
2715950
10803834
5229026
10494873
2669504
10850700
8596212
5652570
2661172
10717052
2656973
5439743
7566725
10562495
10607944
5268512
10399585
10472408
5222906
2359984
2975673
5187742
10875722
3956769
10489826
5131982
10500148
10884497
11455256
10974838
5304155
10670414
5529080
8118874
3034184
10620328
10064471
10336660
5168451
10602430
1633647
5197974
2469031
8139304
1319245
9237381
10355797
10295170
10881328
8569696
5525033
10850888
2672868
5312749
7928831
2728830
4267987
7553145
10693876
7635954
8938273
2745640
10231101
10717060
5798143
10667865
10241547
2262034
7883501
2687848
10694369
1269342
8471461
2832315
10711705
7781858
10464763
8694607
10209852
2446622
2674975
5287172
10613197
2569658
10352816
5319680
5206523
8366618
5169166
2489080
2144963
5384634
5031404
2629719
5082844
10525174
11237518
5801431
11210988
10763875
5285491
10265345
5071575
10191418
5329836
5051170
5315098
8115360
10227656
10709698
5146036
2124479
3251210
5149594
10634224
8021398
2433529
10595557
7899152
5470229
11392740
10601752
10731007
8017575
10570635
10134203
8075111
10534303
8125579
1319829
4407430
781729
10425955
8133604
10642222
5420372
5309286
10183618
10725070
5335886
11147722
2818641
2595452
10797401
2731506
5082423
10437310
10199530
10241830
2306945
7948528
7884008
10751856
10600313
5233583
10260192
10378951
5374772
10431233
5188362
5347849
10932123
8684663
2823161
5190322
10811096
10606172
5363715
7932945
10572941
4984919
5066132
10652880
4956490
10367132
5167433
10558210
10625579
10586294
5291904
10406671
990877
4928661
5261362
2600300
238437
5045017
5403530
11554929
10939003
5337208
10235847
10600063
7610422
10349442
7799291
2262978
10835415
4865930
10506308
10507697
10250126
4888122
10442154
2748117
10451390
800285
1730178
10189342
2320318
11537306
10950853
10695247
8019364
5308187
10526003
10564815
5144417
2653674
609060
832176
3298483
7840163
5122878
10572851
4891580
2440557
10720010
10580660
5005887
2553852
2660650
10699092
5003672
10338849
2541086
5327471
11082270
5795107
5455079
10728757
10475251
5216013
10375453
10248845
2594092
2535415
2658687
2614180
5187744
10330783
5435771
10506002
6667554
10644505
2639386
937411
10572095
2647719
2578829
8017240
2721500
4878983
5130248
10755057
11408317
5360996
10895583
10491140
5230678
10459254
10235133
2553742
669509
7141665
5325972
5018894
8646946
10013124
10120889
10333013
10199905
5224529
10701869
7850384
830416
9517876
10406737
5373357
11293434
11267480
5287637
10501379
5323374
10500070
4894076
2694756
8531799
3848871
6691987
10683563
5074218
10501386
7930893
10644498
10108856
7684591
2691595
4940151
10545008
10176692
3838381
10686627
10398225
5323329
11192635
10317437
7778365
7819055
5197065
2544561
10320833
10574695
76058
4954923
10432681
10175370
10376864
4865351
2502786
10491551
2642325
5048013
10500897
10661107
5150736
5987931
5443043
7613150
5132939
5165785
10929368
8318627
5606816
5280395
5292080
5126473
10623058
7567671
2636841
10609778
2576538
5131538
10414720
5257675
9647
5076422
5431523
5076454
10603955
10400324
7873340
10583112
2609840
5350681
2623364
10363879
4521392
4965459
10722527
2623550
5197979
11094603
5496922
10697309
10828640
10630765
5373238
7858824
5260187
5040256
5206365
5285971
10548047
5193737
2424074
7999613
8209021
7931072
2676132
5162100
10688293
5053749
10241334
5089533
10528458
10172535
557939
4669820
10571770
8029033
2634167
5418386
2839220
5470495
11010540
5278175
10435373
10844522
5107626
5391430
10643322
5014868
5284010
10600243
10346101
5263824
95119
10233548
5292369
5195572
2657321
5237612
2680206
5173890
10557139
5232968
2528870
2611438
5105856
5129199
7837978
5133514
7728832
278717
8591865
4967281
2189616
5386188
5300434
5306224
5427299
5590753
5252454
5488021
5159213
1154641
7944429
2346756
4973620
245333
10830036
5258959
5335737
10298450
5192227
10450103
10291676
2645939
5183480
7951588
5097846
5126549
10555774
2632802
2454125
2830994
5302416
5221851
2631196
5147391
5292905
5192542
2684163
2558601
2645531
10568788
5123871
3437910
2595230
199498
4943209
8021214
5214483
10576037
2724400
5275011
8059164
10659129
4888111
10417966
10669011
4878027
5127188
2596764
10115063
10374872
10167028
10181938
10526213
7964637
5304335
10450737
5173820
2581131
10686135
5069069
5045503
7956048
10660526
10469636
2600840
5097260
6673332
381995
7855976
10609182
5115730
5257055
10675458
2666908
10229256
10419501
2153103
8125368
2307468
10690891
2584747
7995700
2596349
5157658
10312259
5248954
10548334
5062595
5062764
7997216
10607125
5219410
2470356
2438863
10750024
5187362
10611304
10668275
10204820
10535964
5317438
5244646
5098931
5090289
5244872
10385497
10550021
7941407
10203731
10359675
11027311
4813505
5240380
10652739
2705815
10568348
10262963
2612659
7793965
10593052
2211956
8067104
5332033
2496976
10445403
5272345
10503199
5204090
10376029
7939138
8085362
10506084
10550065
7805312
2645913
5154184
2207235
5169305
2686903
7670360
5099888
5289344
5406177
7829097
10548568
2603601
5135071
10322720
2609680
10525620
4990368
5102208
5231621
10265195
10625466
5225471
10447935
2653795
10457759
10433720
4776312
10323039
5158943
7979164
5264735
3738955
10381352
5127301
10394172
6552443
8212934
5279473
10502829
7893812
10637881
4887875
10433095
10659428
10419904
7488063
2680345
4895145
10389441
2375098
10604518
10217522
5092330
10299523
7953744
10495774
2166901
2619659
10476161
5320943
1105357
10677206
10749660
7353249
2689953
4786437
212054
5031554
841330
9678413
10591867
2608741
10497812
7939942
10604310
5073957
10679053
7978833
5272632
2462064
5312957
10461979
10198394
4943542
5264012
7956725
10343718
5092531
10514949
2199950
10639541
10675360
875918
5272589
10509744
5262370
8823015
2015077
8388707
10303846
10761432
10608514
10621706
10268138
2630952
2208048
10385471
10318751
5018537
10479135
2643360
5277793
2646775
5251581
7814341
10496969
7938380
5248289
5134214
10530433
10541362
1064065
3927632
10518172
10488744
5211697
2893229
10511833
10560620
10773578
5281764
5104752
10631565
10633075
4869580
10731453
5245571
10207267
5082322
5058516
7967645
2664181
5228136
2667358
5210851
2642178
5110304
10398619
10560972
5142635
5093093
10475562
5190967
10479842
2573104
10234156
5323363
10615183
8292915
2641153
7866277
10373687
10239270
4823237
5205360
10570326
5170748
10539933
2644183
7820464
10637395
2600874
10244029
4959225
10480020
5077426
4994235
7759023
5001417
10520704
8006509
10328965
2165584
2643283
7950553
10655800
10571486
4912857
10419884
4876532
3273653
1925442
10335385
2620738
10367514
7461110
2658887
10484798
10394417
2594105
4902928
7982729
10464613
5135260
10492367
5068651
10313006
2557121
10263695
10136803
10173933
10269664
4938889
5323240
10321354
5293512
10442353
1875305
8372657
10532516
7885453
10422763
5152835
2379779
10775978
5189846
10627730
10563638
2623072
10528071
10209504
10235357
10346643
10077472
10101720
6071696
10595755
5270020
10482055
10643059
10515140
10235162
4862150
10431793
2603882
4930523
10270922
10139076
12951009
5214616
7874384
10440947
8136204
2648164
5338521
2607472
10420716
5033789
10041494
10132776
10304003
10228653
10265173
7549738
10505553
10731005
4878264
10496877
10336048
5199496
10358644
2594793
10381957
10475302
10181804
10306700
5277619
5216620
8068199
2290725
10672088
5229415
2489436
8006985
2609959
4981373
7738102
9856589
5286677
10662481
10607575
5233554
7836221
10669281
10233635
10533723
4830812
7997089
5320693
7691274
10288614
10576056
10158897
10243494
10222380
10348118
4878983
10618049
7962084
10454983
10459051
1488578
8652171
10715279
4912487
10489208
5062714
5175778
10669668
10489360
10229768
10290431
5287951
10440793
10560595
10417137
10196065
10311635
10192794
10569861
7545330
5057220
10434444
10497992
10360321
4209227
3173889
10506469
2664508
10544393
7966366
8015573
5125831
10614286
10137846
10433106
2193946
10624951
4926520
10488431
10179590
5218567
10432405
7981907
10693200
5331857
2650208
7954559
10229187
8003623
5125575
5069933
7954808
10373787
5221230
288336
9887793
10655159
10499598
10700165
10244800
10431175
10189378
10374205
5279434
10456803
10168644
10190195
10263506
10579813
5112119
10434528
2653149
5027799
5337484
10312076
10188697
4982729
4872236
10786474
10488469
2640014
5176542
10535334
10654034
5208961
10457299
10331967
10278693
4871435
5117688
7967170
10444576
10533931
10570678
10697060
10169774
4846503
5310476
10460186
10365622
10613021
10246496
4834840
5202904
10681205
4917991
10473746
10415048
10237578
10124114
10450607
10127685
10125329
10220372
10212536
10252882
10124085
5249619
10689005
7794798
5368525
5259359
2733417
2522050
10294965
10339416
10301489
4825615
10321098
5108742
10271306
10312841
10501173
4934023
10341824
7912613
10402598
2652677
10411390
2628704
10468116
10499487
10199234
5095612
10444178
5272518
5191530
2659223
5182924
2667186
5147714
10402833
10534945
5156276
5122982
7889383
10273724
2593893
10516006
10547892
10095692
10327542
10407121
5175944
4902282
10480806
7867674
2591734
5087400
10213213
5220687
10549636
2614373
10577261
2615028
5312057
10302930
5145710
10426019
10074981
10316045
5258289
5137809
10488208
2639047
2195851
2639881
10365145
10620987
10530047
10451002
10878404
7936776
10506868
10152388
10088840
10230555
2630197
4909822
2609450
5133849
2609057
5413714
10491237
5355870
5162738
10476616
7872982
7683724
5132787
7893438
2660784
7810034
2598415
10282400
10357903
10601519
10582120
2684213
5270008
8245261
5151741
8137324
10542562
10322806
10542194
10053469
4833577
5220557
10274825
10470009
10632304
10348347
4721729
2800882
10401809
10263882
10267311
4855939
10272306
10557192
4527644
10104540
5182578
2548746
11054491
4643670
755379
5256882
10622559
4878549
5152334
2606510
10468574
7910773
7927345
10488855
5094296
2368452
10844395
10535165
9900823
10168705
10365088
10402298
5121466
7956757
7728168
2596992
5302749
5229677
10194499
5159441
10762565
10842342
10547704
10480412
7926008
10301289
5248484
10198393
10381681
10651003
10590204
4919915
10375214
10227215
4976380
5184902
10647040
10607647
10130206
10615082
7952560
10339068
8001358
8094826
5328100
11025011
2721821
10529858
10401778
4838856
10295364
10261766
5083657
10493883
10692044
10536842
10447508
10141385
10347862
4957592
10044779
10350323
10254780
10207247
10262410
4819807
5202900
10649660
4886064
2616599
10763681
8210705
5114950
2643359
10862989
7937279
10471428
10157250
2606024
5176631
10481678
5240256
10511226
5113470
10623790
10599604
5292549
10540059
2612734
10206667
10545075
10592522
5272679
10584755
2624084
5148596
10496807
10246213
5244067
10430834
7996269
10789542
10580122
5019657
10428334
2656933
10420815
4872194
5124095
2646784
10514966
2657782
5196619
2650968
10559684
2662521
5145767
2580258
2608367
5218255
2669746
2705624
5211712
2626244
10186751
7898287
10491013
4894763
10567687
7981750
10593392
10168616
7656348
10460441
8156389
10887305
10905372
4931902
5126995
8002894
10413880
2655887
5110252
2436774
10459497
10559048
8004722
10313265
5155269
10646756
2754559
10238530
10325641
10360582
4926447
10385183
5065859
5005704
10573808
4906446
10390433
5414815
10881170
5397598
5206152
10570502
5044184
10422726
7870102
7945770
10511198
10638438
5092360
10463219
5277421
10362989
5236059
10443615
5111521
5091471
8088308
10444130
5248047
10319040
10546179
4840522
10604950
10742700
5270917
5221722
2646317
5126392
7940317
10262203
2641122
10227715
5082749
10574759
8015131
10494864
7925025
2622014
10435095
10321427
10181620
10610569
10328328
10253858
10086726
4987664
10354370
2617938
10493641
10640520
10550490
10542016
10645155
10546676
10145844
10152184
13036470
10216591
10206287
10034044
10098302
5117060
5428337
10609556
10549538
4838257
7912438
7921443
10478619
4796142
10543097
11046747
7747128
5034364
10279227
4899512
10563141
2585976
5066092
7892966
10534822
7909768
7899119
7656904
9970619
7534843
10321405
3379358
5212514
5150658
2614194
5122443
2642943
10550032
8020590
10384536
10486507
5306452
10887433
7616166
2593020
5183738
2636076
10505291
7890204
10376467
10501216
5156675
10374209
2609630
10200508
10463508
2587747
2888439
10287822
10367280
5049648
10371753
5124760
10366110
10751310
8237966
10952839
5239735
5006583
5093220
10505418
7920354
2604328
5122643
2629115
5159861
10434735
5194448
10499946
10180833
5060883
10611814
3146196
5199871
10387256
7933065
10543230
10555645
10539655
5280861
10601924
2679980
10527471
2577797
10352713
10405063
2597700
3567172
9235691
5271581
4961515
10159064
10439084
10396307
9999770
10165237
10247600
10157411
5069764
4977935
10694766
10540584
10836843
7683352
4842777
5084571
7901635
10548087
10467073
5130769
10423091
10516796
10445650
4821161
5062944
7952628
4947938
7894644
7860209
10620759
10509627
4865323
10446000
6444787
3839643
10571489
4992835
5393749
5266383
2564628
10555020
10612367
10202374
5334160
10376366
10169341
7479872
10490489
10440206
10172566
4825101
5177331
10554432
10515031
10394851
10211698
10210036
10356278
5099260
5147188
2687784
5394504
10688613
5147696
5146865
10509650
8104495
2705551
5129852
2595327
2433218
2655552
10487825
5210895
10511741
10557094
2453861
10629098
9948035
5865104
5156741
10499546
2626554
10417245
5256544
5259353
10539237
5167777
5007594
10578385
2748228
1279802
3761482
10719827
7901025
10302079
10699685
10384921
2557416
10301335
2623169
10672005
4909580
5054354
10427824
5190046
5097096
10324224
7703219
5830663
10555660
10203123
5147427
7821250
10427803
449831
2529542
7932089
1662006
10330326
10886916
10443286
607043
5057488
10723428
10589998
10125644
10590141
4923260
5324233
10295545
5119947
2604047
4844894
7645404
10385714
7933458
5249957
10441955
2635700
10464453
10732395
2648076
4786129
10373456
2368686
4544645
3241705
2653052
8219113
4988896
10525460
10356157
10457482
10212637
10319831
10223717
10390787
10100347
5009148
2487403
10224707
7917335
10242457
10402223
10616966
2634878
5006980
10530917
2620836
4879190
5225136
1022082
7211900
4883746
5686839
10442100
4923700
10632270
10470883
4876334
10347341
4861026
10445229
7880935
2443373
10476740
7723350
7911698
10437225
5241931
5128983
5298219
10285111
10759968
2611317
10171024
2456900
5161292
10928460
7916205
10378594
10501982
4845039
2482284
7926546
2619998
10484438
5054716
5143085
10421689
10379484
5008100
10529770
5094481
10333491
5091846
8134783
2639276
5241544
7858098
2622532
10656012
10844651
4802133
10480432
5409605
10526299
10487005
5234069
5267603
10467059
5029890
10225055
10314893
5243299
5173599
7925313
10303539
5214530
2512201
5076284
5088753
2632777
7579454
5268575
10671126
370613
7454132
7938651
10387990
10860065
8053406
5039929
10775847
10789981
10041913
4766715
10378420
2497972
4968827
7737850
5093735
10492174
5188500
10451806
7950325
10320945
9778328
5245329
5199294
3046665
7936136
10398263
5177782
10288503
5207187
10704330
5016899
10490633
5058945
10527377
2635734
10112558
10269461
10166521
10224053
4852282
5097904
10602443
10658107
10047631
2555257
9984432
10363689
4895819
2808092
10512813
10216564
10550940
4826938
5386759
5416302
2492152
2741220
10683105
10375578
10703585
10714327
4832402
10313510
8008070
10313083
10192062
4926516
10435963
10636332
10216082
5112794
4941819
10494001
10643259
5339675
3554447
6788150
10314002
5054272
10855024
10210279
10337424
10242744
10172219
5175466
4842466
2492805
8084322
10458832
5068347
5063810
10565900
5220697
10572755
5298753
5014903
5204878
5087053
760368
9096055
6787669
10615358
5182346
10378500
10161534
5345215
11034594
5321918
10496274
7999533
5286036
2646067
10388593
10069406
7375481
10406563
5191350
10396957
7897881
2624681
10430935
2197339
7989514
10503071
10294727
2493808
5193908
4015819
5298827
10528021
2645799
5270198
10374621
4821197
2651014
10751788
10958309
10208070
2608524
7709984
5302133
5221039
5294358
5035867
7842861
10505283
10658173
5145986
10432422
7945762
5283092
10549345
10041884
10100374
10372086
10186981
2429106
2325617
5203479
7935603
2611422
5121955
5502363
11080318
10348806
10302086
10155171
4932472
5247731
2549707
7850104
7904696
2662657
5181303
5364799
2601738
5083183
10519697
5128118
5267702
5093581
5056077
5167748
2598655
7870034
2461773
10194651
4988797
5201371
10570588
7959211
8085134
10875975
2292881
8096023
5091298
5002847
10562775
10172257
5101316
5222676
10136250
10350124
10439152
10099591
10210952
5107726
10297848
7939349
10131654
10166876
10410220
5100060
10542891
2760984
10877988
2617120
5089808
10260240
5244225
10285127
10287850
10450976
7916117
10217559
5182667
10371492
5277651
10346650
5018542
7669718
10123651
10455622
10417592
5150557
10243921
5481637
8020769
10545106
7857954
10314959
4957076
7744722
2634717
4921441
10259220
7840116
10612275
5308378
10659828
7872177
2604706
10315552
7975212
9188206
10346487
8045015
10645089
10651875
10347009
5244875
5173348
10408566
5074461
7527850
2611177
5201226
10641951
10081631
10480495
5217166
10574124
10523319
5101070
10199377
10120407
9554979
4966018
10620176
4868790
10882625
11027993
10448106
10478753
10600630
5143004
2336764
2640157
10557863
5124667
10388233
2580244
10336777
10479698
5054947
10266113
10197402
7637491
10112000
5299861
4518409
7971420
7991332
5062689
8010003
11093027
4891177
10486231
7908404
10548191
10162603
10578417
4856195
10305704
4797753
10486118
897005
6591289
2587211
10413757
2601817
10307842
7703518
10365310
4884840
4923141
8300547
5271558
10570117
11002454
5226146
10564826
10544741
10163064
10462960
2183045
10686244
5160027
10274115
7892968
10448925
10522102
5192407
2348319
2550125
7758966
10578522
2808831
4890370
10571187
2650081
4922242
10406960
11114232
10293280
10100740
5234386
10200055
2579119
10251655
10467696
10409111
10017291
10210350
10409316
10193161
9952623
9604756
10328289
4869785
7891230
5193205
10584015
5529166
10912255
5258222
10439164
2622174
7868076
10543575
2631915
4793287
5136839
5306189
10375370
5054985
5240413
10201400
10420939
10065460
2522403
5265955
7630884
5295630
5250663
8028422
5228607
5351012
5302709
11018058
11606899
4888802
10437964
2588466
10619575
5196676
2616146
10376263
10438256
5216915
10129127
7893655
10529738
4882903
2546333
10152552
10420991
8070774
2690299
5187534
10883564
10595517
10493035
10591568
10576978
4855268
5142439
4989012
10549556
2615485
10120482
10490695
5051039
5215973
7934139
7896655
10589243
5286696
5210393
5063630
7995928
10650067
10803013
5567387
5347968
10651608
10319898
5233456
5245374
5072917
10489146
10123386
10205031
10167716
10378463
4859424
10253824
10043094
5454348
10874027
1185199
5069861
10600054
10683913
5115175
13204060
10479993
10481132
5139177
10147197
5076770
5280735
10567184
10128773
5259481
5264222
5094896
10371117
5250722
5132207
10416828
8040782
10845470
10525519
10553315
5313200
10868278
5408472
7951056
7737354
10543941
10626437
5242148
10310554
4827137
5069373
5122755
10423847
10174285
10567234
10288933
1220912
10600690
5019310
10544735
5305420
5293655
8048745
10681744
2607294
10639813
2479343
8023875
7898070
10276380
2640917
10385832
10224373
10108081
10237313
4823938
10596513
5800206
5307391
10322910
5283591
7954087
5529562
10736822
10453412
10647125
817535
4851826
5267324
5207312
5040648
10482495
10162497
10283863
10129413
10531477
10064040
10506818
5311999
5165671
2664338
5205493
2706471
5162147
10607166
10875938
5100081
5031711
10666343
7662625
5115873
2519445
4907344
5234898
10534716
4824344
5187728
10434476
10551846
10227460
10253294
2576263
4977848
10122213
5181353
10590222
10631577
2704672
5218832
10838974
7963542
10449153
10689377
5115773
10320733
10425392
10303871
2597364
4948300
10277488
4793664
5139374
2606666
5132062
2441516
2506536
2623720
5113576
2623123
10209897
10556861
8940669
2595379
10371930
5276725
10518579
10873477
10664854
5041475
10236274
2720062
10735424
5272000
2524991
2643804
10300229
2621737
5111110
2614522
2438151
2619260
7916388
10279758
7843376
10529954
10342348
10304278
4887545
10572769
8774554
5124564
4998654
10768718
10463736
10471959
10202769
5513048
10787869
10278260
2590175
10253709
7855990
2625957
5169485
10438811
10194337
10376535
4805862
10101304
5023220
5067422
10451296
2578901
5154860
5347331
5223167
10662386
10646407
10515963
2602755
4808805
10509809
2732432
5153238
10378361
10633977
5071747
10366442
5084392
10354138
7828261
5209266
10377715
10215311
4788301
10188856
7965475
8013813
2632687
5230241
8000201
5309916
10745310
5313018
10373425
10653650
10743700
10303808
5145845
10309628
10505633
5133382
10293424
5168098
10384066
5289963
5154071
10345710
7831049
8037239
4984326
5219309
2634225
5160488
10628656
10404300
2422932
7961336
10378347
10303086
10332981
2608066
2664639
10456253
5238009
10192324
10508460
5075213
5091065
2555460
5084567
10375313
10192343
10370254
4980858
3054772
7320786
8025226
10417510
5073065
5109878
10651011
4906834
10477926
10744539
2152252
8002217
10494993
5021421
10330708
5267247
4933331
10457137
5063640
10397968
7922463
7683708
5172220
5257852
2621432
5194165
5420557
854042
4313135
8019091
5377090
10536084
10686617
10451655
5110733
10442565
2662775
10495372
5121066
5310088
1142162
8958715
10246409
4905362
10270159
10055152
10344140
10093052
7674584
7495893
10573652
5303271
10603853
4966325
2741120
10637112
10652217
5173852
10627561
5142051
5089355
2564013
2664168
5108982
5248705
5093520
5360184
5178932
7823258
5075852
10707090
10476669
10060254
4843638
5102834
10382027
10543453
2652585
10790638
8199294
8163307
10768009
10715918
10194443
5269343
10690380
10454635
10151903
7949061
10811409
10401453
10540189
4823307
10384525
10080531
10360085
4857355
2499428
10117953
4972357
10711591
8258183
10659392
10924612
10702446
10705418
10752695
8042019
4894244
10416670
5295162
5334796
8012018
2590613
10524768
7959665
2638851
5176968
10380112
10380713
5128781
10334377
2625648
10203479
10734365
10882469
5358143
10596353
5118191
10461250
8092991
10291412
10573981
2572951
5232381
10317435
10128010
5112376
10578719
10607867
10392238
531444
9767362
10264883
3649476
10183046
10475293
4877931
5319391
8237976
10677964
10611374
10733990
10170475
5169537
10372615
2625943
10083785
2625019
10386624
10265614
5241512
10349726
10244902
10087922
3011571
4864330
7665564
5571413
9972756
10769589
10402354
4938305
5159277
10629286
4909433
5135300
10622250
10568723
4891580
10395905
10524094
10245360
10335396
2646942
9989348
10255991
10343879
8701189
3413271
6579505
2101661
3517874
10112229
10593726
2682772
4989906
10574195
10693877
5249637
5270194
7940604
10200506
5271862
10364514
5226029
4946895
5243032
7945369
10273980
10354083
5124360
10051141
10475358
9939141
10440378
5004267
7511213
2637029
5110503
10382781
10650319
10608741
5280064
10491937
364762
4730361
10509915
10432050
10558608
2619212
10175689
4808011
5068245
7817781
10194937
7820131
10356055
10174209
9976142
7885277
10247489
5341954
10436899
5315468
10374165
2525850
5209041
10399546
7938503
10508167
6391567
10464756
5260352
5076989
10359037
10405167
10232907
4861526
10126719
7770253
10341331
7884985
2625769
10516376
10622286
4883086
2604968
10423733
10232393
2473580
2614263
10349114
5230097
10511630
5292558
10418597
10392018
2553808
2606962
5059049
10449262
5048124
10108164
10440807
10130557
10201291
10511580
10376297
10218604
10287986
4817119
7832804
10540493
4806875
10462352
5240065
10449483
7873638
7877097
10104965
7840692
10493402
10079271
10227055
10116700
4884540
10544278
5008608
4997012
10555578
7949434
10459856
6781575
5240395
5212068
10363956
5069182
10344802
2610170
10278306
10245931
10307107
4859361
10125966
2598677
10292195
10195944
7978086
8008680
10029826
10773304
10176084
10210186
4872264
5133139
5217136
5876608
5261523
5026281
10482520
10540390
2600626
10378808
10224066
10058629
10080811
9996443
2167507
10573338
10285066
4702107
5197993
10482152
10728307
10120296
10125387
4913567
10615495
10537161
10118530
5185834
10449580
10103429
4829204
5044076
5209782
5019323
7873181
2365046
10349547
9981213
10206255
2626186
5245611
902219
9632732
5334651
5327494
10634801
10541468
4905723
10607524
5043641
10464465
10378354
2491685
10610429
5248436
10114418
7802468
2600489
5100142
2612370
10160140
10451659
1497835
1038302
746164
305321
1250726
115166
100743
4743364
905055
10344382
7974051
10658218
10559361
4800815
10683967
5285693
5178771
10584977
2566956
10465942
10170599
10635880
10098907
10009880
10127645
9916564
10049534
2167092
10589143
1764310
8622019
10325277
4878123
5191925
8049249
10650046
10234766
10333246
10219900
5217062
2497308
2622811
7917194
10633082
10500712
10156308
5091313
10320043
7910349
10390465
4992557
10476623
10404927
10436673
4978422
10496531
10569163
10210725
12869665
10415075
10687870
10357680
10171575
10126694
10058176
9977057
10029907
13757
5161057
10060160
10425095
10379741
10604959
5285207
10244898
10302894
10212476
7620495
10641371
2708976
10435028
10405693
10174373
10037858
5139940
10209819
5214737
10285422
7362098
10873686
2319880
5300815
7937822
10807735
10795269
10169227
10324692
10642480
10480330
10538419
5315121
10579523
10522670
2501995
2732116
10458257
2615064
10294549
7842463
2582841
10112260
4773969
10486044
5385505
10793730
5100754
5298428
10754898
10555954
10535918
2625419
10454182
10430767
10593557
10215460
10888856
5253040
10688094
10507625
5043796
10142601
9946572
10502967
5286513
10521444
4295346
1039435
10606013
10454981
10801340
4927078
10509372
10435400
10673775
4832979
2200570
10832910
10780306
10377186
10028672
7832918
5084396
10238020
10254072
10135942
10535526
10946054
10241357
4944966
10535846
2643764
10512316
10462759
10318160
2643301
5227148
10410570
2613333
5065139
10281305
10101077
10059351
10274812
4959353
8045931
2505869
10877451
10725765
5101153
5103490
5315441
5034156
10691041
10581154
2606716
10252853
8112948
10599256
10338010
10335925
2589969
10235224
10248951
10085562
4128167
10567820
8108117
10541615
10245788
10684585
5155049
10523029
10582584
2638257
8064844
10295554
10044421
4906880
10286653
7862334
10136112
2599698
7471002
10298148
2147846
2623653
10369049
10245284
10320288
4900995
5140093
10664932
2641419
10194118
10393106
4923148
10705240
4874550
2397352
7908750
10514368
10549417
2227768
7760285
10351817
6315742
9442715
5217408
10503973
5296448
4938699
10614985
2637710
5040717
10180916
5296915
5064463
5220894
10456082
5080380
10151828
7871661
2616101
10357888
7922327
10139283
10048245
10466937
5197995
10254588
2595520
2635949
10468773
5366095
5041242
10695018
10188772
4959661
5242973
2630884
2550624
10625235
10353772
10049125
10126672
10078134
10116825
10278531
857094
4840870
5284515
5268397
10509774
5265143
5037212
8022263
10596555
10438949
10341804
10485727
10180061
2592972
10361252
10311992
10179686
5007799
10174051
10537996
3679106
10428721
10483054
5144867
10412784
5335351
10623185
10218776
10460062
10217515
5161075
5215691
7815045
10056946
5157039
10394087
5064029
10164145
10294977
6693377
10568140
4923338
2599613
5124358
10621857
5252977
5046220
10641586
10665660
10159389
4843791
5328673
10498287
4910453
7625672
2608633
10083221
10340752
4935352
10384100
10213811
10234566
4847194
10230889
4857725
10559064
5269638
7826085
2649881
10643167
10190247
4986216
10589075
7897329
2578031
5084758
7848882
2613884
10376245
10566096
4639283
10448022
7859770
362305
10097059
5073187
10338236
5302756
7892009
7823196
6599889
6117084
4970169
5041651
10532830
2632504
10221693
10498799
7391884
4924133
10261124
10302231
2297343
10386047
2601085
4813364
7888429
1611380
8814485
10424446
4920273
10574971
5245614
10441483
10155249
10556854
10651857
2425979
5268556
10553387
7839735
2588889
5229466
10396503
7541141
2630218
10045430
10051694
5059249
5232091
10364884
10636967
5221823
10550700
10601806
10662553
7824467
8057241
5331141
5096898
7849205
10269628
10455046
10461204
5173344
10148511
2604906
10325490
1447928
5124384
10514560
8075600
10556202
2634588
5177561
10567655
10317798
5245966
10496115
2205423
2650557
2555111
10187573
10449973
10353110
10303608
10307264
4742414
10228173
7928502
5021121
5327708
10378824
10653296
10584924
10172506
4966075
10481896
2601260
10411502
10418111
10297069
10044389
10098492
10291554
10037739
5106203
5191921
4942487
5524982
5120336
10745288
7650090
2662788
5202102
10473835
10643653
5196993
10520434
10314494
2276513
10407345
2549741
5131737
10259988
10270080
10264601
10511633
10130474
10078593
2591563
7878976
5056829
5337453
10715823
5370670
10588417
10738298
10263550
10271827
2597946
10057535
4861985
10377286
7840670
2620098
5111519
7917818
10609027
7788695
10474793
2472965
6867959
6504330
5130203
5333551
10571306
10659375
2686639
5299082
10379434
2705297
5341928
10435072
2575915
10229563
5157674
10482346
4817621
10313248
7916257
10335607
9975711
10162189
4811935
6305112
5257449
5123241
10402620
10600535
10661425
5373070
10839031
10411388
10340949
10299664
10018137
10057598
10134933
4802123
5311617
10297994
10052563
10374937
4921403
3162066
5035115
5268018
10507268
10377963
10848273
10306937
10466701
4923532
5189395
5159217
10462475
10395769
10123682
4912613
5266892
10314293
8011281
7781965
10132356
5098471
2426663
4975045
79393
5126593
7911735
10335949
4886052
10673584
10459776
10510103
5372667
5432121
13068332
10498314
10352909
4844629
2470664
10298378
10241568
7973757
10587941
10092612
7626929
2604043
5215783
2877574
4969068
10224145
10460701
10717781
10352101
10758718
10804902
10832728
10163404
5002720
7699524
2622481
5174441
7843272
10158459
2609874
10353611
10463916
10205407
10336371
5255932
1902625
3124983
10537688
10566275
10875723
5043944
5314783
10821004
5422325
7883532
5287737
4891440
2553399
2587596
2321935
10382447
10255629
5153503
7767231
5993493
10551002
2618188
4965617
10369707
10100405
4995268
5119274
10319503
4883973
5088634
2619277
10838399
10893144
5391498
5208360
5426801
10147840
4764367
5209423
12814333
10127898
4931471
5279263
10361175
4911372
5368654
10117509
10180788
4978444
2615403
7937495
2075345
2536990
10215373
4983329
2467259
5071184
5094876
10767432
5031903
5256725
5405663
5143563
10600397
10331206
10023578
4826077
5152815
10496282
10220936
5097899
5143043
7884680
10227772
2597668
10195916
9805147
290387
10493686
10504053
5192633
5166500
8480410
10258656
10708801
2537419
10455833
10045804
10342688
10342853
10420686
5223023
5161306
5349151
3181172
5036944
10448173
6111823
10298217
4984987
2717198
10441907
5234038
5144359
10601522
2654758
4687609
5654239
10228889
10158676
5145852
10326941
5212202
4965108
5995983
10345103
10316225
5294485
10305626
119563
5171795
10216961
4849243
10186141
5153278
10270862
5162783
10344432
10319427
5048062
5030849
10581316
10082167
10170827
5013259
10434984
10326011
10231347
10372633
4937121
10404254
10654004
10500502
7761092
2620059
5235997
10462994
10163948
5190917
10436197
2609879
10096528
10091195
10269792
10180022
4855562
10302929
8032773
5354974
5216351
1063233
6819119
5452871
10656772
10168137
2214972
7901067
5232135
5301749
10208433
10559392
10079408
10375468
4848656
10298894
10537910
3222473
1714736
4365673
8016591
8976775
9370133
1015140
9282359
10512675
4884202
10287818
5092986
5168048
5282906
6295162
5169868
10362015
2613202
4900476
10432926
10465793
10069393
10206252
5304099
10284837
10494415
1237623
4060925
307409
18882
2136603
42818
