3259775
5489367
4896089
4492977
3500739
3041719
6381874
4867752
6448059
3215493
6150842
1617926
6249701
3128105
6351736
1598997
1593762
6221385
1384382
6125392
4867597
6442522
6388975
5962295
6352860
6305526
1487092
1603353
6335665
6208968
6357302
3167469
4759636
4833264
1610179
6349721
4547979
6472193
3233510
134919
3022725
6411152
6380571
5971101
6205757
6347197
6378502
1908798
1596806
6173042
3002393
6387285
4826546
6322320
3995600
5624323
6395829
6447103
2993695
6127457
6041338
6398811
6210968
2999726
4602731
6099421
6420729
6433717
6307642
3155891
6037914
6487917
4611993
2973274
3202993
6425666
5888932
3178183
6387644
1621667
3121930
6299940
1606449
3133752
6179491
1542773
4840722
6237738
6363732
5923755
2982445
3133842
4865103
3250440
3046738
6398561
3201715
1244351
4868221
6379371
3073717
6371297
3209076
6134843
2422638
4444291
6343596
3109835
6346269
5947608
3127044
3101408
6464246
6423997
2940360
3197601
1522538
6210662
3181802
6419598
1586269
3085353
6293270
6077298
6485146
3243953
3074386
1536253
3025898
1594883
6170878
6196486
1354483
6478550
287550
210769
134880
5278928
4677876
6023688
6223617
4833907
6413650
6142753
2982249
6098898
3090095
6279405
2209981
2294502
3133880
6219004
3061527
3181253
6364470
6373203
1526236
24635
3082788
6020859
1536574
1677076
6218123
6305569
5743233
5906766
3012455
396540
3168310
4678362
3005889
161247
3115393
1565143
6114367
6066591
6142227
3204809
4076099
119505
6050291
4759488
3381119
3986076
1514697
3028686
6256154
3192136
1734572
2431503
5021163
3855599
2936210
5936070
22164
6052908
889474
5138339
6004553
1777763
4887634
4098613
1918902
5722502
1396885
3354024
2561944
2968715
915476
5416909
39272
1513156
3063275
6008970
2821301
62628
2822089
3948576
3576212
374126
5790959
2974775
333445
3007982
6045543
418367
2998821
4659851
2819596
4573792
1062377
1809877
5736111
6083359
6127108
2961118
5890057
5789259
1277321
4413105
4207784
1164073
5963035
2974897
5797256
6303586
1301026
4198611
4587438
5508667
1251750
4544633
4301852
2667974
5600758
5612527
5752909
1965063
3904780
1012221
5991448
5987950
5495361
2776698
5949892
5614831
5557879
2779778
5874532
3084692
5897309
1573687
3104768
6109695
5844785
5480687
2808334
5809745
5816164
4201000
5390049
2682110
2794487
4370040
5786028
5696562
6108630
5616964
2599445
1324018
5873748
5644019
5563686
2639994
2799541
4164216
3002208
2588644
436962
5779538
5775948
4634261
4678952
5539797
5635690
2712939
4286833
5760459
1329503
1386582
5662992
4235217
4693135
1358648
5598992
6101559
6133811
1541157
5672110
5626355
2757627
3903823
1348082
5659978
1741737
2244764
1413295
5580796
5790235
5812333
6134814
6039936
5683358
5592541
1207959
1493361
5707704
5830079
5588613
5554137
1161549
1402679
2843713
5732656
5483636
1346115
4699714
4676443
5655023
2820903
5632635
2977240
5664872
2795407
5582040
5737866
2679649
2815743
5619027
5735353
2980854
2333146
5256222
2833577
1307329
5746618
1387600
4408093
2870878
1429112
5523563
5789544
5404466
2763619
2776575
5637639
1197547
5905748
124525
887981
6049193
3014663
3145757
5766849
2766314
5726897
2878362
5610884
2646043
2813749
5635380
1991057
1479502
5606362
5658833
1507192
5463901
6145568
3767228
5999902
5573719
1162855
1384770
2957894
5688135
5688207
5738192
5518983
4370500
1377747
5574216
4468890
5555965
1452875
1909175
6143407
6077953
5572292
5642878
4369162
5556300
5404036
1188793
1363862
2955965
5404057
5696110
5437909
7191735
5426196
5624890
6051618
2848182
2827582
2527753
2881339
5674166
5812896
5602488
887339
4672401
5415755
2635441
5701991
1394120
5824387
5811525
5760695
3013870
3160876
1498285
4669122
1459911
5586668
5063775
5755365
5562517
5457854
2572644
5696837
1386893
4227671
5822903
5639677
2559323
5631916
2875305
3007027
5462965
5965601
2748243
5724462
5672418
4669795
2605759
5634705
5596163
2696178
1390082
5821622
5829516
2681733
5668751
38873
2810251
2131847
6238291
1545380
2696479
2844957
5627774
2755758
2642577
2924606
2641064
4523098
5499527
5633387
5489411
2580953
2969975
5692370
4256848
6155684
4603212
6011374
5591833
1264464
2799899
5591888
2781998
2803196
1531672
3950619
5728167
5625388
5446995
5625065
5413516
5847693
2806079
905561
3141651
1321123
5821156
5647929
5374037
5588642
5385527
5584602
5621152
2818591
1397705
5732887
3059277
2794735
5700218
5597336
6010214
1425220
73931
5458028
5744467
1291421
5655891
5697647
5380480
1343875
5629233
4289735
4248580
1393339
5410527
5710285
2713907
5693335
1239627
6043119
1306697
2741117
5001577
762311
5618312
5617177
2784716
5514644
5588615
5507133
2650133
5592807
1411782
5669319
4486580
5469939
2674780
5761194
1515735
4603719
6013122
2929660
4009721
2698453
5604012
2840265
2580408
2716975
2840858
5594933
4269185
1426346
2801412
4260860
5696765
2858473
2861916
1915209
5535643
4155826
5821452
5831764
1370393
1543059
3076928
3586080
4886592
2715857
4142604
1396422
5580761
5470182
5613696
5569653
1163367
5718895
1273270
5800843
1405548
5454260
5493209
5707085
327951
1172664
4423492
3628867
2910264
2797977
5562587
2669532
5517746
348318
4930494
5557192
2819913
5665528
5436902
2812003
2771856
5684069
5595095
5272121
2870592
1364774
5927256
156913
5837906
5645230
4327066
1378584
2688725
5586055
1381909
2758333
5620034
4245888
5644968
2587685
5710372
4364781
2762120
5673037
2712838
5496175
5813917
4634414
5202300
3652956
4355640
2790897
2693269
5669879
603647
2019131
5652803
1373628
5508209
5461422
3942644
1412576
5599201
6994703
2760950
2784090
5479477
5544570
2024800
6215171
5477949
2849445
2832178
5605427
2831347
3189029
4269656
5626544
5419463
2642008
5634801
1375931
5522931
5768024
2781976
5712411
4105719
1397715
2802651
5582932
3100707
2997627
2981359
2907084
5699305
5683840
2635211
676950
4793626
4161571
2885579
5510585
4294898
5652345
5652379
5585123
5588063
1400653
1411919
5413269
5561491
5728516
6165046
1413715
5476620
3307047
5562944
1420662
2712837
5391170
1400354
5559222
4221867
5627683
2694480
2681262
2694402
2752402
4226266
1390206
2799682
5817564
5710494
2576462
5616975
2560914
5801231
1535168
6098204
1369505
5607691
904748
2709376
2611587
2773348
5581352
2866252
5512847
5629364
5452400
5535656
5684469
2780266
1371210
4271031
5545958
2560139
5461904
4223705
4416502
1416085
4638328
5756815
1409687
1304888
4359318
1449623
1364713
5580580
5670784
5573982
2544990
5501751
2801027
5566007
1421684
5699736
2697965
1368983
5555530
5688673
1388559
5375973
6844018
5917162
2670127
5637748
4221087
1632836
1129755
2671548
2778884
5604766
4267801
1385114
5622418
2846060
5489540
1402788
2741551
5640398
2724680
4209819
2825792
2686925
5451624
1389226
268680
5042863
5601286
4629820
3033712
1505613
5584832
4244548
4302058
2755969
5478171
2549061
1390630
5679292
2680821
5638198
2716533
5626320
2844642
2735485
5712215
5722146
5270532
2828890
5643249
5516399
5900726
4555786
2783518
1296098
4169686
2258285
2004925
5569624
5427776
5386827
5444106
2650551
5662125
5607578
5480151
5581285
5532311
5650536
5435361
2718084
5609768
5656212
5956280
5838857
1376897
2734086
2816342
2664925
5358766
2829684
5574307
2663690
2653837
1354231
5625586
5497435
5620319
5508475
1320375
4359483
5541573
5852886
5457959
1386256
2467237
2817166
2749102
5689445
2729844
2836815
6131618
2946850
5644075
4207850
4171672
5647975
5575677
5372765
5397228
4066003
5542711
5399180
5531294
5438615
5437569
5662107
5341038
5429794
5647947
2732182
6016731
2997558
5684573
5605201
5405420
5457679
2656527
1264283
1372302
2740542
5413892
2723764
5595007
2786277
5682208
5673850
5466600
5558315
2675355
5572001
4368320
5578045
5229021
2702331
5563334
1428238
5838728
5817167
2651225
5458224
2576878
5677843
5846913
2598247
5413116
5434402
5457939
5645562
2717380
5492306
4251905
2565027
1299612
5679617
5498067
5764286
5462860
5172225
5483026
5380325
5623201
5627012
1443708
5653501
5500143
2585745
5645384
5493351
5550599
2780162
1387340
5621793
5640834
2725024
2655597
4212934
2692647
5651103
5677517
5445802
5423783
5581145
5468460
5228748
5580848
5358097
5526781
5476918
5472826
1261295
1379879
5460321
1384370
5550508
5621739
5543481
5505973
5518643
5496100
5540010
5556315
5516161
5486714
5444525
5489270
2687305
5692427
5592560
2757583
5299404
4263337
5476218
5388119
5498966
2553154
2773962
5585158
2727954
2744594
5583501
5624762
5484597
2595031
5403934
5362784
5558364
5412333
1211147
5627262
1389547
5456752
5763674
5492178
5581948
5468364
5364427
5657634
2630979
5499859
1420382
2775165
1422024
2767612
2820414
2713820
5613101
5693305
5512453
5754073
5605294
5553280
2571199
5630059
4134227
5458167
2726011
5535432
2734233
5714585
1422018
2796923
1395433
2754929
5666876
1403333
5391597
5431923
5616883
2796497
5538835
1390343
5529608
5492346
2781266
5523064
5642764
5664604
5402881
5467212
5467749
2617776
5653282
4126386
5609906
5372875
2621005
5633554
5667308
2766807
2665676
4021307
5493788
5398110
5470903
2701472
2781835
5573027
2797855
5643442
5553855
5551460
5378273
2705152
5426524
2692113
5585061
4234884
5531273
5560533
5445520
3053308
6858733
2547904
2685922
1246299
2725325
2829726
5515184
4247703
5522276
1392829
2760344
5646465
2753798
5722377
5597789
5394266
5437217
2779066
5532527
5510973
5426050
2701832
5566294
5653215
2765479
5574920
1407048
2779924
2884969
5595148
2721219
5415186
5535328
5421893
2724164
5543714
4245710
5552942
5487444
5661176
2611204
5507282
5574031
1437343
2817014
5514606
1397871
5634964
1395987
5586438
5550363
5588696
5443669
2763162
5735080
5388943
5556797
5297903
5411218
5458038
5581169
5378226
1162626
4143856
1396665
5568274
4185455
1375806
5507392
5758778
5515439
5504064
5645989
4296523
2752914
2694161
5629586
5576176
2807620
5678463
2849787
2760840
5195833
5513634
5363143
5415734
5446272
2751752
5502793
5587559
5667910
5378344
2621091
2534283
2613446
2801615
5579807
2753269
5550551
2753115
5524256
1397573
5571652
5617336
555491
555337
5663947
5425460
5399846
5506530
5155609
5556941
5600344
1376136
5456099
5453152
2621320
5498114
2609052
2736488
5577203
5515458
5502588
2685245
2545793
5560394
2790484
5553897
5534837
2581490
5713627
2799370
5577439
1411664
2744352
1411371
2749038
4079527
5306702
5575351
4118880
2731542
5612686
1447202
4167178
2807129
5604118
2627649
2821318
2842621
2702030
5562852
2675880
5579363
1349626
2660072
5632177
5662872
5458389
2744336
5565287
5663419
2585278
5571417
1183107
1266848
5539357
5566886
1371978
2707145
5611155
5664829
5355177
430238
4944677
5421095
5583692
5483379
2672426
5498810
5563842
2682190
5562865
2765730
2743665
5689920
5723742
2772920
5553556
2573757
5293687
4242149
5626895
2765415
5613539
5617905
5407872
4842122
1404009
5452614
5653092
5338191
5417239
5548113
5636237
2621888
5504045
2709523
5566590
1431991
2654088
1420458
2787668
5612304
5636743
2743941
5253799
5632342
5438067
4234702
5482794
2781504
5627201
4249166
5634060
5360138
5403854
5434028
3930474
5621800
5423377
2810007
2720838
5614266
2739481
5675638
1428279
5660587
1414144
2726841
1395452
2783460
3512365
392450
5423985
5773243
5688876
5560357
5447477
5451229
5480654
5604083
2731175
2661226
4215045
5495350
2723615
5590999
5634592
5644862
5446797
5408342
5554865
5682296
5372994
2429889
5539168
1147505
2787048
5687639
2853879
2738282
5625693
5602485
5581083
5387471
5666011
5381230
5528171
5427691
5367032
5496485
5414133
2872178
5668058
5690046
2709905
2708469
5700493
1301142
2714035
5372216
1373001
5604446
2671653
2658229
5852397
2763824
5587689
2723841
5535752
5640669
1388930
2789452
1404778
2761290
5567468
1378478
2775518
1387208
2706944
1390143
2701890
5546094
2730374
4191134
1355631
2844991
5641436
4295926
5476610
5468211
5384988
5639945
5460341
5458813
5482361
2639794
5713797
5637062
5643153
5377695
2540505
1290792
1392866
5531485
5502569
5458708
2762584
5583296
4249321
5662447
1406187
2340810
4293622
5560322
5701080
2635919
2702298
1392641
5674880
2789841
2759955
3821532
5609863
1403630
5462485
5435337
5330696
2597101
5503763
4195424
5505249
2879038
5574627
5433453
5465872
2683673
5569297
2451378
5603262
2700692
5554272
1371245
5478839
5385360
5491024
5471332
5404977
5407686
2753534
5548994
1364361
2749545
5437290
5404555
5330435
5656420
4194088
1388343
2691640
5651133
2842308
5545953
5605503
2613548
5292648
1429383
5465304
6862711
1395357
5393257
5454254
2618895
2699624
5625479
5361633
2647742
1423410
1408662
5752807
4171900
1377680
5493875
5516090
5516165
5528826
5666171
2647232
1436754
5620267
5528960
5532933
5115951
5469643
5315186
5474668
2656386
5488603
2830036
5636333
2819159
2764576
5582327
5753728
2839961
5469246
5534835
2545768
5462077
2686431
5557689
1388134
5583973
4362022
5792345
5505117
2775182
5299612
5464210
5503903
5408220
5463529
5381305
2820864
5582362
5576811
2619657
5864890
2966747
5623918
5496856
5354447
2549976
1380639
5319455
5570240
5399181
5669861
5434502
2624622
5385207
5553067
5542810
5513022
5575525
2800607
5659667
2715745
5597343
5868472
5731117
5562754
2680007
1254772
5529392
2767177
5499240
1389769
5598307
5459348
5493784
2678096
5628082
2579399
2545241
4079658
5486474
5511063
5507421
5366390
5465927
2600808
5567766
5703721
5663068
5753958
5613642
2681550
2830513
5502938
2550630
2727347
4141654
4254868
2832382
2856904
301424
510151
5638223
5474153
16685
5515090
5193240
4183930
4226458
1362880
4257412
2713428
2709325
4166298
2725486
5642927
5464808
5479761
5620376
2965082
5891609
5564444
2574987
2793280
5422414
2578225
2737912
1395158
5514528
4208854
1414548
2780973
5584491
5576006
5461818
5495777
5250363
4014378
5605947
5548029
5433846
5576551
5401038
2821690
5566649
5616953
5681711
5774874
2632246
2822989
5429202
5572982
5522728
2734304
5395013
5431110
5693540
4271544
5717543
5614734
2554373
5234929
2768455
5510175
2598012
5625171
1388166
5551161
5612932
5446102
5474961
5595646
5751854
5740423
5634945
1383578
5521356
2779159
5632519
1399694
5552180
5688654
2794325
5678567
4218878
5675715
2813855
5165045
2755628
5380645
5600898
5491764
5406314
5599900
2677752
86712
2833003
5592583
5747452
2932567
2876885
4451729
5631215
2743288
5564192
4233132
1284827
5569425
5562914
5467676
2617669
5647926
1369056
5676940
5434118
5380179
1358726
3930647
5651915
4262658
5584069
2703502
5627936
5445928
5719803
5685387
5688986
5322333
2747081
5577710
2771527
5316001
2804314
5616744
5472886
6801082
5673543
5343830
5377301
1359686
3989917
2743331
5634118
5394153
5553393
560357
2166719
5503851
2921139
2817415
5835500
4477285
5504947
5365863
5465369
2531331
4133914
5490438
2778338
5667734
2849806
5576802
1378835
2862343
5229881
5401222
2576487
4318557
1411926
2612460
5430291
5386072
5514266
5537704
5799488
5747462
5658716
5406347
5388907
2795389
5556510
4142762
2701123
2812288
5472604
5665435
5383015
2645856
5259080
4235556
5506017
2650746
5606301
4178941
5504868
3407087
1234864
4181104
5748890
2947791
5843123
4399428
4129582
2670056
2802316
5574698
2737913
1338547
2743815
4180960
5574261
4228305
4209567
5168695
5390610
5418074
5599529
1292947
5614331
2749209
5656643
4152197
5728333
4505046
2846505
2941124
5390574
5522603
5437211
2562618
2754599
5537892
5557897
5379194
5184578
5349127
5403887
2581243
2824544
5382751
2560695
5586153
165563
2637520
5479219
2608923
2947575
2792496
5963467
5601234
5358225
5416634
5363544
5380444
2723094
5574428
1412672
5391458
2694437
5188539
5488813
5444644
5373827
2782541
2712179
5684160
5429017
5787358
5716749
5587304
5431350
5500756
5395973
2738870
2685117
5346549
5477203
5411757
5521802
5312585
5533306
305143
5134408
4130392
2740858
1242487
1417164
1577637
5528357
5602978
5840615
5647455
5425017
5350081
5410078
5423705
5355006
5352519
5426692
5390534
2629726
5309110
4226055
2709421
2762594
5557655
1370778
2692342
5558803
2842699
1037650
5649745
1316866
5528511
5718478
5508490
5312485
5525623
2576456
2871371
2559299
5591039
5537885
5569408
5389595
2768553
5457873
5369841
5358294
2775321
4188916
5519431
2612329
5406561
1409583
2647290
5448738
5783419
5634531
5443499
2616379
5582226
5620191
4082784
5559562
1405719
5625392
5553206
5520016
5373826
5506019
5454992
1377495
1379869
5539129
5460891
19387
2733460
2701258
5638614
2566576
2823977
5928420
1465926
5519842
1371234
5569416
1439036
2737057
5717290
5487912
5541711
5464745
5560135
5375681
5168247
5341347
2570051
4118687
5413857
4248672
5549341
595443
2638072
5522365
5646145
5752040
2742050
5726988
4117187
4319355
5750728
1152646
4122464
5441450
5459823
5660278
5406826
5543966
5152813
5357246
4037421
2612737
5573465
2825401
5532922
4435191
527166
3350506
2705823
5523652
4489114
5553925
5350684
5613206
5325324
2617868
5674280
2781464
5639109
4183328
4178412
5254172
5383948
5484779
5406359
5410425
5522128
2261415
5596682
1374791
5493617
5802551
5543080
5367579
5478482
2817838
5476625
2766075
5589534
2820150
2740023
5617464
1394424
5547311
3955842
1362014
5430600
2800528
5573272
5474635
5716734
5354282
2609085
5628689
5652476
4154351
5502317
2610958
5554400
2732608
5542260
5647642
2614962
5554954
2707544
2694070
5703120
2656732
5286099
5663187
2618344
2822446
1396028
2701273
5530962
5683675
4305060
5445766
5650580
5688038
5304606
5431606
5627091
5286051
1362719
5477375
2766771
5514044
1422282
5604321
5614548
5372950
5214765
5467542
2758576
5513044
5622614
5695567
720833
2906941
5416391
1381191
2660838
2880524
4416538
5441791
5335258
5641885
5403269
1383051
1286215
4218808
5614305
5637138
2731001
5512666
5159362
5495052
5463069
5403937
5413007
5684978
2817903
5610317
1369527
2721594
4271281
2938019
4392254
1428601
5434242
4169785
5658084
1235763
4159039
5369276
5390261
6913172
5365487
3960630
1379952
5603232
5735458
1178123
4193690
5495287
3930295
3251417
1441370
2892604
5798936
5522089
5624569
5587709
2843908
1292551
5322209
5481522
5336951
2779492
2740721
5516216
4024498
1412413
5422796
5491074
2428826
5528196
5795615
2617260
5551447
4214208
5460639
2774208
2898867
5731053
5616407
5510596
4302187
5331999
2695130
5681688
1425498
5382212
2661785
5549096
4250572
5570114
5405305
1313397
5352158
2853759
2725304
1438318
4309099
5456946
4238816
5529218
1555435
5888390
5614744
5423923
2626047
1339155
5624642
5258276
5574304
5419589
5511012
2555569
2779764
5590676
2829670
5524436
5566772
5355670
2758844
2839298
5506476
1715151
5547857
5536758
2592198
5901964
5574449
2753444
5555541
5640078
2691341
1308877
4157346
1351528
5513085
1435316
5473255
5420171
5340773
5497799
2657783
5412028
1348977
2598228
5178853
2586701
5636550
5481168
961155
5508321
5633690
3012183
5752295
5689555
1155539
5591582
2637124
5490598
2672156
5493550
1419730
5633550
4095897
1366243
5506140
5460509
5527266
5314716
5159336
2735949
5623973
2776273
5565634
5576889
5838372
5638902
5460873
5397685
5516644
5263494
5472470
5368527
5280953
5362016
2749267
5558502
5544614
5263177
2553590
5681408
3917238
5562954
5716248
2895295
5750497
4189734
5520119
5415800
5413477
5366866
5567068
5348342
5443076
5428131
5376357
2562972
5326034
1293055
5516056
4129164
5550146
2629442
5720558
4550735
5763461
5393880
2790056
5570186
5263713
4185902
5513040
5237059
5420525
5352141
5550367
5548733
1402217
5266799
4211315
4151827
3011658
5636778
5643571
6019465
5591345
5619906
5660411
5299361
4025500
5637313
5405125
5386841
5534032
2860961
5508324
5562722
5376964
2554473
2809198
5499972
4280881
4271509
4443992
1406869
2915899
2869578
2814038
2598623
4224921
5694611
2720584
5424050
2678806
2775147
2589197
5521902
2625985
5624391
4229757
5584958
5097335
1202664
5613690
5366527
5648184
5575734
4519986
5937615
5580040
5394694
5412109
2759432
5515709
2594324
5679945
1347758
2630726
5522249
5562556
6861544
5328022
5022333
5449441
2804767
2575704
5649864
2797108
2922076
2987702
5715939
2806422
5515090
5616842
5555166
5313289
5680363
5269589
510276
5328346
5547026
5376299
5399242
5086841
1188359
4301822
5322236
1408956
5629052
5612879
2891070
5807320
1390132
1353704
5574668
4218983
5540721
3929662
5561983
2729585
5419225
1366311
5483203
5529294
5588632
5275280
2363238
5639332
3460178
2714703
5605555
1435521
5562067
2685046
6031642
2628908
2761148
2822615
4187490
5491561
2768338
4103553
2705220
5569682
5526881
5601871
1369196
5554550
5497405
5122433
1193353
5675049
1388920
2831470
5537086
4343242
1389083
2781987
1480195
1490151
5866223
279393
5403031
5540029
5434472
2729335
5503616
2773746
5519134
1381537
5363040
2562233
2791018
5350737
5182231
5370435
2815844
5089485
5689910
2760788
5803917
4497216
5708108
5597705
5442079
1389032
5540568
5500683
2711193
5495223
1371267
5501922
4168327
1385728
5352339
4281677
5682334
5659784
5481448
2676751
5649292
5941050
414040
2837724
5707388
1369051
5570823
1398130
1398522
2773418
1413913
2760213
4164628
5517398
5613257
1386463
1345790
2760154
2772149
5595630
5348370
1394125
2740972
5697494
5737504
5439176
2801333
2790344
5864059
2917001
5688825
1402575
5412069
5547357
5616834
5339162
5522609
1378012
5526263
5485492
2787651
5515882
2546036
5773168
5592335
5580693
5550198
2956187
5731494
1444642
5596815
2844784
5626031
4249439
4158466
5478068
1391152
5470773
5502035
5535022
5390521
5385313
5438752
5501327
1392577
5617980
4508901
5573706
5662277
2716632
1291877
4293961
4185509
5490463
5400871
5347728
5416664
2780650
5516138
1388672
5413176
5598723
5567360
5451316
5870399
5694627
5630968
5563255
5464512
2618913
5405644
1381708
5503781
5420449
5391059
5460304
2547955
2749902
4011689
5496451
5392026
5667198
5526068
5949032
2716060
5578447
2715581
5732283
4231000
5370216
5378730
2624201
5478019
4126374
2633171
2763209
4002500
5458793
5390125
2589337
5455145
2569881
2694562
2880493
5607519
1422327
4365317
5845482
5429962
2614643
5725905
2776592
5503466
5364532
5567871
2570280
5567802
1349697
5269095
5442649
5373711
5063695
5431411
5343425
5454176
2838037
4176391
5733823
2894332
5728506
5656553
2681336
2789015
1497422
5706055
4229429
5446097
2685320
5543747
5538157
5269822
2744329
5507728
5338078
5506273
2744800
5468227
5387876
5647681
4375620
2899186
4283030
2809271
5572485
5933484
5559371
2605050
4044526
5425627
1396039
5383762
2654201
5520801
4216401
5336147
5398097
5425463
4171083
5629980
1398219
5640272
4342899
5688412
5323813
5802263
5814517
2586246
5497948
5497118
5527270
5400848
5290632
1348437
2693007
4191844
3973922
5567385
5561419
5379104
5679276
2696566
2710746
2878406
2753040
2862563
2672625
5535673
5670122
1444415
2778801
5505381
2711990
5411619
2698453
5542213
1369686
5436906
2684704
5586664
4025642
5518917
5571133
5400565
5504007
4258030
5722948
2702773
2726489
5587589
5459874
2786671
5628079
1419915
5454656
5638208
1325655
5579233
1342736
5434861
1366235
2673768
2808023
1400138
2751956
1302613
5392597
5578071
5679945
5494597
1287557
1406020
2699303
2844062
4188309
5722194
5515180
5503190
5493966
2793841
5443385
5651910
5606217
2747361
2674706
4153147
2698388
1384604
2718033
1414790
5285407
4213203
2778519
4280728
5725374
5680451
5627355
2749982
5740469
5755192
5540582
5481959
5467126
5523507
5346465
5627822
5502802
5415180
2550997
5447659
5266314
5475753
5623232
2658186
2852655
5569423
2771879
5617925
5787574
2878773
5701754
2583674
5630379
2729770
5653626
2727891
5502832
4288587
5466311
2544364
2589375
5543197
4233118
5406090
5594324
5700556
2830610
2791630
1425616
2808932
5832248
2735690
5757041
5813373
5504588
5569953
5527367
2615219
5602649
5694038
2725359
6681841
1380212
2560175
2669600
5629143
2485517
5559967
1434732
5731247
1462615
5734496
5853888
5640305
5626361
2699343
5731748
4200964
5544020
5653896
5400164
5461673
5542363
4283047
5544353
5516623
5347472
2609479
5348978
1389934
5770341
5649271
2796123
4280933
1414834
5628251
5764799
5412101
5445361
5403743
2651331
5532779
5522071
5690158
5583852
5342045
5397515
5349351
2601543
2779346
5383950
2825823
2690433
5765863
1466762
2851406
5603012
1410544
5595615
1430745
5579692
5584503
5346696
5424795
5473292
5580457
1423043
2645506
1392128
5414879
5523156
2727284
2647637
1410581
2739805
5282172
5590206
1397641
5704406
5517103
5409185
5469704
4177193
2687649
5634134
1393295
2728145
1409262
2729563
5465190
5636460
5614790
5632145
1363870
2662230
5496386
2672711
5582362
2822803
5281031
5474196
4056295
5473129
4251513
5535708
5499116
5495005
2595381
5410087
5396311
4139117
4203246
5482687
5604866
2539787
2713814
4144991
5458054
2606227
2784095
1405611
5318423
5576141
1378524
2568669
5558138
4255067
5581471
4289498
4111226
4233686
5529345
1396280
5523820
5571937
5570839
5417178
5290689
5329280
5359491
2753963
5346043
5524779
1288397
4171414
5366740
5469445
2777823
5558561
5669171
5441010
5368358
5534406
5555247
5606784
5391435
5319561
1376841
5408290
2704678
5292704
1395014
5482206
4029985
5407753
5642970
5407568
5518121
5492342
5523210
5490961
2528998
2734664
5546111
528224
3504176
5495449
4142228
5570891
5612691
5170698
5501351
3544566
2806626
5529267
5482556
5387863
5658523
5678194
5322358
5489026
2764576
1362990
2794727
1392055
2751489
5609946
5528951
5477380
4172537
5510355
5179968
2602433
5620860
2351274
2640817
5547062
5494341
2729079
5563146
4010170
5508057
2754104
5524719
4190609
1373151
5568987
4247618
1398688
5551293
4178416
1383411
2689104
5527887
5464776
5320400
5389681
599742
4259457
2653877
2823347
2682855
4197414
2739433
5773114
1980099
4222598
5398211
5408367
2784003
5612554
5394142
2593842
2781051
4176915
5384708
2733595
5573399
1410746
5272920
5589321
5216384
5455107
2749059
5527278
2890944
1419478
4230638
2458918
5472296
5432977
2702373
2683564
1376055
2779834
5552450
5379357
5469189
5363167
4158840
2792166
5449392
1291132
5403645
2781677
3190905
2288950
5470181
1209511
4230040
5522107
4319993
1386640
1156855
4361329
5697252
5515326
4182282
5548595
5552941
5438591
5414109
5367903
5442188
5286814
5511660
4066244
5586923
5719083
5649464
2793507
1314886
1432782
5467535
5712184
5504200
3985124
1382729
5562110
4238022
5693276
2709090
5530693
1367742
1325522
1407106
1398940
2740471
1157778
2714208
5600972
2812780
1042845
5557196
5640080
5555818
1304580
4266885
5573253
5488589
5548245
5585503
1398549
5533706
2717756
5444977
5405746
1387720
5501029
2670451
5477380
4236892
659004
5075996
2896807
1387479
5611921
5701574
2053964
4365035
5502859
5491597
6927606
1162157
4298007
5726102
5803988
2889974
2605889
5576534
2772835
5543537
3977695
5509569
1167595
343758
1252838
2828365
5724200
4353816
2821394
5761686
1591760
1114368
5659155
5601456
5539024
5485138
2658503
5646666
5545437
5843773
4271675
4212617
5518774
2750144
5296711
5611188
4222355
5616454
2886275
5740349
4297888
563477
2306723
2884971
5705351
2602121
5683219
4275956
5686552
5597800
5603979
5616536
2946570
5758242
5391072
1384044
5413388
4106702
2494255
5519648
1387423
1888832
714207
5565563
2899069
5730528
5758429
2799550
587808
5061588
5665002
5605409
5664721
1419169
5581831
5675060
5658136
5737897
2682664
2646940
5529481
5491955
2703396
1161358
4266621
4257293
2107425
3431216
1433229
2866938
2934837
2820980
2903744
2853191
5604198
2619778
2753058
5631772
1428406
5603285
2597566
5682782
1478779
5707952
1381977
2725633
5451133
1395404
1380039
5555077
2449038
5564559
5514984
2773424
5787557
1469766
2849326
5685801
2754764
440461
5164019
5733543
5432178
2585432
5669418
5519674
5438501
3985966
1221459
4227411
5181478
5410210
1416690
5459651
5758673
2872957
5710247
5694900
5645572
5606731
5602943
4061730
5601007
5608367
5517618
2644699
5533443
2821424
5293155
5583810
1835562
5617951
5639979
2766472
5682682
5712674
5492298
5476636
5371387
2793443
5658441
5614404
1405851
2696778
5535938
1397280
2814912
1285335
5398273
5411979
2835530
5540921
2793706
5632020
4287196
5581479
4004519
1408257
5641039
1411327
5515165
1404663
2868119
5645312
5440624
5477517
5440329
1393384
2757933
5334996
2830190
2758927
4349797
2648242
2763625
4295853
5704415
5599820
763454
2784802
2773226
2885913
4266517
5442006
1393330
2618579
5560028
2795554
5543553
1401952
2735014
1413325
2736411
1411216
2735018
2738114
1421065
2511855
5638556
2825295
1388258
2674850
2710286
1417391
5607982
4242532
5526442
922098
458602
2605705
2856760
5734071
5524776
5438775
5447906
2644310
5538958
2723314
5559574
5257973
2742845
5636558
2675781
5547722
5463968
1395816
2730559
2801414
2707261
598390
2205369
2716695
5731087
2629362
2655991
5593620
5568414
5579232
5643639
5571395
1202755
5683089
1270027
2551463
1303046
4262553
1381711
201682
5434239
5578215
5628730
5395269
1676570
5380199
5477765
5616421
5538627
5473949
5638864
5427188
1396331
5540608
2816291
5402834
1271386
5580215
5556540
2590500
5568955
5679590
1387613
5552535
5675497
5559811
2812512
5693710
5394007
5399578
1397830
5502908
1406843
5354715
2711804
5451664
2791230
5614605
1388536
2733721
5519110
4531483
2461707
209540
5347949
5452535
5371951
2764478
4174226
2790678
2717332
4219853
5561429
4224801
4238740
2758295
5297356
5649072
5580191
5566986
5457589
5443206
5510726
5486287
5595715
5363919
1402596
5529448
5593257
5391794
2647262
2774620
4226164
5580185
5106778
5475015
1382264
5408502
5501760
5474149
5626098
5420681
5349747
5490295
5410762
1409046
5617235
5480227
5468019
5428314
2754592
5618172
4004398
5523225
4002527
808766
4729049
2731903
1186182
4321049
2831673
5615394
2808872
5642595
1432512
5450041
4284301
4331629
2740891
5643608
1377149
2761376
5552571
4282158
5319097
5423126
5522574
5468925
5483683
2805611
1420013
5666646
5593553
2822177
1376325
4313827
4140136
5577329
5458657
2643176
5642904
5621191
5615506
5219170
5472299
5407413
5516052
5743878
5602613
2808708
5577832
1412036
5686412
5461351
5507012
5530678
5525689
2797413
2734302
1403411
2752725
1424376
5672257
5461446
5545756
4207870
2545786
5751344
2660383
4261431
5704292
5662447
2872523
1351739
4303904
4186849
5512002
1372147
5420243
5524654
1288317
1402594
5560857
5639952
2813811
5325236
5530666
5499526
2690729
5746756
5725437
5660924
5697337
5441729
2515343
5566133
5495869
2755089
1397664
2762560
1261440
1403316
2814314
2767168
5706115
5330231
5495157
5424869
5597395
5552527
2607867
2800672
1427417
5711237
2831079
5825930
4315635
5552445
5468603
5517072
2586458
5562216
5546741
5530316
5203156
5458020
5403783
5474733
5505003
5570758
5601401
5649449
5700703
5581336
5347997
5366924
2646577
4108080
2759610
2684497
5641014
5623733
5399478
5408318
5561802
5419433
5505050
5551998
5640619
5776206
5660739
5682379
5450441
5315459
5467129
5427968
2814063
2716716
5490692
2857732
5392058
5702320
1373710
5655184
5618488
1398378
5551918
5697582
5828038
5787898
2765173
2873809
2834348
5786466
4270225
2621073
5580108
2813542
2729388
4242740
5649178
5552561
5520695
5404677
1386989
5260178
1182276
5442404
1402884
5581620
2720017
5809522
5636111
5532870
5581855
5652719
5554520
1360253
2756214
1390331
2819975
5525995
5427714
5548157
5518648
5433059
2802639
4258420
5423853
4236121
5545361
2621383
5797603
2914580
2753675
5813655
5681616
5538180
5335881
5451573
2596397
5589161
1402583
5547777
5494597
2401387
5630085
5403825
4238836
5627971
5449160
5682787
5639745
5667300
2791403
5532553
5444487
2679075
1258354
4232353
5651427
2769307
2699814
2738399
5627031
3146492
2790145
5663759
5573728
4255060
5682248
2550921
4801111
5556524
5838109
5555685
5503643
2714957
2740512
1392098
2742294
4226985
5482443
1357456
2734667
5679348
5534710
5476504
2756966
5623033
5657453
2623941
5553427
2779936
2718664
5655234
4929522
1425597
5496309
5573399
2738248
5482879
2818778
5535433
5558254
5548650
5502076
1245467
5510496
5403050
5504514
5518355
5527049
2587573
5576107
1189774
3856072
5532650
5521376
5546111
5436204
5406822
5473401
5439806
2656015
1395795
5624259
2833834
5467545
5379563
5573478
2838097
2646523
5671554
5477617
4224626
1339064
27555
2608940
5633778
5438109
5581848
2685325
5602328
4235024
5646526
5691443
1397127
1246050
4295557
5385593
1427326
5505192
2718827
2800922
4248967
14096
5553944
4241236
2818586
4177363
2733388
2666476
5637707
5427474
5567137
5479936
2793443
5593220
2654513
4185297
1417758
5621750
4041371
5608124
5441740
3144564
5172392
5430498
2756124
5515715
1352736
2769556
2811412
2693759
4220164
2729862
1403231
2737254
4246079
5555129
4282996
4307287
5612580
5248330
5642985
2583434
3583036
4736346
5665507
2618486
5524664
5588506
1397919
5423455
5508933
5539043
2615358
5564973
1418909
5603172
5503175
1984319
967103
