110903
151896
155464
109107
314940
329154
268219
73276
245180
246604
248343
236882
151429
243998
124034
248764
244702
83121
161808
253365
253208
245424
125466
61540
120705
256652
189857
250225
189513
236728
50704
9929
128154
243940
127370
61300
125324
251028
222108
260617
242398
249672
130096
123448
119152
259257
63004
63689
123267
249664
66292
124168
239693
261052
252642
53184
253454
241017
113768
259619
63705
124325
64482
123449
253157
123781
255321
186892
122481
244844
121505
250902
57734
251071
249406
242360
251638
61267
179135
256187
127200
250065
190518
123167
181100
256506
242191
244037
63201
246049
117476
260067
253878
181958
65766
65838
250103
62642
257330
125638
122604
122365
126555
131002
123537
185987
259990
126562
124337
188138
27888
2713
24416
23823
24556
26949
29263
14190
204399
264467
111507
207219
54203
252214
188536
251920
254072
242514
247811
259324
117087
184602
123089
125228
250979
64633
128375
257409
251253
181636
46375
64140
185752
254948
253271
192867
243353
117902
251457
127017
123720
126946
70462
251164
254590
258528
191738
54102
123544
74449
122726
127328
129804
128988
129033
125868
265452
124560
250776
34084
124870
131653
257771
66025
262497
250669
189862
592
126861
260872
258825
87830
62339
62871
250089
65998
130784
264926
285855
163446
64035
122853
129895
261858
129810
268150
143507
141657
264486
69804
253661
131764
130357
201292
78999
137427
246506
148466
131610
279628
263226
69097
132213
211684
71927
134623
88970
145995
72321
321756
126622
276801
133433
256870
137810
281166
153431
136630
235789
69018
84234
200266
133273
130359
278671
146353
65497
74203
143141
299428
137018
267349
289271
132775
268426
153912
328266
83961
238734
145005
301928
286527
156797
280040
67538
262291
140051
285045
256454
173830
307837
178444
147191
84976
166793
79352
84746
144097
162596
71485
135552
287008
276711
196480
156616
359614
82179
158499
78937
142680
340736
94747
178017
369155
303407
68720
147264
268990
270465
133966
318712
90203
164737
166698
153526
79452
148667
96415
178055
78861
185046
386301
327259
48670
194225
271868
130366
265290
132289
153365
273267
258045
308521
176070
353189
388255
355003
183018
183670
188991
16663
69202
129936
276168
207006
82842
277422
316104
159357
375594
170894
388935
257334
388075
25693
377324
63703
287894
136111
275269
228828
207566
307622
151357
282324
165457
92739
182437
37949
342033
162105
394452
101787
316797
223724
277785
142126
157678
345883
180965
315451
272541
188925
155028
390024
186738
259287
197491
370526
236847
149536
65898
65613
129052
134839
133543
252846
195265
364042
87683
341101
98447
192666
8875
349836
197140
177924
359415
395324
148259
323821
64536
126131
198434
295342
189755
155473
283596
240487
95537
281899
164961
180939
589
194457
86609
260853
391703
350538
329604
249005
262870
307552
346124
76155
250658
173561
193360
98537
163969
370185
189242
352182
297505
187297
156219
336340
80760
136633
269003
70028
316275
159152
342336
90690
333230
192745
371584
172016
285818
180528
354973
375564
62947
280254
318091
14014
126856
62973
275390
321525
323052
329982
90679
338172
197340
378723
163369
83814
193123
173255
142543
290573
192951
343624
168482
328919
272181
71063
71369
344275
347732
175275
347093
121606
351175
327442
72908
366827
184056
88990
183265
89167
15796
331987
186908
165783
236828
267980
130999
302558
373648
159983
178659
178709
77025
350854
163596
403007
91755
347755
343701
367484
343956
348462
332746
61841
268137
133036
343790
194061
347873
351267
363242
369421
346290
348162
165226
370111
68419
273785
335573
303118
63003
70006
278684
370809
372616
363131
172227
339645
274500
174813
339189
384160
323981
106197
186056
313261
202356
260458
324824
159171
368034
191175
338392
169423
145628
202407
352226
140263
187148
94483
187188
337741
280087
244542
274530
136569
129537
135817
82017
280901
359203
290095
358843
98217
181605
247043
241543
362405
160324
165896
242776
90067
186662
276986
324099
261117
266640
295710
157126
366042
349241
193522
385502
334435
351983
181100
219633
351760
359453
364744
83304
256247
134913
267506
147302
163985
263603
95386
329990
386422
98976
177605
85777
272498
188365
253738
255401
83999
337993
196241
392964
72058
289350
200623
140507
64229
281723
88314
146592
274379
327994
395375
189731
348016
374497
148605
83724
100964
168162
345945
120671
367281
191735
335281
311720
274727
262107
166603
339620
175133
250135
110609
355312
374884
349967
180076
333815
59687
185662
77635
259737
50070
349689
339027
312145
265071
209662
133843
319209
85559
179268
255047
79091
138805
274048
349744
282833
324637
78644
342713
342468
177672
354461
374154
57939
255493
81406
276470
32544
211178
69898
287078
229860
358107
280067
377955
94653
87728
165387
390299
101088
333299
179285
173622
270869
169961
78543
69862
172573
179065
96798
168205
314846
283877
140215
281917
327044
177036
344560
175857
368980
164462
177693
190869
264689
374464
373536
162836
70896
107732
172010
367612
270183
95286
319357
225148
135499
277060
305651
359917
283816
335686
359035
263115
374553
249282
44687
161899
30964
393634
258405
347802
169412
175157
317957
331702
152292
275736
71613
65513
327156
81830
149890
357407
348060
356026
66650
281164
294079
343984
387165
161935
339177
323376
162408
341671
170754
175660
297458
208630
72727
171805
350384
356676
165622
288793
373340
157482
172646
361904
151433
365666
197707
353968
377442
352704
156506
338756
37085
165626
182458
96755
9832
183401
178727
284193
315688
171587
331085
351397
267634
348118
266725
80388
339449
163736
364459
332254
374924
174067
337070
80228
371175
30732
65063
383947
83317
291146
307900
382354
266263
176087
344084
370627
185972
85954
28293
36141
121293
283242
178785
332576
173781
87294
344422
377104
194488
95686
95659
344997
155603
382767
97782
192853
278738
142101
150864
383567
365541
181699
352646
353986
90290
76857
92943
95399
192479
361070
168291
361152
245662
338238
92745
34955
381454
95241
67941
258742
85574
178772
193882
399359
303276
135246
310568
360611
181985
374298
352826
86889
23924
231811
192470
181345
279588
333402
355410
326822
369889
189942
330892
276448
31364
351779
339086
166408
285633
305682
168543
354601
194298
386159
172777
89521
236997
129103
223152
387180
175810
338603
269309
339053
342937
266442
89235
155406
352386
381846
142556
365202
352032
139362
305777
345593
269003
279445
188633
96230
377636
367264
4759
176163
366385
352732
338877
174133
92209
337209
88085
171166
363336
340293
165445
206571
207833
282582
175891
165835
341085
210174
153504
173610
199461
167281
360511
276994
95161
393785
93971
185041
373480
182498
1064
165908
160836
183658
379888
329884
269549
381735
89588
164063
88061
356921
165750
184355
365983
93525
177374
282553
166594
382968
368833
355541
183632
271949
189888
185424
192724
194400
383639
182737
84823
258631
260860
277079
93785
175434
344976
172816
359550
185028
329823
345961
22210
172098
366746
285128
96035
162996
77715
160279
351270
196678
391555
363855
146792
173337
361205
184693
186858
386885
385145
189626
5948
352687
180153
182937
98067
189055
96137
186595
342186
183438
89029
91336
180321
184373
242434
171353
260371
11959
312578
185331
77767
181138
188592
196801
164093
169864
167916
178171
183954
45755
294818
83838
172912
11479
377794
188849
197878
357071
192715
387596
381539
96921
198395
283940
168549
176117
372124
95457
88256
93859
171332
183330
95281
187379
192417
179233
90147
75197
90242
339649
180427
126946
93687
9256
181608
274691
183795
390546
94075
184316
282893
403029
182008
376721
402924
187015
196046
102074
359882
360810
388050
362595
380328
286303
190498
366050
172139
88728
377955
182085
186586
282118
338773
376733
93987
184741
230163
15346
284899
381087
176281
196806
379275
93266
368472
378732
83417
265931
77678
368014
93365
295166
93604
175800
367207
187057
372435
183050
182560
272791
357984
189955
87123
87740
388330
172160
335212
347806
376793
363243
192306
195845
185462
177419
182363
373561
372738
283133
369755
377863
357834
182760
177063
374362
86265
375837
378869
95584
273000
359458
77489
291867
193251
92784
372736
172667
349844
167031
348196
294564
281342
376745
381085
286590
97924
188154
80842
189012
99423
291248
192458
195638
199397
301594
379994
90026
189774
384815
95334
380765
183165
181582
178041
349912
384517
193282
352341
93783
364996
350833
182272
373789
184500
288455
201007
130585
359507
183337
368431
249196
309403
196430
392161
305826
355832
176712
395665
373382
369832
262120
86563
160123
360370
85209
358232
367018
186352
347608
290923
377787
83438
96404
382882
176710
38273
374297
383539
278802
100129
180962
10570
185692
33132
362747
371405
91996
368695
294529
373829
177251
376321
280958
188197
88390
190315
370715
346828
171203
186940
290061
359693
183861
389834
78779
389904
357941
32985
187184
370669
189961
330514
76610
309666
390109
372021
382505
360324
361152
90619
77915
371167
359966
173157
355064
95968
179719
91976
184421
271720
372941
297415
196398
182395
386900
354875
39397
137699
364050
372250
196220
111583
381122
400850
410001
209035
184197
365344
382636
169177
387979
189406
354414
170061
166621
286284
95203
191798
98947
195118
96032
164631
377036
389490
185827
177657
381136
177104
362534
90174
349746
186105
391044
299884
101229
301201
396027
401776
188177
192990
351159
190748
410501
97019
274148
383868
93874
361267
175805
368774
179261
182069
264356
177119
369811
280786
368870
77527
95332
281175
367056
366068
168395
377373
176582
126499
73917
393185
97495
393370
281340
92601
347784
382867
100961
185614
268876
370323
182232
356914
177356
351587
82556
366731
362875
368909
357406
172942
174694
365650
176738
346462
65559
296270
379870
299302
401062
197737
92831
365193
164253
344027
390074
84989
367073
360987
365444
360001
336059
359232
221278
395293
190210
362675
387301
373337
338138
166421
373071
95589
174810
390292
395117
499077
169508
299597
348226
273078
93741
182067
92149
367892
171813
347828
369641
378290
385055
368522
271761
382566
364813
157562
358966
367857
187613
386866
104623
410306
385826
386861
339866
190719
202695
289825
81692
381674
195488
92049
266961
89070
161883
292148
364429
188968
373031
394504
183855
266331
343165
364833
375848
179103
298528
206022
301990
386259
401337
370862
348134
399571
379623
175988
388776
271280
358602
371937
56911
313843
377995
174414
402044
176052
172675
354685
348499
373133
373640
199392
397683
403854
384275
390695
350788
369985
382770
268494
181358
360191
374403
370030
155034
121013
367940
92714
378126
306294
283625
167235
356783
338171
383456
80221
379312
183790
386544
394268
194496
385534
304566
346862
174303
89388
277116
376222
268565
180737
176033
284272
369977
192427
12754
359958
367997
385993
383558
337664
347603
353328
386658
184058
378080
382257
383128
374972
382235
175061
364877
91157
167255
172658
352099
359224
168034
175730
377649
390752
96602
178089
366718
343775
177009
355686
369818
356375
175041
188613
294994
388813
392731
394377
396295
350890
168459
190650
358627
369385
389895
370746
174623
168153
347592
162590
369563
380952
358648
374211
392247
377380
375747
375331
390122
378213
335683
199343
393625
275828
180737
179246
100147
95062
367912
390875
371847
174916
322100
176511
362936
355487
363193
175784
380245
297058
378015
97999
380666
93963
380599
404012
364953
167689
380328
202348
197022
101220
190779
94747
180056
370529
367673
191478
192582
296077
380806
93486
329064
370111
370151
363916
351226
178751
186795
387017
300515
95441
192544
377488
185852
387118
101791
379534
88858
177529
363994
196960
370443
355610
373765
194929
191565
395589
94390
80508
94699
333494
376473
379659
354264
341242
279105
387739
374709
377705
371371
96675
184057
97809
198885
100292
186009
328108
170862
169801
399846
264616
281969
184107
289931
97578
292521
100433
376002
349390
363382
393174
95321
182879
265579
154459
248767
373178
376735
390030
374529
184026
193678
392862
388120
352462
365853
176215
99781
375931
382096
382950
175775
348823
358904
165451
371205
177525
89130
330019
140925
25005
163236
377703
176933
191877
99134
384809
295111
292044
396101
194618
88050
373300
404648
349407
368599
381090
389146
186392
286336
257833
80382
179999
182561
366148
176972
346557
318285
335395
389499
297101
382541
202060
381815
388400
397977
381651
183347
400380
348561
181329
177444
376683
392467
369989
377559
253784
349659
280087
269932
168527
330400
82977
329063
388160
187231
381250
381761
191936
383779
395603
398244
379385
377965
399749
159385
353248
373034
369905
363106
371577
164370
165980
366270
172749
92119
353726
255214
149992
84285
333247
292514
392742
368827
94222
195939
385512
193413
399460
185097
382682
397836
199219
375743
94621
366127
377268
383675
192433
381563
100363
179229
346324
350989
184261
367485
252959
330370
312546
171765
371821
98985
371317
171354
195841
98731
370764
98791
189124
98509
383213
98882
193299
98785
99259
195846
102132
100032
175053
87005
373988
284735
394486
181708
375259
299404
355776
332726
266099
374662
255206
340194
322849
170877
177629
292755
378503
88340
187476
92626
377116
388959
298564
379329
194003
395823
86989
359063
367071
382969
173711
376873
174570
164487
351506
172812
372510
174595
329260
164913
154826
381564
196873
364859
279978
285543
369522
397936
190730
394511
204677
371169
181777
378317
185992
180972
276609
362197
171100
344796
376641
170603
322306
320939
158211
153449
89868
175361
282227
380931
92367
368597
182732
368852
300238
394532
293777
98393
376010
379926
362832
391438
355978
358903
327330
172155
367342
91362
335783
308131
311347
353474
395952
366907
364538
357598
463333
378528
372544
367767
349513
176537
197961
396644
365159
171173
266887
251789
359020
170790
331995
320994
228057
162634
356971
180111
356692
96778
190596
279878
376130
295820
299580
281926
360535
264490
362067
127274
182270
185833
96336
175410
88483
335645
272405
362309
314586
154735
323162
254801
86545
188315
95602
356503
280164
373593
375483
192654
373017
98284
367423
358965
94824
103476
354574
365769
165864
338845
178745
360984
345527
240968
327115
179958
172779
194911
369523
280647
98365
178231
97466
187370
354868
185983
374158
378195
179724
361372
114811
186924
365505
273550
343200
367151
367178
162211
313858
82668
342722
91071
378463
368115
91053
127878
337578
198041
175523
370142
378803
384186
352761
358355
361041
346077
169356
173753
360279
353122
322963
236221
164971
169811
283779
365731
367225
186137
388147
383165
381872
167065
183264
301256
174982
266250
271459
372673
369707
165596
346953
221268
134584
359947
149813
160339
162705
81436
356835
367179
346176
182368
380261
383294
279047
381541
371264
380862
182385
173920
365878
369177
354658
343484
347698
354639
177157
177037
84029
159861
335745
173688
178422
368791
273784
94044
193567
91291
88305
98846
386656
196177
384310
367129
90604
379594
348827
205293
191019
366015
86767
375327
181479
179903
364755
178158
174935
359354
81540
38944
113173
356149
281536
362312
364028
389507
88694
380733
95728
390086
184347
185847
370850
194913
188955
357395
267099
218142
361334
372117
187772
263466
362112
17213
87924
265127
59308
346165
361056
377525
35591
179278
362613
394691
372821
389375
183973
195367
377195
176021
94313
174854
292220
355963
276823
188748
351795
95321
385888
364088
91236
161920
352899
85354
158469
104225
83084
264921
183752
370424
363270
380968
375181
378502
385172
377537
370030
178803
98408
341711
268880
358743
364071
362280
90807
169489
354241
88037
172205
174762
32681
225332
166860
209515
368634
177478
386909
381719
179488
379503
183206
394216
294478
87867
384107
280731
270525
357119
184801
169871
186166
355013
361358
85251
336291
91064
175858
343404
280149
370193
400205
189141
91957
281329
97939
385640
193193
189937
402023
387467
188192
381232
189835
370181
184100
285073
98778
180745
263300
93173
368791
354931
158089
352130
176010
345006
366740
185117
193084
411869
193018
366644
373506
191399
195617
303284
387019
199744
95339
196322
190318
100524
277940
189531
379379
16822
267335
265222
368391
361259
254179
170048
345288
342013
359381
175460
384463
101913
199508
274161
185467
373619
185458
395219
296715
391335
365868
187717
186364
112467
273984
359567
160658
363655
177298
341067
168815
357973
173806
358677
95541
361786
365595
392617
366569
182689
185925
387225
397074
368592
98335
364738
360056
174765
104041
369056
336068
360773
169333
165566
166594
73162
79851
369960
347591
366730
384943
174779
359182
286781
366900
360622
172374
380407
397386
374503
194040
177265
379593
367570
188947
124029
229890
362588
166246
330070
343087
365655
374156
357927
177689
170459
87355
286582
373823
178060
180499
375202
194921
402581
193955
188137
198364
175743
50686
327369
238892
369646
176314
334734
348864
177434
327234
175362
357698
285375
189456
96135
387601
343131
252618
361072
182954
353840
281442
96792
387634
80252
298597
391797
372429
90418
197913
150616
195495
372808
90463
173954
332551
171179
94595
336158
322006
356406
95547
267445
195890
192386
202997
183308
268693
365847
377052
167658
353098
297454
196532
397480
374438
375291
376700
343380
83787
77583
170635
253865
92471
174316
165938
317612
356553
357705
372269
190528
193687
91045
266670
282385
94299
184320
191912
94112
169173
355431
187037
193273
189505
191203
191043
101952
301553
93404
360601
168548
177232
354671
256947
259438
309735
70328
288988
182930
165770
390770
375843
172353
182182
371328
379196
354842
355546
371677
187697
385928
301635
353283
355496
355905
160786
332687
80974
316129
92873
166130
365772
199240
384217
348368
374463
294385
351404
174085
382098
195844
384650
184526
291754
355287
372922
361172
165809
319696
163339
254865
385024
304071
366676
167956
272886
93431
180549
355901
264433
386568
195675
375613
293250
93898
361246
271125
331044
343140
243232
329206
303603
336717
185400
195891
396084
181487
258076
89885
182130
377056
346786
353559
185676
379691
379640
190616
358194
342997
345096
178051
343749
158704
330489
320102
354199
387045
388157
182453
80728
90675
369855
177141
362164
88578
340666
370120
184051
384869
382155
272701
349108
190896
163927
289737
259457
178527
237179
317892
171525
355794
299491
393186
349262
369603
168870
360750
164353
348392
48312
226481
94982
389403
98746
385447
265885
361404
171142
178391
279797
179036
333840
310777
175651
362951
398828
368370
373186
80516
373877
181077
350110
273082
360037
382211
187211
86235
85586
255965
361600
100456
173565
365769
87479
163588
348553
315716
341376
370133
205323
375053
85727
359938
368488
359570
341190
355801
372505
376491
356759
322957
360119
172534
275623
170750
357714
167292
321775
183126
371259
99394
303537
371341
91947
168086
180407
185725
363992
172421
181764
359571
372359
379800
85828
173638
262770
184288
194570
289154
181968
176866
152831
327123
344685
172761
404487
100522
365932
181816
92392
366152
379131
184473
357445
282086
386555
181309
85200
348378
376848
288113
90692
163269
335283
316845
360835
383420
396875
171265
182250
177496
372483
96530
354569
359499
175554
180965
283978
270756
354414
178931
185869
194736
299198
353258
342189
157867
160493
350560
352025
204482
202197
184652
379368
357748
348304
355278
352961
168090
353357
365404
167939
363150
41659
166408
357812
380700
152413
404386
325620
347509
189840
384817
195231
191675
367589
344913
185200
182347
174773
354278
181439
178634
372863
252334
339645
351595
332780
156011
323102
177917
286115
278498
389152
374181
182769
353432
167296
175032
174937
352530
346623
373047
335838
45690
352133
141928
343512
154165
148690
260480
393812
94190
381394
91961
271892
276508
346674
86541
363538
346672
345957
358380
166760
384816
218239
173807
306288
171829
251224
160351
333892
381203
357595
43056
174700
171736
182062
178932
369235
349857
350046
342341
362229
357246
404076
202419
168036
87236
155447
75409
164058
337802
320598
175920
193425
360228
259827
175748
80368
177799
183061
355349
176960
178075
349918
354780
362261
384939
98143
190963
380167
169605
312098
351685
87398
154480
322168
284574
373907
366068
181441
357340
370233
358958
85847
173472
363314
163423
173801
88194
174363
84344
87537
91897
188193
108073
386469
403267
333078
85989
323939
164927
348743
326430
334108
186202
362573
86224
356881
189869
85764
83509
364621
95520
180396
91616
84928
87442
280004
355889
264896
358383
377060
403954
187891
385137
280345
161772
173607
341358
327689
363392
350722
175191
362424
364038
93453
365806
264285
85354
172070
355870
336928
349144
188620
374357
188666
191533
377693
83299
164983
179766
173072
362726
338879
353672
95913
168285
341738
86335
165656
369526
369886
183711
348441
166012
358302
262606
175631
355518
399544
180383
385704
287975
257177
91928
177456
271425
177300
345234
170132
384909
358362
352423
363840
186727
363723
348034
175602
335731
167124
340893
194959
190881
381518
289291
268942
160050
179804
86862
176002
359366
345044
81926
284689
377993
344913
357891
96017
93142
379796
186188
361732
363439
171412
170594
87653
171489
382633
396883
386048
167277
100177
242181
273457
361517
174051
176098
371576
179451
368940
345429
76939
289992
374320
183380
371254
188295
170869
351685
169545
350158
306764
295937
205184
201358
99949
191053
181669
28759
139072
257604
182129
373027
373033
365082
174723
374851
89380
336892
177618
193167
64599
315994
366161
175961
362711
338469
349385
391782
299200
296726
385890
186100
346796
156501
81634
379720
388519
183069
378154
173952
189120
94569
91426
164702
172037
170197
193198
175856
267586
179218
381072
358241
333620
163610
196523
399803
411845
99673
376931
270170
269917
333890
374490
383429
190015
380947
362967
330798
263779
366840
364671
385127
173940
366282
335124
361443
190600
97479
388740
195953
390372
256502
363794
349564
379698
401532
384946
263966
169125
329995
175643
177003
285923
88568
374959
290142
95413
189718
372342
347207
174377
402472
104162
394642
398986
339050
165546
354881
190483
387572
272224
345124
346541
84106
174919
377677
364333
180757
394200
397279
373912
20803
329571
378461
147132
399978
401871
182444
190539
260154
354408
370819
357315
349601
171708
335786
90099
372338
96747
370986
387865
198221
361106
343464
377263
118523
192709
299758
215224
385892
378128
361509
182863
191515
361072
165681
167972
367325
337999
155405
383609
370804
371484
392566
96369
351359
347794
387178
346188
138686
253588
82992
142113
384205
370852
96011
185842
380416
355821
173969
177546
277195
336191
172716
368806
183683
179829
182070
295501
371486
357465
173473
365216
418205
391662
412836
193554
287275
102189
196450
386730
362602
351378
176093
352155
13955
150769
341867
373946
371418
95378
354990
182370
177785
272161
367305
320288
421885
398350
393560
303419
386156
187913
356147
176802
346313
84362
179248
341403
264827
372475
229816
367870
184428
191302
358537
366824
412334
196650
393627
302697
401513
304447
101984
382087
365315
161105
87623
342913
339599
81796
86450
347685
187909
370362
184713
362349
362137
86806
88227
179009
416915
202278
398892
411789
382930
386355
375499
345348
345237
344395
161620
254042
352117
177205
379516
184802
353892
287308
269156
347648
312635
419134
395035
406955
380144
185543
382177
180614
165124
355515
269793
351228
226185
174654
174899
375568
174754
364205
96569
351999
380080
408184
194756
394616
100406
407530
387171
291409
276773
327578
369835
347254
340893
163716
173208
189189
154157
192305
181487
360095
380606
91608
352161
393134
398915
395415
391095
88351
407521
375246
158644
173472
361092
370291
342506
346973
167925
366682
388172
363437
176373
374557
348832
166644
197876
206860
194067
313915
78966
413444
394212
377154
99499
175448
32250
326543
185443
182161
365892
361542
169858
355970
184038
384811
367099
84738
385485
183923
354220
311470
103287
202296
105358
398084
412020
91125
46692
49004
22214
52887
7589
6302
185670
34897
367123
263621
364564
377258
162979
368755
184038
174847
374282
96219
375679
354007
390756
353159
392938
399163
388720
391989
86276
415746
66979
311163
345346
167047
177649
291787
361347
355610
362141
366314
191431
92435
89766
268719
381515
388563
391790
198650
393231
301766
401819
182958
369152
345022
352466
173628
355983
361797
357931
470150
361158
372661
377027
355440
403434
400513
389175
391365
1807
203079
376054
366096
353479
360234
166179
356727
359062
361383
273916
383400
91804
367853
372378
378001
397904
206428
400796
202372
404199
281823
369990
83061
182988
281608
378676
364544
360965
367981
391574
378732
371081
184922
377720
361151
83462
91703
377575
106797
406931
313247
103353
392080
187053
413511
194259
354767
183962
193362
384204
353982
378442
99883
385657
397812
386141
368151
362110
171177
359700
397494
194989
395157
381458
395812
201822
401227
154761
36331
334939
348766
373799
179155
398591
396756
388726
178746
79660
375821
345413
385194
395757
309589
201342
393799
397369
394530
353829
368445
363958
181687
399960
100779
395247
374746
380643
93153
188930
386759
106677
201247
409682
404560
391627
393971
192912
313897
93673
374607
386706
176530
175492
199590
194221
396666
375911
94686
390187
300309
398789
410950
412182
103961
398234
400665
399346
159877
384355
290721
403294
354883
382578
186776
368575
390593
101057
308240
394735
387404
192991
406495
308737
391213
102928
289155
405700
83598
100224
382364
383503
394250
166763
176812
371778
87959
359031
386662
186342
407759
182311
90194
308662
407103
405065
86349
296373
389420
245036
364075
191251
388082
199880
189827
358620
88234
168134
367717
199089
193984
201488
407145
194135
403320
310164
102685
404728
312484
390344
393407
408993
195431
390170
99803
99078
394537
186964
168227
355347
358787
182807
193237
98780
98149
401658
398258
382327
381143
384151
375937
388719
36214
188659
193391
196604
390333
197303
188724
275453
349886
357021
381350
394878
393963
102928
398470
397893
387324
196580
386127
406150
146017
394764
392676
192318
389761
188800
346951
334487
387394
385771
200708
204867
315925
396952
202130
403341
202718
394088
400662
267516
408833
187334
98706
193206
391838
180750
166053
345447
370958
388134
186588
203780
422708
194582
302544
103556
390259
409254
191725
401718
405094
400485
186390
384963
183291
382668
172884
257483
86309
372305
389317
191181
413120
318139
104470
198972
310592
102349
401341
419412
181237
401685
312684
16971
398547
193665
391680
199038
289015
254485
214909
199464
165134
190390
399520
101714
397543
419338
294125
195282
401100
405642
93684
405637
102288
186601
311626
64785
350784
399039
186173
388132
188867
349757
337081
389853
406531
93359
203318
423477
307510
104504
205881
410846
303566
96479
393038
395719
199878
209564
404231
390712
185840
352318
342716
380857
287303
301988
207954
202819
311799
407031
407219
417736
197998
399721
100308
407597
58681
208570
415234
301437
373096
96514
171314
344060
352532
192833
391309
85471
100523
99445
403949
413212
402172
412104
408045
184025
396341
311476
206627
208112
387426
378105
361605
331571
163240
379954
92452
394969
412463
405568
394605
395738
412020
394411
197432
198293
193912
220374
204522
414158
277831
97541
185330
359933
348230
173821
382977
371815
92088
420773
100680
200463
404692
396709
412540
415274
395836
387901
103813
310698
198531
197272
395390
187969
368722
358520
377188
357546
98447
411699
192127
407445
302226
101344
198634
318523
421939
300868
400630
95398
270516
252182
202572
196370
392604
377305
94273
176673
349859
91725
194211
369103
94684
395477
207990
408718
188102
396108
315006
412083
389241
390735
183205
248556
204021
203159
392110
381118
371316
183771
369088
375468
357935
392648
394976
394449
391633
189297
212938
408497
388080
397097
188470
127932
197968
206477
406701
364003
381685
358882
360898
173656
192912
188241
411685
407569
393427
193299
205891
407401
318903
297884
391626
194544
91836
195132
4613
203509
311736
399427
181735
363772
374983
386118
195363
188619
458111
388384
413214
190965
99856
402956
400213
318599
424032
390731
295711
101220
197120
115845
195399
398225
391420
366338
359863
391754
379026
371239
371076
197320
304906
101668
205888
309074
395489
105774
413327
402077
395041
397280
205172
76168
126044
409338
386630
372410
162895
182671
366970
181841
280077
202179
189058
106397
109514
95243
423647
417383
209924
316114
176666
436915
108248
184241
412866
404239
197935
210108
411137
186257
184895
98135
378655
348476
175601
175772
194045
382358
182953
209178
500840
392404
192920
202890
409752
194296
211756
367885
393604
191998
101706
305728
83839
102550
398100
186638
91512
185850
187360
376957
165635
177186
188766
186542
399458
405393
391405
192991
204311
408019
406832
205297
205683
274605
395968
102990
392202
380958
13315
407016
394223
191337
192336
311530
365559
392673
96175
404863
393367
406191
403938
402251
206357
204304
213154
126947
189422
381269
239019
393954
192704
109914
404242
200247
191033
393001
99081
174311
210389
382394
384662
203315
405708
206121
194797
249814
398748
404657
209571
406717
7064
164219
394927
186951
390614
203093
399807
200136
391028
384745
189558
191910
398061
393398
395797
199271
404906
401349
400917
411812
184272
365952
411497
399781
306696
103261
200298
400788
378941
194993
394142
98880
391599
393585
404650
393520
191156
398512
315438
212671
204562
37844
216237
215912
413264
389739
87605
311144
202537
206978
385183
395316
385569
408702
186497
405039
406547
128949
68084
170294
312132
354997
350843
34560
342176
409097
189112
399357
200059
200570
206541
243463
193922
389188
100851
193404
402638
410578
394649
397569
207141
406211
383663
41386
123846
6799
1945
80284
2336
