10593
9263
12037
4959
9292
12879
44387
5167
725
557
595
621
5049
531
800
391
450
493
4040
3073
691
757
527
495
388
4691
620
379
704
607
505
356
4547
651
498
319
129
489
441
5043
770
456
539
612
264
4604
563
426
463
448
576
251
209
4651
625
604
608
544
623
5227
667
267
432
179
191
372
4791
548
797
592
459
451
225
4512
715
655
696
485
1831
3696
589
151
570
442
601
5484
805
691
181
654
510
4616
927
547
396
198
167
427
4653
549
358
693
339
530
324
423
4642
741
497
470
738
105
466
425
403
469
446
143
179
5125
614
670
573
542
568
525
5142
761
684
693
660
6040
1270
405
578
521
250
541
5481
1004
276
587
176
453
678
5103
816
731
450
587
319
545
3924
1694
676
488
639
398
503
4489
581
431
567
379
487
485
4809
639
589
391
348
366
384
390
4919
593
644
51
528
682
3173
3688
304
681
497
507
214
465
1659
5042
700
694
248
538
462
1734
1509
871
5156
801
684
622
204
614
1713
1126
2284
1692
4134
4052
2326
1019
1076
2085
882
2701
2244
1752
1293
1858
4137
2828
737
579
612
2132
2423
1060
2433
4323
2568
1888
1610
1162
2595
1852
902
912
1587
3286
2163
3579
5724
1602
2150
2167
2970
1458
1026
1222
1853
2066
2264
6494
1175
2251
1423
2739
3594
2730
1790
2890
1052
1733
1473
575
1359
653
1423
1283
1112
7192
2430
1849
1958
3757
1554
1118
797
385
2107
1571
2347
2401
2767
1126
5696
2515
2209
1260
3227
2047
2023
1754
458
1028
535
1341
974
1249
1495
2399
2793
1175
1469
6133
1575
1328
935
1596
3724
2616
819
1624
2031
2995
2816
2781
1631
2453
661
5889
535
639
573
973
3904
1224
1533
1873
2628
2972
2130
3105
1200
2870
504
5714
733
522
1782
3438
1185
1316
1662
2034
713
1621
1115
1958
1993
2857
1663
1554
5502
724
685
1269
3517
2164
1212
1929
1979
991
3087
2136
2036
2190
2935
2502
5764
631
257
257
575
831
1735
2255
2110
948
1685
1443
681
596
2463
2780
1279
2438
2832
1461
7177
894
346
607
1709
1845
2170
794
1823
1838
1919
2035
1652
75
2509
1318
1337
3234
2951
8077
982
1085
2881
2732
1748
1159
2505
2050
2134
1012
2149
2400
2300
2339
2501
642
7607
1539
549
572
674
2205
1883
2220
1572
1282
2660
3412
1953
2643
2369
2011
2983
1020
1323
7750
932
670
56
448
2706
3132
2414
1490
2270
2259
3307
2014
1367
1635
2115
932
2734
1196
1596
1606
6824
736
653
619
3515
2804
1755
2579
2065
2070
3084
1024
3268
1931
803
2183
1320
679
1738
1687
4977
4561
2563
1302
2679
2687
1997
1883
2309
902
2471
1695
3190
1499
2455
2262
3534
2653
6050
4864
949
497
736
2719
2606
2355
2867
2437
3019
2487
2932
1642
2509
764
2010
7251
2252
599
265
945
3372
3364
3025
2554
2858
2579
1889
2039
3484
2240
1343
1059
7184
1446
615
3056
2203
2543
2787
3070
2825
887
1326
3039
1730
2260
1657
1760
1810
2349
6737
2663
1409
1055
1188
1394
2873
2459
2789
3266
1868
1746
1822
2756
3542
1805
1967
833
1786
2212
3198
7874
2331
2403
3584
2360
2950
2301
2578
3836
2329
3096
2598
1747
2931
3709
3519
5930
2728
1369
2060
2688
2108
2503
1597
1666
3019
2049
1549
824
2518
2834
1502
2186
1638
2033
2624
3038
4870
4482
1852
1567
425
3196
1662
884
2585
2290
2839
2320
3087
3367
1764
1258
1180
1238
3091
1094
2974
2590
7586
3387
2105
2241
1692
3331
2021
1702
1818
3097
3421
2788
2170
2235
1609
2586
1115
1485
1237
1680
8326
3749
2805
1883
1243
3255
1082
2539
1351
919
646
2438
2716
2528
3442
1223
2339
3034
1550
3056
2868
3844
5339
1865
1976
761
1648
787
2967
2517
3119
2291
3052
1920
658
879
2657
1813
2593
3232
1451
2802
2147
511
448
1911
1110
1382
5266
3742
1752
801
973
2272
2477
2746
2488
3667
1716
2143
1126
2904
2737
3046
2383
1008
914
1898
2793
4269
4859
2094
2292
705
627
2280
2521
2508
2339
3272
2351
2136
2549
1048
1927
370
1990
2479
2314
2201
1097
8360
2438
2393
2224
905
828
1998
1330
1130
2855
3015
3068
1011
1904
3378
2731
2855
2205
3012
2924
1267
7900
2643
1242
2317
606
821
1442
2343
2441
1667
1815
2836
2157
1260
3269
1407
3154
2353
2369
3876
2893
1869
6084
2422
2137
1497
1803
235
1182
1740
624
1656
1176
2369
2678
2787
2386
2621
2026
1919
2248
3123
3044
3461
2357
2962
851
8603
964
885
2345
1624
574
1892
3297
1900
2000
1625
2482
2449
923
1265
776
1307
1450
2462
2315
2447
928
2640
2509
1949
540
986
2626
1539
8054
2219
2346
1122
837
1038
2520
2134
2036
2279
2731
1705
517
894
1409
2177
2099
1521
2536
2429
2371
1487
919
1853
1529
770
1276
1384
6999
2115
2012
1776
725
1805
2523
2253
2560
2587
1677
390
1463
2054
1880
2384
2483
3720
2800
3023
1591
2101
8121
1126
2362
2867
1630
784
1369
1790
2320
1487
3086
1941
1076
1965
1839
1105
2897
2413
1719
2274
3304
3244
2677
1841
1422
2139
8854
2292
3205
2342
664
1229
2043
2333
2024
2116
617
2634
2593
687
2045
2569
3101
2980
2603
840
2709
1638
1932
3050
2300
1723
5496
4550
2621
2978
1434
3056
1927
1875
1306
1776
1044
2726
1666
1445
2668
1827
1444
2668
2459
91
1240
1647
1614
3224
2584
2660
3096
1787
1050
1200
6980
1918
2587
2285
1660
1637
626
1038
1208
1728
2948
2386
1180
2358
1837
1382
2170
2786
2227
1200
1338
1704
1930
1766
1586
2444
2252
2595
2340
2327
7542
1179
1381
2348
2451
1877
1077
857
486
1024
1139
1474
1695
1651
1112
2315
2546
1087
2773
2874
2045
725
2235
2024
1098
1339
1152
1289
1334
1509
1865
1119
1570
1385
2006
2304
1723
6694
1300
2222
2489
1159
1831
901
2526
790
983
558
876
711
690
589
552
559
592
624
1329
1560
3229
1947
2448
2467
1509
1154
2224
1455
1800
2680
1621
829
1288
1541
1258
1399
1517
1693
1861
1493
553
604
1167
7493
1958
1809
437
1443
2260
2020
2441
882
589
1490
1106
1333
572
1454
1665
1896
1213
2000
3049
2765
3133
2758
2512
2260
1704
2270
1403
2485
2826
1533
2609
1585
8097
2271
1757
2554
1157
2045
2329
1945
787
1322
946
1508
2446
1510
1616
1653
2254
1902
1581
1778
1253
2077
2066
2459
2480
1241
2454
2153
2170
1145
1476
1978
2379
2436
2159
8512
3193
2541
1916
1878
1175
1523
2366
1718
2142
3494
2344
1484
2333
1178
2514
1003
3002
2828
1567
1750
2785
1439
2028
2149
519
2222
1559
2017
1440
7772
3014
2437
2251
2039
1472
1109
576
326
647
690
1019
2155
607
1189
801
2339
1451
1557
1572
1402
2382
1876
2220
905
2991
3041
2192
2306
1361
1986
8184
2434
3786
2559
1789
1947
1501
1175
1059
1244
1801
2112
1703
2079
2101
2325
2339
2398
2762
3255
2878
1368
1437
2988
1499
1637
3071
2627
7538
3155
3082
1568
868
2235
1383
924
1213
1137
2347
1601
1327
763
1204
735
1365
2818
1927
2007
2549
2667
2498
1970
2949
2302
740
1772
3213
2461
2455
1347
2565
2019
6711
3247
1171
2038
2529
889
943
1177
1132
2198
1418
1114
2297
2240
2612
2874
3380
1669
927
3296
2854
2861
2469
1645
1310
1444
1181
7735
2912
2932
2086
1313
2974
2635
978
548
1598
1382
1944
1694
1094
1986
1513
1912
1319
2660
2459
2389
1882
2560
2668
2322
1367
2255
1452
1117
1279
1008
1245
5214
4007
3077
2284
1146
2617
1658
2520
915
1757
1079
1686
1695
1254
1382
2306
2141
2181
903
2466
2383
2180
1529
1408
2824
1815
2228
2569
2651
2362
1566
2060
7733
2541
2204
2555
1425
705
2606
3375
2238
1566
1725
2123
595
590
1701
1236
2249
2138
1553
2386
2952
1712
1590
2403
2837
2342
2595
2282
2355
1609
8934
3429
2916
1993
2464
1214
2661
1282
2037
826
991
2160
2670
1349
2195
1165
1833
2056
2112
2696
1296
3672
3507
2770
3210
7952
3465
2298
3306
2452
1057
3230
2443
2270
1634
1815
1361
981
2395
2559
2632
619
2842
1983
1971
1349
1297
1583
1940
2289
8682
3429
3701
3123
2499
3186
2349
1361
1918
2491
1576
1397
1959
1303
2467
2174
2494
2768
2420
730
1953
742
2517
1732
1591
1448
1244
5357
5728
2866
2155
1966
3068
1623
805
2013
2647
1788
1954
1749
1985
2375
1998
2027
2961
2916
2729
2903
1782
2529
2561
2949
8057
1746
1301
2395
2392
3175
1734
588
2325
2900
2297
1743
1511
2550
2646
2264
2946
3358
3142
3074
2656
2543
3314
3339
8271
2710
724
2768
1708
2746
2718
1832
568
2429
3030
2336
1373
1145
2145
2235
2934
1856
2430
2476
2129
1495
1272
1767
2428
2315
2737
1567
2875
7300
2455
1036
1407
3184
3666
2774
1963
2949
3182
2768
1796
2453
2184
2500
1975
2302
1528
2371
1533
2090
899
2839
8305
2888
1462
2896
3742
1738
2202
2025
2033
2282
2804
2361
3018
1816
1159
1557
1409
2360
2409
2098
2835
2399
798
4028
2748
3811
3388
2496
709
2102
2183
3211
1966
2823
2204
2307
2524
2912
2470
2894
2848
2819
1362
2068
7669
2352
2687
397
629
2783
3280
3057
2182
1746
2136
2737
1770
2201
2209
2458
2022
1227
1338
2295
1060
1992
2643
2955
1793
3019
1878
740
1077
1475
1295
2027
6798
3166
2618
1504
2989
1763
1234
1293
3189
3023
1702
1454
2325
1703
1992
2034
1186
1137
1897
1711
2558
1404
2528
1691
1598
1961
1872
4275
7684
3722
2502
1428
2642
1824
1138
776
1780
3036
2198
1743
2083
2686
2535
2299
2250
2345
1445
1645
1664
1560
1419
1021
1749
1391
2199
1542
6521
5737
1981
2748
692
2473
1942
2185
2757
2569
2606
972
470
1154
697
1354
2350
1928
1975
2273
2151
975
2896
2171
1554
3481
6565
1869
2328
3231
3179
2242
3161
2704
1990
2083
1094
940
820
1477
277
841
2826
1644
700
1317
1187
1783
1830
2287
2152
1679
642
2776
9066
3567
2851
2965
2271
2237
2475
948
1735
936
2488
1346
1172
1573
2295
2851
2255
1114
1938
2284
2426
2760
2380
1679
2342
8019
2853
1423
3535
2922
3354
3048
1976
1540
2460
2030
729
1567
1276
1581
2982
2079
2481
2364
2152
1759
2317
2996
2414
2525
2839
1863
8559
3375
3250
2648
2910
2412
732
1883
2214
1471
1174
1416
1648
1222
1182
2721
2759
2598
1565
1350
1257
1440
2732
1989
2108
2375
2168
2776
1977
8259
3225
2910
2020
1889
1539
1491
2748
1663
1886
2528
1671
1685
1705
2366
2291
1468
2633
2093
1228
1321
863
1272
1172
1155
1955
1167
1039
1370
818
1242
1189
428
1606
1600
7420
3285
3088
2145
2912
2276
2749
1877
2099
2490
1932
1865
1356
2122
1051
1894
2870
1201
1775
579
1729
2306
2098
1664
1978
2249
934
8414
3381
3181
2208
2783
2306
1249
1591
1463
2599
1824
1003
1525
1414
2065
2778
2147
1987
2102
2291
2995
1536
2592
2040
7986
2244
3505
2472
1489
2729
2595
1675
1052
2129
2056
2080
1929
1602
966
1567
1151
1797
2128
1140
2436
2102
2196
2263
2642
2424
1419
4988
5969
3969
3548
3300
2429
2308
1497
2181
1229
2327
2032
1790
1338
3209
3169
2538
2995
2639
2678
2957
8218
3061
2391
2212
2508
2779
2282
1573
1846
1884
2510
1582
1865
1859
2274
2245
1951
1799
1977
1474
1767
1943
2274
2709
2534
7883
2878
3219
1709
1943
2014
1551
1175
714
2177
1390
2337
1990
1405
1538
2133
1056
1021
1379
1147
2364
1734
1758
2427
2110
1514
7878
3178
2283
873
2150
3295
1529
1448
1460
2411
1951
1566
1717
2328
1028
1448
2411
2447
1623
794
1562
1009
891
1437
1876
7132
4395
2026
2421
2257
3247
2578
1569
1421
2645
1858
1819
1001
2353
1408
1355
2949
1275
1916
1757
2377
922
1653
2540
2354
8390
3474
3305
2438
1595
1385
1297
2704
2130
1814
2335
842
2204
2925
2439
1969
2557
1649
2140
1832
1108
2260
7129
2908
2734
2653
2776
1771
1612
1801
773
2655
1590
1165
1421
850
1587
2507
2615
1688
3412
3242
2416
2052
2120
2842
7499
1743
3604
2643
3087
2596
2086
1953
2445
1465
1237
843
1477
1419
1163
2732
1594
1134
1493
1136
795
914
1733
1959
1962
1604
1385
4766
6200
3098
1620
2243
1232
2947
1783
588
1762
1633
1589
2236
1248
512
716
2343
1531
2886
1844
3176
1117
2887
1551
2466
1705
1615
1248
2021
2775
7291
2911
2063
2126
3364
2311
1412
2320
1070
718
2602
615
2300
2186
2628
1227
2472
2461
2838
2259
2654
2279
2011
1804
1205
1445
1156
8330
2375
2732
2190
1409
1941
2470
1700
1572
1996
2701
1411
1585
1307
355
1766
1263
2393
2801
2176
3201
2640
2669
2389
1933
5889
3637
2248
2576
2370
3379
2045
1264
1721
2739
1723
1474
1009
793
895
1766
1141
2413
2191
2040
2169
2306
2802
2385
3083
1880
351
2251
8021
2733
2538
1430
1385
1624
2353
1932
1473
2920
1780
1548
1568
2051
2520
2415
1894
958
1216
1544
2379
2330
1423
2909
2645
1620
1862
7351
2720
2375
2190
1762
977
2157
1169
2490
1519
2358
2325
1637
1781
1874
2045
1304
2318
1728
2276
2677
2200
1683
2916
1690
1929
1170
2180
698
1066
7156
2641
1875
897
1538
2135
2911
1851
1847
1358
2247
2040
2596
1076
2671
959
1442
1162
2126
1961
1977
2660
2034
2754
8724
2693
1449
2128
1256
1734
1551
2670
1635
1549
1848
2409
2058
2154
1271
2188
1772
2921
2050
2057
1644
2270
3242
2817
1792
7267
3115
2401
1808
1859
2286
3449
2417
794
1508
342
634
2535
1985
2110
2518
1917
1141
2455
2176
3027
1877
2853
2994
2704
2341
5676
4963
2144
1690
1505
1093
3246
1416
1945
2967
2592
2310
2344
730
1567
1755
1615
2541
2167
1229
1419
2249
2633
1950
2415
1611
5412
3905
2276
2125
2225
1976
2219
3332
798
1554
2243
1880
2168
1417
557
2464
1463
1997
2359
2020
1544
2225
1389
3033
1336
1850
1527
7793
1429
2005
920
1912
1698
1272
848
2629
2354
816
1958
1793
2806
1449
2563
2013
859
1575
1327
1050
1960
2121
1199
2090
2709
1794
3155
2965
2129
8532
3045
1471
699
969
3171
1792
1113
638
1320
2787
2855
2472
1846
1125
1114
501
2382
1516
1016
800
1370
610
1710
1925
2109
2547
1337
1862
583
2058
549
7908
1790
1872
1090
2673
1857
1199
1240
1337
1991
1411
2111
2231
1117
725
2523
2470
1516
2908
2571
1756
1779
2057
7992
3190
1943
2101
2051
989
1063
1748
969
2169
1470
2400
1315
2586
2323
1540
1254
2583
2266
1590
1471
1669
8198
3079
1823
1910
2295
1406
2144
2710
1905
3055
1000
1644
1828
1611
769
1155
3079
2205
1233
1740
1343
6928
2606
2562
1844
1627
1970
1548
2710
2147
1598
2006
2535
1383
1016
579
2595
946
1492
2400
2889
1851
1551
7635
2925
3291
1501
2241
2235
944
1659
3389
2236
2747
2397
391
423
2496
1555
1143
705
1271
2607
1723
2244
2077
7660
2969
2267
1551
1956
2359
2111
912
1338
2461
2004
2664
2716
1984
2469
1979
1542
1282
665
1868
1404
1323
1885
1210
2086
6771
3230
2451
1067
2251
2232
1329
1280
2096
2172
2456
2901
2006
1508
1773
1279
925
1502
2039
2267
2146
671
4460
4386
1685
1655
2035
2541
1509
1655
1503
1329
2777
3411
1847
2426
1416
1439
2939
1413
1364
1784
2472
3349
8729
2813
2874
2098
1891
1694
2394
999
1345
1506
2476
1586
1558
2667
1181
960
1947
1809
883
1161
1415
1701
2056
7437
2807
1805
2029
2510
970
2346
801
1435
532
1539
2252
1896
2472
1039
2705
864
1083
2818
2051
1236
953
1617
1510
7425
658
2797
2728
2277
1214
1041
1537
2077
2001
2689
2854
1829
1871
1271
2110
1701
1925
1465
1678
654
1550
7423
1422
2034
1831
1051
1835
1175
1666
1143
1031
2400
2364
1834
2126
1448
3012
2272
2967
1819
1164
1310
1342
7002
1863
2228
1173
1239
2211
2041
1758
2139
2359
2055
1991
2963
2592
943
1970
2954
1956
1422
499
1170
1415
613
6133
3850
1549
2749
2412
1066
2271
1547
1370
2766
2470
2490
1196
2943
2138
1546
498
1217
1396
1815
7100
1378
2710
1353
2194
1430
685
2466
2170
1322
1445
1444
1470
1502
2777
1416
1280
1166
1504
1429
3509
4792
1999
1826
1632
2329
1160
1211
1679
2127
2564
1443
2558
846
2292
554
3123
2223
1184
1333
1582
5566
5056
1969
977
1027
726
889
1456
1357
1565
2258
1033
2402
2080
1815
764
2058
1684
2452
2343
457
1067
956
962
7291
1534
830
2408
1423
1230
2494
1120
1102
1233
1916
2401
2753
1966
2345
1708
3480
1106
2668
2238
1301
397
861
454
318
814
433
719
913
7120
1860
2438
1074
1226
2183
1861
1786
1866
1778
2327
1520
1845
2188
890
501
1890
999
1796
1444
565
493
2426
882
1050
1151
3487
6277
1929
1621
1967
2188
1561
2210
1506
2515
2267
1457
2567
2690
1758
1403
2800
1013
1353
1960
1086
1402
1616
7692
1632
1339
2737
1233
931
1699
1288
2132
1819
2487
1569
1405
2066
1134
1350
3171
1003
1609
2579
1515
2131
1003
1190
915
7329
2251
2246
2384
1670
1311
862
2017
1420
1147
1964
1727
2838
2376
2374
1880
1939
1897
1957
895
846
1043
1413
556
7280
2270
2169
1484
857
1359
1118
2046
1827
1435
2028
2610
3073
3026
1482
599
1081
1882
2105
1611
1346
450
1044
613
862
7664
2693
1950
1106
1210
2312
2002
2070
1126
2536
2131
2172
2155
1959
1954
1710
2019
2739
2165
1021
1118
735
1048
1150
7198
2004
1210
1418
950
1619
323
714
1610
1879
2320
2288
2101
2078
1947
1494
1928
2252
1696
1657
767
2402
2451
2534
1118
1267
1716
7107
2087
2348
1589
1998
1417
1373
1732
2603
1475
2185
2079
1134
1200
640
1046
1449
1382
1898
778
1538
2096
1342
1861
1276
1143
1156
5817
2473
1591
1142
1867
1795
1724
2156
2784
1361
1840
2551
2435
2618
2428
1663
2512
2169
2427
1025
1196
1179
630
7296
1828
1506
1688
2168
1813
1993
1865
1982
2148
1806
1764
2248
1203
1277
972
2119
2172
1253
934
1291
889
1060
1023
820
6507
2002
1496
1291
1664
1867
2160
2016
1451
1822
1239
1363
3261
1807
1970
2259
2105
2480
703
415
1399
1135
6199
2409
2352
556
1172
1390
2628
2014
2756
1873
1334
1518
1381
1602
2687
2463
1260
2134
1335
1507
785
825
7110
2162
1746
1534
1330
1257
1269
2185
2067
1215
3006
2133
1561
2404
2548
2841
2302
1339
2593
1048
1359
1388
1054
6356
1309
1343
2865
1283
974
1714
1333
2073
1754
1221
2902
1387
1142
2343
1454
2909
1132
2338
1628
1277
1057
1549
1486
6943
2602
2106
1492
1130
759
1940
1637
1950
1782
2639
755
887
2047
2656
2865
1561
2477
2141
454
1145
1256
911
1193
6994
2941
1829
1074
1546
1880
1622
1388
1309
1796
1689
1759
2871
2714
2196
1867
1200
994
1071
1447
1043
6371
2300
1409
1904
1116
1032
1949
1538
1206
1601
2433
1156
545
2252
2145
2445
1715
1483
1640
1007
407
621
1691
1238
6876
2548
2311
1747
2012
1980
2372
2687
1946
881
1889
2721
3084
2266
874
2328
1401
872
1572
1221
7310
2539
2599
1683
1789
2105
977
1168
2073
2489
1562
1561
694
2930
1627
1981
1225
1529
1118
2248
1207
7264
1145
2513
2428
1618
2372
2231
2199
2714
2050
1404
864
2256
1156
1888
1618
1687
2246
846
1384
1788
1819
7567
2193
1377
1942
2616
1488
1550
2142
2764
2488
2244
1630
1293
3032
3073
1668
2276
1560
1451
708
1484
866
1527
3898
3740
2924
2494
1617
1112
796
1223
1958
907
2208
1908
1484
1559
1836
2621
2839
822
1286
1136
1497
1973
1046
781
921
6564
1971
1887
786
251
132
610
87
67
1002
1319
1786
2037
2386
2774
1994
1305
2221
827
2608
952
2934
1952
2311
1765
2458
2161
7008
3401
1153
2194
1421
1160
2268
1708
1423
2332
2215
2510
2917
2431
1660
1286
1336
1230
1907
1732
1268
979
6228
1348
2328
1826
2476
2150
2337
1699
2637
2112
2640
3241
2079
2270
2144
1857
2308
2123
7817
2179
192
1732
1998
2223
2257
1890
1541
2649
2479
2566
2508
1525
1413
2647
2053
1992
2078
1251
7261
1410
2081
1885
1552
1240
1635
1187
1857
1988
2603
2552
2213
2894
1826
1635
2126
1528
890
480
1508
999
1473
1749
972
7155
1376
1600
1698
1705
2108
848
1835
1888
2100
1344
2262
2117
2620
2346
1539
1559
1478
1750
1220
1450
7119
926
1332
2278
1423
247
1871
1669
2084
1759
2040
2055
2041
2692
936
931
1613
2030
2072
1724
1506
6903
1925
2689
1935
1579
2740
1807
1974
1274
1088
2704
1872
923
970
1248
1019
585
1041
1259
6311
1423
1085
1915
1393
599
1595
1987
1162
1752
1053
1726
2268
1167
2037
1224
1775
2106
2080
980
6752
2427
2256
1330
1836
1155
1731
2614
2352
1281
2136
1734
1068
1003
2023
2428
1535
1814
1826
7395
1398
1309
2190
1659
856
1684
1624
2009
1821
1117
2033
1144
1721
2426
1294
1718
1674
995
962
1289
1329
837
6460
1524
1301
1557
2000
1842
1365
1136
2438
1325
1005
1929
1623
1652
1364
1525
1823
2120
1576
1019
1431
1865
7295
1968
2780
1806
1700
1178
629
1712
1553
1014
1507
2421
1728
687
1504
450
1392
2393
2070
2220
7359
2089
1660
775
1523
1023
1543
1855
1419
661
1938
1423
2000
2352
2192
2119
1445
895
1516
1488
1662
7388
1525
1036
2076
1678
2099
1119
1761
1909
1569
2748
2472
1983
1152
2409
1757
1300
1698
1785
7392
1835
1613
2337
1702
866
1564
1008
2259
1589
817
2349
2361
1519
736
2972
1653
1756
1205
1796
2308
6772
2077
1747
2479
1896
2099
1747
2190
1540
1494
338
2156
2373
1905
1440
2657
1475
899
1488
978
1219
2499
7623
1483
1561
834
1677
1532
2066
1327
1977
2159
1599
471
1889
1356
2598
1362
1923
2548
2018
1477
2031
1780
1296
7199
1426
1200
1610
767
1662
2292
1680
2000
1981
1980
1771
1455
2425
1366
1422
2044
1808
881
1469
1815
2395
2183
6138
1751
1413
1651
2528
1723
2084
1854
1394
2308
1836
1771
1637
881
2132
1848
1606
2210
3456
5966
1269
1537
935
1733
1953
1891
1829
1463
1004
1591
2112
860
2021
1415
570
386
2481
1992
2076
1860
7791
1937
1903
1468
1865
1786
1433
1947
2136
2132
1650
1874
1168
1581
2048
2475
2180
2035
2788
7768
1837
825
1466
686
1631
1096
1908
1391
919
1422
1669
1657
1752
1495
1353
2182
1304
1356
2033
2098
2378
2909
7594
2054
896
1518
1890
780
2045
1556
1428
1555
2475
1628
1300
2730
1820
1274
1838
925
793
1933
2306
7410
2079
1164
1110
1916
1170
1586
1252
2073
1320
932
2001
1277
868
1146
847
1826
1752
1215
1660
1700
1635
2772
8489
2343
1635
1241
1572
1255
1894
2111
2243
1484
2079
2050
1494
1877
2092
2042
2133
1594
1067
2763
7511
2143
1496
990
1187
1290
2320
1245
1841
2558
1956
1592
670
1187
661
1040
1323
1043
1142
880
1341
6790
1499
1037
587
821
236
449
1765
2213
1139
1535
1739
1919
1141
1317
2121
1231
2508
1403
915
2097
1556
2276
2631
8356
2123
1302
813
982
533
1809
1504
1577
2282
976
1703
1778
1787
1399
1611
991
833
1800
1432
982
2490
7418
2786
2103
1371
443
444
1943
1496
984
1423
902
1634
1329
524
1667
1084
886
452
340
669
1336
678
1101
1206
1377
939
6385
2241
1583
1014
857
1765
1404
864
914
456
1362
1332
952
484
2096
1374
418
1382
1073
906
369
1381
1179
496
7300
1806
1293
647
882
820
232
1656
1069
1029
1631
609
1156
1021
454
879
503
1830
2329
2341
1502
787
1644
2351
2205
1276
6087
2960
1250
2531
1778
276
1292
1883
1571
500
1192
289
1022
775
2216
1479
1522
782
1187
1193
729
1087
403
907
6409
1457
1386
1142
319
725
1820
786
1232
925
1270
618
1440
1732
1337
1354
889
859
1541
1080
1496
1150
1180
887
767
6539
1267
1119
875
1132
1752
1893
1339
1600
745
1339
2026
1409
969
857
1117
1500
1436
1260
6548
1634
1312
953
888
607
1840
1893
1026
1388
1122
1798
1300
1124
1163
1191
1310
1215
1025
539
653
4645
3436
1486
1422
741
453
1279
901
1641
1506
1858
1586
1157
883
973
980
276
1009
1071
1342
403
995
6734
1516
1377
1053
810
792
1433
729
1375
1409
1126
1725
645
1128
1413
1266
1168
1438
1250
812
492
2023
445
9852
472
