19355682506244
19355714506827
19355742596327
19355762496577
19355786599452
19355794606118
19355814600993
19355822626285
19355838505743
19355870502326
19355898597826
19355922542993
19355942603993
19355950615326
19355970601284
19355978603868
19355998603742
19356006603867
19356018507742
19356042599742
19356066524284
19356086604492
19356094599742
19356118593950
19356126612950
19356146601284
19356154597075
19356178536325
19356186611783
19356218497075
19356230600492
19356254520283
19356274545283
19356298522075
19356318617950
19356326602491
19356358493574
19356378598491
19356402523074
19356434499324
19356454598574
19356478521824
19356498605616
19356530507449
19356558504699
19356578594574
19356602524448
19356622613198
19356630597365
19356650602490
19356674521782
19356694607490
19356702604115
19356722608281
19356730604573
19356750602906
19356782495239
19356802617906
19356826520073
19356846604489
19356854611322
19356874599031
19356882609989
19356902604239
19356910612364
19356930598447
19356938599364
19356946510280
19356970599447
19356978600280
19357010495864
19357022618405
19357042497988
19357062605322
19357086538280
19357106608238
19357130520821
19357158598946
19357178600863
19357186612696
19357206600071
19357214595446
