14362
40279
34923
50081
21921
49200
49809
33008
32432
65850
115403
49865
77870
67346
69149
37762
48954
63004
44090
19686
27931
20191
55292
55971
43865
71013
55029
86434
83090
32181
43727
41070
54007
16852
40270
29366
80996
54997
69071
32176
41124
43302
153693
48774
20712
48023
124949
198969
215153
244942
197866
164688
67768
122967
171764
50693
127533
191518
43985
182699
264511
203072
236760
195113
221654
223374
185399
237548
215789
240223
189279
47222
156684
211859
201754
75467
210333
224788
194091
218540
202571
211824
220605
208624
240613
209189
235319
204063
70527
187401
174894
92655
226574
257931
99172
221959
204646
189259
91570
252545
224721
224144
194193
224948
251734
164803
206288
158816
223779
211441
94840
203310
171159
230652
254707
219692
160973
224303
119340
215040
243608
91878
44977
44259
213026
234287
105471
122127
196562
101043
212185
180105
115424
67996
128603
252224
184011
162285
167784
180396
195747
38272
230176
172078
126896
196627
169046
216751
213884
71757
259283
233291
162201
186587
69645
71753
166386
64152
85157
258059
180943
79749
95080
232245
66106
181391
117669
200110
196240
213333
179326
214106
232578
268937
9400
12478
2662
47946
225951
188724
216877
161403
180051
117073
178539
170155
165625
205308
76866
211877
49581
213639
151681
196174
93450
197627
243063
37360
81341
77488
135562
217595
78980
100136
197857
201036
227301
222443
197408
200524
145011
176929
127591
178157
187663
305567
205506
219575
227263
272920
220381
166845
129703
167716
206535
224801
67313
105736
206250
240817
221172
202083
244892
116831
158216
82544
90263
168529
237593
190364
171212
107267
225473
83742
170465
197598
180351
212965
208164
211645
194236
101860
180087
129083
249460
244206
211982
242208
227052
240922
195131
171635
150701
161417
261090
226720
282170
246979
102406
106544
124072
216030
180783
187044
166507
183575
223416
193845
155838
197560
107977
94228
68088
224177
233613
111347
36803
166812
40910
199682
175406
228295
97307
98443
240436
234837
188956
99960
106891
183564
214351
233435
206205
181731
205449
169825
188236
214875
180221
212635
238533
175233
79498
214239
168867
41395
73512
208311
79899
190107
220281
187807
246238
245909
113679
84848
79384
216904
263823
188317
186685
255247
224356
164072
200662
191394
218976
236475
90959
157932
120962
226498
226316
39202
43167
202809
108986
255665
236840
241434
218165
98648
251397
140842
125750
204606
79942
208015
152085
220383
219921
237575
195234
212490
224359
80857
208878
48489
148859
199606
175393
234642
183493
220640
84657
193986
131621
225750
173065
122465
80616
180017
232015
102791
70993
102881
150977
49427
95368
174480
70907
177739
196379
99592
157698
63994
200559
249437
231887
173048
198408
74154
214733
45784
88964
165938
164291
129262
220917
227752
163063
220735
229179
218684
198434
219831
232196
186092
208496
160602
257062
101718
89877
161776
93083
116071
156396
244117
178690
251982
177056
208638
100989
208868
94657
212999
159957
210242
89666
86118
210161
116399
162217
143650
243217
201524
155156
209245
170109
140794
185894
241374
237476
201008
198620
188917
122033
165255
208018
114622
47503
214669
179679
70249
216986
192434
165296
177170
193247
224459
180053
182095
152241
235519
101085
212063
183834
75438
139302
177171
188288
218941
80119
254191
232123
230799
229235
165937
232187
232415
249092
184511
67555
199635
116284
199263
232921
250706
224962
215127
160559
207780
170669
73653
141606
122849
198090
159832
244551
104243
126877
109565
57093
90167
216926
79786
74693
234292
227726
172165
177341
244377
205638
219128
263048
198082
188350
164547
195037
231310
22170
155597
201041
177686
170185
185426
217727
201988
218848
169188
199322
60761
250767
175181
116059
237816
230012
154784
106870
181985
190096
206912
228208
167424
94784
193910
41562
236536
177399
165750
225456
234676
207228
186803
191456
212461
75965
110918
207753
204401
168299
176071
242011
57106
124253
183975
175375
158635
67777
175029
138282
218846
216014
188172
169495
208205
238390
107554
242422
84030
217602
246009
195938
172787
217000
160912
210659
192722
247215
228449
170126
192576
243649
263455
228309
113048
174569
40146
192927
172684
201686
275707
180958
204933
153901
207366
158935
198402
211707
219839
251398
161786
190425
154814
188592
84370
206148
149491
238137
236771
210640
246740
194377
192437
199469
72477
121322
188182
226677
190773
120854
143666
221494
92482
241507
191470
253744
121245
224186
30695
250174
240094
71591
92306
34113
182954
145685
153879
227581
115416
225727
97364
266169
217766
170487
184286
219996
192150
236049
159577
193766
252344
217138
219953
168598
213677
200138
206114
215523
244345
53121
196724
242070
214765
242832
191606
203185
171992
52851
232722
144304
165372
220305
61822
120222
83819
173990
118408
101496
201061
201625
231088
211242
167813
208786
202109
208496
61067
185499
259023
243593
162169
180246
155598
189400
256766
189632
41894
239725
217759
211012
197868
174975
223187
73444
222771
251944
186452
197088
261207
203912
193205
169072
162389
204755
222749
171534
227455
240617
238677
194233
236100
63985
249397
159638
229564
166632
205667
183932
193433
216156
176702
173959
237893
224278
208374
242154
219534
169932
184476
202646
212303
198313
153085
89711
196530
84989
86595
226512
240435
91269
217738
132364
210029
85124
220616
149565
210894
193337
186421
168040
166747
236742
226212
202160
224818
148720
154811
95407
182559
212791
243349
231530
203227
185242
207034
87780
196658
115438
246690
9289
1360
25432
96743
201735
85637
98086
162216
167350
149278
218460
192677
184962
210568
90044
175634
120895
202578
155564
223137
219225
248948
170928
193571
186333
231360
246420
227599
221985
207978
202290
181134
213460
84680
217111
197231
156577
229068
212855
184425
151806
152816
169473
198686
173759
226389
190408
116495
37275
176273
180266
252382
200398
218946
209431
210778
250137
189036
204892
174494
165004
100738
202679
171113
217356
221764
75336
165938
186402
217986
244661
218646
88666
152664
32349
181985
220067
198948
166971
238125
131599
199742
191159
191825
40243
75338
183665
162222
166015
248345
208228
216883
171007
174803
197122
246904
192117
196307
172248
108194
96067
175878
169804
114371
98032
145453
207085
197811
238115
167994
155383
196006
262042
201556
126087
210098
160553
186996
132412
82479
164932
245587
239250
201364
95643
154551
170550
235472
210494
207180
172085
189633
188895
241601
181968
202951
218724
208730
185496
207349
193030
166324
209176
241883
204013
193143
229053
153101
206293
222987
217996
169734
149987
181842
193848
217140
230039
149363
209701
207944
243322
193943
246566
167781
182010
45021
68459
182902
186203
212146
238345
216411
179946
211350
72296
193017
198603
225011
217211
166529
79588
209340
46758
101524
218143
191563
251701
103892
264134
169818
234954
229915
237044
190602
208208
261793
221807
112553
216711
201181
148360
171721
108714
141792
245170
244716
181692
165945
157204
221405
107974
201843
263719
233644
223520
223619
142220
185234
73875
261058
236323
191178
37395
118167
169533
199745
248593
182080
111384
120851
153118
268123
170509
264662
223940
209705
216966
213630
217042
103073
256057
169804
253363
177827
177777
189319
110992
231802
203014
242436
108958
142414
140845
210454
105559
209951
153074
171701
100386
185454
118494
76009
106936
205232
95895
84587
112720
218442
164363
239050
87141
173549
163676
159159
193983
87766
80084
154262
166880
177451
127636
226180
110760
241141
187696
229261
152946
100764
198543
205341
243289
184406
198304
159413
185494
151464
256224
161832
130996
209241
203145
198095
216440
213417
182101
227275
192911
215637
206360
216862
264393
90329
120009
172610
186713
196309
217030
195152
122649
208746
162058
89119
216577
49017
237466
192527
177598
214675
256794
145680
108772
245977
73851
75082
69459
205528
184321
219848
236154
244986
145210
171381
47878
198154
200279
200521
79248
241370
152648
116918
175177
202509
231121
108271
193260
107827
81690
177931
249297
185128
293089
179906
66977
51740
157959
53068
212433
187791
115088
161857
41455
104393
178130
114821
44510
41748
78299
169551
60447
248594
91264
198687
170820
191663
186033
169391
225987
203754
168906
222446
156023
215654
172354
224082
196891
170021
114633
83753
174316
189950
175204
212886
206192
243118
115804
210734
114580
182730
207349
91791
105297
172902
232396
123112
241064
181880
191817
229247
250625
216434
57014
108298
144503
243762
260706
153327
217981
245207
218274
184145
88685
72326
208721
205132
91757
259525
178878
160023
171390
192672
178908
98322
69716
231750
201979
228660
206675
206154
174117
81856
69561
202113
195760
199558
102599
267224
73790
227797
217051
241009
229529
136669
86127
220033
29242
150867
206268
231195
165703
233136
103514
244482
113326
223459
224001
224678
204039
83210
226707
188929
233164
217458
214284
241552
91858
96019
135366
87477
225637
83401
228232
162863
253658
172999
186057
190065
192057
182591
212823
243354
247845
186764
203920
224413
127677
211535
153646
245912
200998
205879
213321
119921
208146
155052
209063
102576
96994
173377
204501
108074
174237
67533
174261
73073
234644
172253
230349
161921
82649
232628
170507
184888
176432
225887
195500
165664
93017
228642
102949
179186
30538
217345
110074
193141
113562
183719
187804
225028
206319
157221
230338
185067
158270
174901
174107
96292
213691
165741
78248
236151
116768
238430
205332
121712
215154
206265
203048
165264
240358
88784
212633
164887
218813
190440
188603
163061
205843
150559
247157
184771
179203
180005
152352
233460
218334
186935
145752
103229
196458
183813
198832
160085
216176
129101
189343
119100
182422
202668
172492
40623
225274
126889
141816
186512
247307
189177
196266
214887
185318
165170
165873
166687
86222
253424
156036
213690
194518
174085
210033
199387
241600
226315
177596
212653
34128
226698
96953
252546
109718
61887
249101
165439
224944
83015
205402
97015
198292
223284
175280
164315
176805
225299
250601
218420
251002
199011
229897
171688
164282
96817
217693
57045
246735
73425
88970
52308
207744
83014
197227
59115
186761
209493
187791
160896
55559
53901
86363
50360
248808
169489
169364
223653
113738
127617
231851
137404
59633
205181
237417
230651
212366
215215
163191
174016
208934
179381
189765
204915
185802
222023
204516
86325
178906
260615
182551
96801
75200
62138
107957
183385
76090
204670
204090
108457
164806
153974
215947
93607
215421
63174
204328
226533
200644
199275
177073
252653
83415
209085
185400
225430
72859
206244
181051
248988
160462
253040
225005
161654
166001
220376
83991
230645
65071
186239
201146
235109
108828
242617
184101
218751
158989
208300
208300
247696
213574
151203
74726
190633
211735
193334
172613
221423
180180
202929
221762
199962
258685
234802
198516
175268
194702
198497
203981
203299
179363
200231
227346
208278
182538
85831
198072
72169
207170
225500
240596
177518
180657
178187
200447
205688
219774
243814
182429
88201
207485
117435
208228
204798
261027
160179
155585
243911
172084
223659
222995
140357
186518
200490
257997
190072
161992
197888
83600
173394
179358
238483
230088
214475
70598
207125
83373
211225
214213
218313
157441
149922
187269
109278
90876
184896
207378
224356
222992
231042
162438
239357
241832
251096
217070
177774
195218
234369
202231
178696
187007
206772
165689
85307
181994
180630
169944
133701
47586
57578
117535
170791
98578
242402
171612
74325
216995
171044
166376
77333
79619
213603
84327
74468
249125
111117
185399
2019
125073
119396
175166
241959
248123
236117
231874
177625
183576
182533
85830
204084
169919
231775
168599
206308
78316
178533
161237
197503
166287
170340
209247
76364
143076
73121
230769
156474
158680
233239
222748
221896
98670
151380
175132
180755
194650
217232
267476
184305
176639
83851
182720
171697
186622
184542
221399
202747
228601
209842
172031
198033
118379
242601
237895
239009
121560
201344
232796
235917
94896
198158
166652
173559
188952
198887
41956
118569
183967
228584
205264
248283
98198
230077
128412
173968
179004
68831
172914
216227
218001
161706
224539
81286
160252
141911
187473
189241
88993
203524
169815
262642
44456
76983
201424
119624
210542
232329
202314
155402
207548
252948
197065
164288
204423
232868
224844
207036
88573
202247
237284
222179
144040
228125
234518
183219
241747
183638
217482
156085
166499
208313
213340
236938
177605
86971
172308
168082
153011
234546
165614
213894
215026
205756
225276
212078
236012
180720
239401
229060
236839
184080
151536
166103
194124
226538
219529
206916
210644
189280
211138
208078
205970
151515
183122
185586
243124
132648
42049
144906
145882
163814
206886
181772
161510
40262
136235
231701
236146
241095
183140
117314
26308
171593
111389
55392
235151
211902
116569
230787
211194
54318
192725
223638
157679
208231
159444
216280
256146
230264
248109
30647
212704
170227
239378
110370
254214
231962
243070
197838
238783
238802
235142
215292
193694
216138
237128
250002
217754
166862
38097
120039
160909
233841
146287
185308
230131
190711
228863
193128
196931
202156
209645
194739
205142
226855
242407
185168
94175
168445
201593
233787
193404
144258
205983
59064
226763
137958
217400
227135
184277
196404
61049
227444
185874
98721
61616
193544
170334
158185
246763
201144
228311
196248
184215
220548
229973
214387
220927
166977
225767
203801
99480
159767
99627
236233
197208
178517
196259
238791
223960
273998
42029
205865
170391
218403
250410
165512
183622
236918
257012
209370
44754
170828
177849
241960
184908
204292
187667
168450
196620
39165
176630
230967
171475
196434
239994
114284
199601
134399
202204
252118
226736
191212
163227
233441
197481
46896
138142
253412
215393
198011
252182
66659
202375
178898
206588
239112
186694
211386
208460
223149
250579
210560
169566
213194
248653
47661
203719
185611
186815
243090
101868
245517
224900
152019
224031
228144
192535
220615
199288
169417
81060
247504
186163
201443
262226
202394
22219
45650
223978
176912
177276
197809
181553
202024
189057
244824
171626
156697
158589
212764
227688
171588
221358
228098
181255
189289
223821
198787
177611
200635
208732
72472
232592
176396
52513
147863
81975
245768
226571
186642
213718
242838
67989
208007
163458
144723
159536
238979
221378
150254
156235
223613
194175
198464
190041
255266
239574
233707
54041
183305
230163
215953
196641
69027
189880
79352
205006
180350
199151
157210
182450
255477
164154
191232
235927
196427
185834
204791
177119
248457
167511
248067
245259
214581
161210
168973
177807
230374
181288
222583
221798
213671
209709
179465
169135
199822
227499
157754
225868
70259
182454
219301
234902
251136
182434
193503
174493
39832
206451
159440
186370
223712
184233
191581
248292
171546
207768
155080
190553
244223
174288
154576
215238
174891
224815
157384
204740
181668
207136
225803
211902
50425
186066
232420
243074
230698
143019
250347
99920
171457
166764
240961
243183
201939
49921
129666
187483
25209
162243
191387
173449
197041
60713
237163
212417
194480
231950
65763
188513
233989
202933
190736
200686
168074
161044
169541
30405
186234
220558
206534
180092
219733
248835
212381
155628
190833
257520
223286
65202
247383
207651
173830
240376
232148
215085
208834
239244
162992
210647
214890
33777
189860
253918
221617
105924
36783
215589
239539
71908
170630
221396
217859
209846
228451
227037
220524
245127
214044
177432
220716
200459
218778
183945
177327
202843
217212
176267
166226
159675
49314
208085
174911
244228
203074
221497
210822
227021
153288
150299
175961
250603
226171
188188
220682
164478
180113
256476
250025
234974
215529
212732
216820
155360
222254
172316
220705
233405
206086
171978
170554
223818
192739
186460
161325
237566
191369
152501
194500
240361
222937
235856
200755
211688
232329
233397
197990
194676
176340
227601
168086
83561
203208
244124
194674
168333
220774
221645
80112
241714
247672
183102
199807
162155
34937
179246
177752
174290
198934
232703
222956
196295
174706
215330
202517
220291
244399
46191
167518
176967
228151
205966
174836
188182
231511
170121
241383
215163
68668
217472
172846
157541
211512
128307
71833
232427
180818
161574
183223
81738
98919
157532
103913
108328
260411
187901
151135
155503
210720
217764
201653
186438
141610
211868
242914
192310
206478
237247
187871
198445
214342
202731
192839
214178
51773
197354
198571
209085
227040
47302
192947
204284
181977
284772
212055
49479
200987
193374
42412
231172
235276
204352
232759
202130
207651
143811
92423
209860
226126
191918
208480
231677
180786
186777
240587
230730
156565
86828
107300
233000
57638
219206
190002
197396
176514
243614
45153
218149
231885
184351
207643
183686
37219
226181
180751
213784
262666
216243
225200
228511
46460
173167
190480
202894
242810
226243
230810
150893
225033
71509
238974
223562
164528
180403
197452
170260
207137
168547
178554
220834
222714
171782
197829
187109
45108
198245
171160
172774
153186
170001
208425
173538
247236
162290
31228
198657
181649
212550
240733
229148
211204
186457
198619
198372
224167
238776
177096
176431
149377
243019
196652
48285
173772
214122
212706
217588
111986
236584
187650
177656
151418
35652
120163
227342
39436
114656
215498
55733
153768
153682
211495
215433
173456
162101
163490
230903
164641
200964
191800
201720
224721
227982
234849
248061
234486
226885
205366
195757
181558
205271
201049
140802
239851
218313
209487
181110
113896
256231
206244
57984
217885
190922
177198
190156
201858
225134
48248
265188
219529
269187
249029
220459
56744
236996
175422
151447
224357
207717
182373
61739
104550
207483
227405
164013
218037
192281
227835
123392
189938
217360
233237
178202
248904
64013
243882
121095
201308
238000
194612
169302
65910
173091
198054
196601
226727
174111
223095
82504
227775
47823
145643
177957
199698
223162
42498
139323
173654
178032
206257
205695
189035
219600
199037
169897
212618
247458
225935
161794
187968
105641
167199
198494
72647
228532
216988
228266
165471
220718
213316
252774
232778
211712
231356
188720
180012
207662
186285
241712
187343
191555
246433
184140
164386
201284
171625
227492
248623
177700
220826
162670
164932
219667
204109
35911
210388
42246
196725
226826
172664
212599
86489
169070
243646
185573
154008
207619
215631
166192
173099
246756
234325
210950
165746
120696
204555
190348
175402
160940
174878
233781
184205
60604
226566
192538
202318
200405
182392
187330
169884
191717
218675
159052
208366
214610
185601
197995
230231
62894
188497
141868
217232
261736
213996
207802
258551
425176
457945
438966
478768
452659
417688
211289
220270
463275
432934
469108
444177
451258
219804
222421
461906
447380
461442
445986
197454
445882
196472
463247
338138
448408
470494
189261
450589
435679
460781
423478
438724
210622
461967
452948
441038
100479
457191
448169
193353
86330
462241
445737
476176
221139
454266
453337
470827
312512
363055
457797
207886
436331
462857
333678
457099
208929
430396
477525
453122
457444
444484
437220
192238
454667
451014
461448
433580
424667
457817
201517
423854
101543
440741
458945
456320
314848
474911
478570
448088
220822
478102
336501
467511
357164
111263
436793
196898
445217
349741
480339
326046
470713
446753
197883
452549
196627
470075
456911
460113
198706
473322
460340
217894
231628
463885
438230
431722
429316
104948
475474
453622
107498
457308
435724
440320
213197
556973
437204
448400
422431
441734
457749
463601
201935
473124
466785
226847
453899
207753
446665
109160
344675
466650
445068
429707
434264
105671
207766
454715
439765
457897
431846
195384
429051
194232
467669
321939
448841
443395
213552
436566
450179
324403
472170
440450
448173
195894
216652
474879
456216
450731
437365
437263
452872
453491
462787
104045
463599
338397
487253
477376
431956
205417
441447
202170
469415
471354
471440
463552
331006
217633
347095
443164
446825
445433
448979
432789
438549
457499
207365
483127
106083
487550
462616
421751
484207
432220
438451
427189
207158
452808
211804
448654
345208
443101
314919
439498
210723
465188
458637
213016
439104
462608
441011
439307
448472
211679
236711
447296
456074
487475
227986
461707
437623
441601
231292
228772
470117
432122
215209
440323
446052
98156
445903
425357
112196
436621
442083
97599
452314
446526
326515
115003
458410
201175
108358
343623
460770
462840
81991
444549
433019
192916
479201
448187
462451
465206
202724
439748
441594
455521
468761
479983
429149
470988
434573
449809
351978
444487
481789
432549
208251
213710
471641
304395
99000
471498
105013
454534
415777
452111
100211
453637
440141
205562
469859
349010
468078
465003
462654
424096
422621
444927
102495
447641
445053
203753
227627
447495
436776
455565
445200
223258
449463
447602
434629
456956
450758
451277
205294
225564
339986
465808
101752
188960
234753
476335
439041
439764
443488
101277
460608
325804
118236
451625
468949
222956
463973
484256
440540
442440
441664
412615
440572
194801
465222
442656
205663
227806
459248
481431
439596
458519
335325
358332
468750
219314
222838
474878
468412
432457
445511
232447
435013
459934
479794
435291
323941
116024
431535
424148
455483
432158
446294
202632
228555
450394
469574
433859
450491
577286
424422
441367
440549
462845
202927
442022
425768
458977
206322
471855
478617
99419
459541
197346
460603
444279
470040
438811
427203
412322
441884
199983
446893
450287
210044
420685
456623
442792
437819
424844
445563
195341
463223
456708
449022
446532
203598
434079
473584
456954
436186
444260
476629
437112
446830
108537
457249
455616
440813
444157
440663
468590
215323
217319
449850
466747
458916
449549
453199
463085
469972
429242
453122
204464
446205
206502
467340
322237
341234
464714
192514
447040
452848
466811
432534
439204
470737
450589
474208
447425
460355
453194
460390
437461
457800
447207
475657
187839
458026
201054
446047
442936
445749
97746
445182
314456
475463
448913
439998
420705
442662
429290
453280
443651
445844
447885
210619
455020
449100
441766
439667
448503
462785
442314
306961
122488
566411
432077
445553
336875
109801
449708
448481
470692
188523
463302
455934
440520
444653
87757
106940
431682
332120
107306
456770
427138
451480
430988
459738
436536
433481
449495
433660
453171
208108
446739
450710
453374
477220
457362
449339
458336
319622
107696
458455
441754
324028
432952
438708
216872
226202
451272
482174
432499
441717
465515
214005
458488
443163
227067
453079
459760
435752
460872
210199
435750
196684
469366
461759
234292
214016
465695
459829
447767
442070
201089
449907
432001
470090
207900
457788
461808
469348
221339
467817
453758
451461
330360
473548
464343
424366
216601
455422
346914
466009
311994
471586
200387
457138
447692
451719
203379
444220
446468
444592
206962
499074
108771
450618
197635
453279
465021
474482
433115
187040
210944
465250
435236
467032
443439
441922
444764
441967
453450
452437
101403
454814
423464
435466
440608
330746
112275
432235
329105
122596
467390
110597
198731
466702
3786
444110
482012
432194
428162
442718
198006
460952
448978
446736
203680
442092
450517
457914
200112
435996
436379
315909
480150
97163
444506
213609
469944
356187
428560
446312
308950
201902
468578
431723
463738
454911
449158
447984
449874
111478
448906
456483
215853
472001
465121
469839
434987
196281
460991
442592
453276
427858
207323
450707
467714
467469
431240
425219
437967
444866
205534
458070
443867
467694
438489
448963
104243
446275
219081
414830
442607
453871
313463
434366
103883
456889
447509
104521
443018
463931
435535
447706
203919
449518
437952
459365
406037
441777
207292
436033
428894
442540
198065
455317
461961
329409
452281
444698
95488
461576
463983
238680
427251
83120
474255
461518
439787
448690
442858
197251
439894
441807
461221
442345
467169
443503
458292
425656
459256
460494
192898
463520
210392
481690
465611
210465
208698
472645
461757
224171
463150
98023
461613
109172
468769
457983
432437
208006
450106
436046
428823
438242
451788
113245
453294
458725
109278
219410
448373
467242
443872
187413
443846
203272
447281
445698
102057
447478
465615
449580
411080
103626
458852
470137
439506
105578
473334
453813
466907
437540
499367
437531
94400
464965
438647
446566
207815
468514
211934
440065
443500
442070
441387
461857
438621
457093
333421
452146
194013
466503
330875
469110
451569
441495
428683
440953
456577
459305
454507
461262
455651
205855
472202
467763
465998
432350
464723
469253
199814
486381
446534
451640
443314
199202
430112
105589
456486
211174
444016
453674
444414
328537
443685
307942
102826
458053
428146
434316
475944
454553
436858
433126
463166
445881
436859
105596
459142
465851
200129
451442
415811
446111
449990
204887
469026
440094
436031
453321
449382
199709
456881
190726
227658
350375
479786
464618
452006
458773
210509
444662
432557
439697
454229
468901
470736
439176
435140
449185
460956
448819
191898
467876
448529
100729
471403
464760
214252
464811
191785
228074
473377
314717
97215
482567
227221
458167
337781
472118
448591
451058
430151
473909
214716
432204
440644
469343
472853
344418
458515
443646
212588
488637
357335
445193
463355
421902
196293
469469
465522
464073
428150
447832
82863
337397
452329
473252
444191
425674
456327
461773
451245
462223
458106
457160
436833
187588
429112
460321
477206
452743
191462
113580
451533
199159
346458
221545
490792
449222
213254
433654
442545
460521
446470
449441
439397
445242
430241
326017
483067
446658
437822
437060
459141
428748
450876
458086
197457
445707
465327
465166
431284
197204
453441
457300
438603
448079
201758
482368
217180
464978
99471
452793
220141
228392
442738
439289
450113
203645
226609
461363
450181
453832
439017
439250
442587
111549
459977
451692
442974
447124
197950
237615
457744
477652
471350
426068
437740
442033
222428
565377
116393
452086
450274
442199
222049
339566
461044
354303
555377
462850
209465
462977
340393
461304
461062
429758
428995
479566
431824
81887
464137
213743
465180
468591
465268
195897
438600
466770
452883
442042
444774
453116
439796
452493
468496
100752
444529
440349
462211
462425
452935
195795
436366
108961
439758
439754
205932
436223
105973
456472
444038
196234
459785
439979
451141
444388
110109
205219
459470
472121
451467
429019
201589
458954
463534
443251
208846
563334
415758
447393
446920
434025
492108
96741
440927
454939
430036
198559
434940
78902
472417
428497
101877
445044
448737
444207
190350
450758
460618
434283
450928
450890
340135
117178
449119
451796
464767
458242
195635
456103
463381
491067
436507
461446
457307
426458
437056
203417
458435
445024
206434
442562
472712
461035
419350
442376
203325
431783
434272
198842
236434
443287
462246
439787
211564
218618
464517
486669
439181
467542
463408
192820
439507
443040
447537
444562
457266
450359
207500
450724
458347
428285
448397
459045
438188
435829
455523
205085
216546
479072
439710
457490
452125
191279
449144
311717
99222
452102
451612
442326
431558
448515
433806
441927
321738
445027
433597
219569
570760
460011
426598
450785
184886
446954
450269
445210
435214
461784
227847
446997
443532
440285
205993
443987
198796
227747
438248
211361
465734
223595
459388
214462
101984
462956
456991
453410
449270
455066
448429
103678
325937
119756
460437
429169
424950
423466
221981
445410
448490
454024
445072
448573
457045
439371
437904
447176
442131
565771
423007
213094
464234
465487
210769
478454
477573
455429
97173
450366
428357
444850
439944
446154
451166
217604
4494
450373
462750
467535
436290
431805
457464
433039
438949
438044
440325
199538
452227
435228
445009
451951
450443
208022
457633
466062
220742
459072
455037
440704
443156
443232
428915
432860
345583
455013
91962
477127
454870
435711
444442
449265
104536
469702
444997
427972
422357
442740
452940
451226
441561
423894
447257
436109
426001
214562
227819
429042
471153
452091
428974
451257
436269
227128
461805
453979
428137
436955
453371
324098
430937
318624
479406
452001
188967
233518
461181
467925
99652
448155
466800
466050
426764
461678
474920
429527
459501
188520
447189
197059
469151
471189
215804
227746
437237
237318
462780
334544
445440
439114
443381
438428
447484
422659
420130
214238
429929
442438
206318
455859
350589
432507
198351
198261
459588
351722
347794
449409
438041
216592
456033
212042
478391
324334
358682
463645
200658
486651
339997
352082
436565
445885
449580
432024
434055
197765
467004
335934
337017
435132
452116
430439
461040
461544
215536
440207
205060
231045
445953
504115
440867
433558
452533
208677
468666
97989
473349
356828
338986
454199
204476
459120
350448
448324
426337
212033
456825
341880
437689
215125
456760
443354
458135
447982
446175
438548
218363
443299
350289
460042
199476
444373
427409
458046
440632
457552
461133
461179
442291
466150
458388
201647
444378
354840
458308
431443
441011
207446
451840
342043
442025
454059
439715
425317
448712
467712
452959
187953
444199
443512
451542
441473
446093
216315
460493
336209
471186
185219
444776
434419
453335
204825
457923
217119
491231
326038
325682
460084
449851
232331
453154
358002
346906
445812
200813
448060
358914
341304
450909
450865
217148
479989
216024
462498
343862
348165
439135
444552
218315
442683
447022
202014
455430
196997
221412
459207
444359
452710
106545
190427
471607
335385
336923
459871
200367
445505
334870
352056
453164
211438
459653
339846
453277
205755
465399
344158
455773
453595
196352
470141
339098
457412
188078
477463
336156
334615
446450
450878
452648
431491
196132
458203
338828
332758
453516
456762
451826
454102
462878
429686
432812
107786
232638
451672
439025
93232
457657
447870
195163
454210
463948
228476
469123
337713
338436
467266
194536
440915
470012
471402
458753
431802
458252
448897
413500
452821
207074
228709
467506
453894
210248
219907
219212
461709
201717
461540
114904
205164
466213
192240
237151
97994
470360
337781
109629
446180
223416
436810
353672
326429
454104
198988
461720
337744
332054
441548
439307
465858
193454
479697
343573
196159
464464
330780
105957
454089
335529
339705
448202
440779
201476
439437
442139
464416
436433
210518
330315
343085
468657
95763
236424
451130
437857
460131
436916
74443
459445
453908
203257
478127
350988
468349
472732
193336
448383
446164
207663
465654
350199
330970
471740
205643
485751
188776
454010
356855
457296
195456
480059
470927
207872
478221
342155
450521
209377
460389
105196
105640
16066
50251
73991
56257
60775
63154
70498
68947
69181
56818
67471
33162
71852
53929
69328
67385
33491
69631
73502
27233
63395
32177
36817
70021
68157
68158
31496
70406
54347
31731
12600
64162
69699
70364
32524
71777
53623
17312
74063
75827
62592
61656
67208
68956
31905
69972
35081
69659
53109
41448
63536
68228
33134
70200
52690
69055
67566
56919
68511
70109
69765
68005
67632
55461
71553
33642
72652
51020
59565
67927
70483
68859
32069
35452
32368
32484
57888
50119
35084
71071
59741
59397
69947
33517
70447
68846
70750
67911
57010
28189
67223
42367
56263
66586
68809
67586
69013
67853
70756
57763
66563
72038
70338
35234
70635
17578
69425
69532
78799
67290
63344
72541
69538
68762
87162
68634
57604
57161
17623
72945
74156
55673
16625
68502
72161
35678
70844
64167
59869
66976
68598
68714
60276
61427
66801
25763
63727
55012
55738
71888
68833
71567
34987
70551
67173
62584
33363
36630
58354
33162
70053
18678
55360
84355
70713
57097
67078
69845
33486
52375
68439
68608
26704
60785
70397
34019
71041
70377
27276
66465
74410
73371
69347
34407
84051
11259
59621
17096
24553
67105
72599
88908
68765
69489
33670
70184
55267
67679
72041
71145
72416
32226
71649
34426
74015
56756
57128
67991
71386
32488
59827
28547
33288
55586
72856
70038
34217
72018
16931
32576
70426
18081
78673
60901
17878
74625
74686
35035
57268
34989
73816
71333
69956
70366
68802
32289
35992
75407
80756
53196
60992
69208
34726
71045
17569
34781
53676
41568
69382
73325
18224
71629
43988
63861
69507
68871
31948
62294
48549
71262
70773
33814
70622
53684
69440
70130
77476
32691
61379
17446
72533
71440
32264
55617
62036
28513
71317
73409
70534
69463
65378
22937
51479
32365
33361
55890
71947
86859
34606
70057
69172
75560
62817
66604
74684
71056
69264
35272
67604
44388
35590
57037
44649
30023
73030
73954
69434
56519
69117
71797
36275
61746
46625
34554
72430
18458
71093
69972
26921
24925
68318
35467
34922
71086
17751
34393
68143
34966
33195
48465
54479
72581
32956
72053
53741
47134
63968
70750
71952
69632
57327
70212
70536
70080
17856
68660
17578
34322
70829
72919
83679
62537
68966
71948
73210
70936
63454
57746
68202
60006
71311
71418
61226
28745
70420
35405
35046
55037
71103
53096
70983
31825
54860
47491
15051
20514
73460
66191
55083
49316
31821
34729
17711
9517
62382
69279
52283
18046
67959
34421
69671
17224
29092
62682
32489
37717
60970
64816
15861
65054
18664
17652
71141
26745
71045
67085
37880
74281
80142
55225
68508
70322
25284
36939
72083
32386
71132
55308
73605
54057
3266
67296
12823
68582
17746
70794
53184
18934
57579
33415
36440
71334
15715
73815
54208
68158
32392
12541
67591
1358
57884
69868
34718
73110
1129
16762
34489
69449
67990
70708
61445
2265
58679
68667
62636
68818
30952
381
58008
33303
25930
45176
39389
42805
41177
64160
32893
66900
29302
31807
69455
6207
48376
39628
34551
51485
60156
27046
15134
50784
53392
11032
56394
69307
22870
41784
35409
55988
69331
10331
7528
69676
60373
31286
67397
31504
53971
64664
40983
74830
1134
69559
19741
38295
32038
72055
16070
72254
53855
65318
69068
3273
64610
37804
17325
34811
29414
68223
5580
27194
15146
69086
25905
36708
50199
61558
9389
67315
58666
18070
33083
34679
45840
52902
68149
53467
16024
50733
15782
69539
60894
70675
78542
4169
64171
61033
12059
70126
55475
65774
19663
15854
72759
53430
9393
43576
34672
35085
69776
73543
21565
46477
56380
65828
69306
67942
32465
26452
17720
25487
43817
17063
16300
18135
34851
46088
42147
57290
52728
54817
71821
1206
31172
35664
49326
50157
18681
71516
34831
44640
65652
9989
69189
69848
68153
68663
31530
71547
56019
732
78863
8180
62763
61245
41063
66665
72395
35903
4748
64817
21995
20400
13202
69518
35478
35109
37833
79269
63705
31550
25058
62908
67938
54896
63807
15076
12000
38656
71060
55678
46521
27671
70726
45578
35153
35856
34158
54137
53635
72772
55628
58891
77342
59479
70719
16952
16091
24543
33141
69701
32349
35209
52906
55889
65708
72527
53964
53811
33345
59279
41300
57721
68214
71192
70659
51722
70809
70236
32478
74824
83947
54613
65415
68999
67656
70141
69396
67365
71074
56337
66721
70747
33393
71666
18109
66521
61640
70504
69554
68640
33604
68027
68150
33708
55454
31460
34156
36206
72506
71572
68990
69775
33190
73444
78367
63974
67002
71484
54852
59686
67203
59011
70695
33925
38239
70200
34491
69038
55309
68289
57553
66339
71195
33328
71173
53782
63330
66183
71197
18662
34637
35549
35869
34581
70121
69307
72913
58029
31180
71235
56061
55495
70534
26686
54623
53488
47982
63009
70081
71267
69308
70319
33463
58459
62525
34102
72722
55514
71179
32944
72418
55345
56730
75843
53780
23856
67940
36107
72602
17997
57917
33407
52808
34732
16228
17789
43434
67908
57032
56417
72004
70814
57774
14578
68216
2623
66810
19204
13102
35718
57910
33816
20776
29911
11903
49280
28076
7517
55675
18383
71012
46318
36579
71047
69101
2407
68889
64861
59870
68269
35291
69825
67420
57566
64067
17888
69655
63799
63742
69777
70279
69736
67793
71562
35438
66315
13381
65262
72484
70118
70075
68587
68732
69450
75643
65295
61497
17655
31781
58942
35348
67421
67663
63007
58341
68262
68106
68600
67433
68279
31542
72214
12620
63044
57602
71581
72176
36686
36855
69074
63588
59003
68073
18027
69665
69800
68147
31652
35622
72517
76651
782
66857
66552
70187
55129
67577
68488
68405
13149
57651
15410
56866
62754
32651
35748
71659
68156
70281
68197
25137
11291
66708
4332
30018
59135
63643
62303
52354
33630
72498
29790
58064
32933
60262
51954
68025
4059
69106
46891
23266
32988
28445
50703
69982
73251
35775
265
73533
63467
61243
12057
22454
12456
36448
73662
824
68212
71008
68827
32784
72877
78387
29361
65234
20706
71558
22259
18185
63299
59574
50947
67440
18116
23550
45341
8320
15949
52521
63619
25571
31119
12251
44673
5807
11319
70778
3853
64766
55313
60496
43093
48245
26374
6745
54579
17875
32240
70726
46148
56842
34257
5007
70500
37139
2407
67964
32042
71877
34264
17565
47412
29517
9289
53919
33178
24386
47714
43701
30114
36190
69982
71146
71309
17157
57203
33177
69361
25580
41070
62335
42703
29308
73612
18603
69654
3841
70194
70953
73462
40873
57373
6630
58705
26502
50697
15367
18489
32920
53874
32948
63396
28824
30942
32789
24315
58680
39675
59100
35310
70690
69817
17005
32780
24451
45781
72239
56062
64578
69064
69004
67410
68724
58699
72597
81213
35427
15644
61682
21085
48164
72021
12981
57749
67570
67266
69406
73533
57748
68470
35859
61241
44753
17966
73941
73278
32514
69931
67902
28976
54794
70372
74249
33520
70057
55257
69238
63549
63868
73066
58074
69215
71523
71353
71971
33633
67938
60191
39052
64077
68905
68550
67572
67816
68185
69863
71989
59525
69474
72644
32986
35796
70846
67278
17152
32722
72420
58806
70496
69250
67577
68787
17565
32236
56846
67347
37219
35961
74083
69041
70309
15705
53720
70098
17962
57991
34515
73795
56105
69897
68941
35265
34455
71364
60763
61090
67098
69281
56368
65953
69009
72717
71024
68731
68726
56794
46433
66404
31891
674
57342
6066
70472
72563
49331
63243
5728
62905
70227
34627
68137
69347
67520
71520
19196
37912
11425
50072
67042
73132
70973
18025
34326
35055
71945
32664
36402
77488
25965
62543
70232
61565
69972
24086
66912
70743
35924
27782
12823
65434
71538
36544
71249
70774
70695
68697
73129
67305
52969
66334
69204
69261
17861
32520
57812
67343
73891
70748
69647
55674
55286
65242
70095
70276
68454
17278
68938
62732
61401
72287
70205
72047
34209
69914
53112
71023
59729
66345
69694
59026
51934
65582
68272
68897
67394
67891
67513
71234
18932
71946
61340
33025
55360
59361
71848
72816
18531
69437
69964
56247
32831
74367
74211
70646
14292
61473
69080
15178
72922
35718
14196
71173
67307
70645
56015
64667
70929
68529
70991
70130
68183
71173
56057
30863
72010
71827
68745
68811
67688
69173
64382
60655
69374
70855
69084
35099
62415
26521
70045
68377
68026
68301
35046
34093
37043
74881
79541
58293
68461
70978
68557
52808
69589
75402
74058
73588
68636
70191
70150
56090
66927
69777
68143
67951
67788
68753
72187
57228
68608
72031
18221
31124
10574
66274
72581
71914
69506
35552
25916
64762
72413
33447
62666
61535
71559
65390
64624
71472
72602
70516
68969
67843
69579
72542
68673
64708
71872
71729
34909
69750
68559
33243
56190
17224
70158
61566
32216
34781
70268
33559
73012
56992
54549
65357
68247
17318
70186
68115
68464
25651
60709
67617
69955
68559
35102
34173
71005
70184
61297
54268
17314
71229
35052
59704
67801
73815
71449
32538
72854
71344
71854
54733
70510
19087
35272
54258
72422
69125
56047
66396
69382
32476
68290
17264
32491
69625
61120
64181
67661
67256
57266
72054
74537
73365
68817
68401
30135
61625
72691
73418
68786
35975
67346
69017
70339
58282
70854
73185
70332
68726
57756
65390
69052
69712
68252
68509
67494
32900
43191
57272
61764
60247
62101
61310
61146
70527
69113
68609
31924
70972
35903
75444
56909
32290
68610
69740
31663
59532
72004
58671
69292
71021
54918
67096
50680
54489
59559
35773
75824
75407
55180
54369
67629
55186
59014
64950
66552
59320
70541
72109
69182
67867
67649
55990
62818
67523
63844
68032
54225
69941
67868
56155
66004
69081
67814
68046
67235
56589
28535
70547
71773
70060
66648
60038
55531
30416
14583
69337
57473
66571
32118
35644
70615
70337
54184
59936
64043
72261
72250
71814
68788
70581
71280
77125
57895
66948
18316
33607
71340
68643
70718
70590
57028
16264
58427
73061
34695
29516
63351
33008
36173
72100
71716
35169
39705
48898
71282
71973
67355
31631
69882
70244
74040
64262
63602
72189
72626
18601
69549
58667
58513
57770
57084
68777
70211
72184
18352
33285
54394
65058
69887
70452
67610
67605
17262
33872
17045
74432
82852
58611
33079
36428
75260
73238
68511
57505
61751
67294
86632
67867
69561
31760
59339
68695
38035
57929
70214
75682
73037
68891
69868
68847
33728
82556
15617
69286
73402
70632
18272
34190
17068
70656
48410
12995
64797
56922
66631
50932
17199
32324
16649
41167
69737
74790
69897
64187
54319
68692
72391
35266
61492
60667
70241
68336
68031
69217
33217
72034
73932
58078
67462
33462
36196
70649
59455
69539
70478
69928
68095
55735
30365
70064
72812
69621
69798
71723
32882
59529
51424
59232
68601
72943
62480
59827
67175
68737
70413
53939
65973
68699
50816
67926
69628
17322
31798
70851
72861
19746
61622
67165
33873
36906
57571
25663
67056
28793
25641
64191
31666
34629
58034
71894
17315
71265
55460
53333
70295
55391
32716
89225
69975
69620
67986
67808
25842
59457
58539
70917
71119
18470
33290
33894
70894
68874
70557
75718
74073
49922
57548
68472
69257
68993
70323
67167
68157
73497
58466
69096
71040
56904
30819
73399
73506
69027
67634
68328
70541
73663
80832
58500
69020
71626
59472
65681
71494
18832
71257
70300
68581
17709
26383
61312
73963
56391
66353
70360
18315
51355
58710
14670
71740
60839
53917
36875
57068
66942
74116
52026
55243
70569
68992
74080
56683
67157
33879
57940
58360
68841
69390
68689
68126
52781
65522
59750
70877
68082
54394
68066
68225
34959
34125
70710
67312
49791
14644
67057
52490
56349
64889
33925
74096
72298
70681
67749
68960
56558
64259
71046
69953
35816
70453
31898
35254
71186
55999
66030
68435
68678
12462
59933
51950
70023
18076
70146
31030
46069
68137
70950
71338
60331
67550
14807
18480
35858
73305
71574
47673
52245
63728
71066
71862
70016
69120
74293
69078
60062
71866
70493
70086
68856
69157
56270
54337
72395
72659
69174
58529
14121
31364
69221
71573
66037
67423
56893
64928
36142
73119
50510
18278
34382
70926
17475
69127
39659
37263
60391
55379
69181
18632
33418
71881
69232
72702
12883
45243
59474
17396
68455
69903
13826
16575
51460
71669
44099
62952
57507
68466
32675
60282
63461
70265
36263
60919
66797
70755
71286
32603
69718
86369
11203
58898
50313
60855
69801
68144
17652
67891
33349
18918
16379
68173
71001
38644
85477
15320
63330
2804
67725
59220
40849
67849
64576
69280
17618
48010
52642
25876
58778
15231
65568
11495
29004
71659
12061
21458
48904
13561
68166
32167
14658
72954
42958
18150
56902
50805
69495
34813
35019
14775
55401
21770
51052
70056
5556
70193
70277
68017
32149
35305
71207
6902
76813
57576
70290
20546
50763
11106
59518
3949
13958
32656
14617
63886
17684
34147
32897
60732
69989
73309
59838
31928
14888
43127
48469
72957
34335
59834
32541
67565
56911
13052
50218
69307
72277
14766
54522
32334
20343
56799
42677
15901
18321
33277
70226
42015
26443
31532
50876
9432
43770
17681
70360
50081
22070
10978
54995
71266
58413
46383
22571
67268
632
69085
68081
17061
8273
68604
543
21799
57342
67930
66610
24918
69420
25954
28860
1069
54661
69007
70821
70048
54227
32731
70377
32783
35870
71171
68058
3043
67000
71827
79604
70577
11531
56647
36110
40380
55581
71909
52812
52767
69572
71832
58884
66802
69284
35972
7893
54058
35503
33713
54361
70765
72087
18113
38060
56920
33051
27841
18478
34727
17960
71804
18138
34505
18152
22115
68099
18207
32866
56516
13392
71645
38417
44292
34352
31705
69290
15884
68462
27491
29787
25292
36103
18446
72354
6240
27777
35828
58398
64814
54526
62537
53494
73547
16056
34754
71485
33395
14650
70906
69607
22581
54278
58295
64785
15146
36144
72939
54020
15710
35022
6957
42242
60580
71532
32852
15140
15674
45952
70272
33343
60015
54185
55528
71737
69318
34161
71055
53882
56705
68500
22571
48068
66391
34999
34611
53023
53202
59000
22907
32012
53603
72658
54816
54636
70299
68953
21913
50738
75695
23949
63917
70061
68838
68393
68419
68134
63945
62627
17386
34249
59455
72354
54186
71619
33227
72466
66153
65409
70419
71409
44462
29108
67843
18103
69980
68003
32521
34248
43076
70223
31197
38525
60714
61248
68297
26071
64275
54536
54849
70556
67117
47827
52098
80050
68699
69754
54160
30485
70305
18298
70694
69795
17251
34790
70204
72402
5062
56537
66272
70505
70289
68306
33648
68614
32150
71926
58947
30811
74675
36179
70951
53547
69241
55434
64608
69239
2990
51869
66626
68892
69328
68082
14957
71192
63574
61344
59021
31074
70795
19136
72808
69946
64722
58840
32847
73477
54652
72019
33619
67833
68363
26934
63305
17452
72458
55802
17999
69794
67785
69163
33066
61988
49785
15143
57129
71263
62805
26737
70370
3822
51331
37055
53525
33818
33524
25570
71812
33731
70345
17715
10389
33967
68477
32785
67672
31086
33920
34491
70653
19864
64438
27995
25931
45584
17651
76088
1682
36010
32298
70401
69983
34207
8718
63966
14891
64534
44750
68194
68676
17365
69153
68065
69785
29525
11253
73320
11026
36664
58409
3082
68867
71859
42829
36096
31247
47563
24772
68762
71850
55228
67949
32568
34163
17953
19852
61512
52380
67433
70552
31742
64534
16452
58039
61891
67511
68535
68255
5821
67939
52418
13100
51740
69211
32577
34510
69474
39512
33656
5841
27234
1983
44317
13035
4159
33576
12671
73967
19967
72858
52538
7511
71040
69819
72973
10586
57395
55330
67924
61406
27024
69295
73121
70398
32780
63765
28994
1357
69099
18382
69533
21380
63678
868
60607
17113
52987
16734
64806
18296
70260
33700
35500
54660
34647
36858
68300
34308
52411
2565
47755
9148
3744
64245
71899
24923
34283
24115
64080
8520
40947
56420
69116
74158
3162
70580
10744
57807
69076
46153
43062
6622
77955
12300
25102
69054
35280
52924
36107
35841
6799
47081
58661
25515
31409
21082
67285
34002
69563
61049
34854
74664
35107
72951
59338
20759
33291
41029
61871
66484
72390
33596
1642
70491
30325
52897
71938
73012
27689
52299
11579
62018
48793
56173
11754
56452
46034
69663
58733
70057
34238
61103
36553
27525
46699
41681
70586
68987
20677
49527
14316
68440
43015
63178
34968
53186
18852
53862
36654
70014
45047
2924
26133
70674
71635
5568
67619
31682
9825
41268
32959
61329
14202
68042
65283
72977
67489
69728
68041
55636
57844
31690
10219
64415
19421
72740
72052
69747
68060
70344
55073
63909
14084
69293
35780
8725
60843
52828
56288
68590
28527
65805
32661
75362
70351
71403
68103
59646
34411
74239
70191
68513
68059
31363
34139
53592
60056
55385
72593
56140
51825
54779
13243
52420
32007
54816
71362
32227
69531
71249
73561
68898
24942
70498
55487
71098
69362
34115
68537
35260
34604
37635
56033
66437
73145
34275
73794
53763
17900
34693
53813
54278
68684
43920
70245
62134
22858
64366
17847
70949
34991
68376
59360
69968
33641
36284
71792
71580
31686
70022
54512
77250
63113
66829
71679
71547
69477
70992
70590
70480
35080
71768
57590
34723
73155
18537
70913
31876
68814
57858
68616
70250
69415
68136
86132
17532
70275
24617
65412
17904
72737
71205
67518
67397
61237
62626
70634
55741
13963
32743
71835
54493
69209
71105
53249
59260
23745
68380
71171
68252
67917
68004
31954
71623
73356
24366
31889
53552
71993
69775
87795
68199
71536
76444
58491
61930
68450
58164
69736
70864
34358
70256
53292
56022
17150
32387
36796
73994
36072
58445
52710
60176
64797
70863
70376
70225
34378
54722
17492
70731
54037
52952
35142
70605
68612
73028
69433
56613
66825
32219
63644
45551
51228
69716
68543
68330
31937
15749
61226
54702
64308
61400
71927
34274
86291
55608
69092
71496
33057
36712
60982
26573
34426
70193
68717
68949
67846
53009
65039
32554
72388
57909
70721
73880
33773
70016
41764
55016
65925
68659
35206
69916
49089
42224
67149
25048
54404
68981
71822
68166
34503
70141
52826
70306
77281
54653
32918
69651
32644
72129
70526
68132
67946
69628
58893
69013
15307
37138
71995
46928
63929
69939
71226
32813
74490
70750
34665
73654
53929
17644
69972
70952
53485
37750
84654
18686
60028
69907
73929
54811
69843
31162
61372
17821
34395
71593
70130
35200
28364
73219
86702
41997
88605
61121
101542
92023
57786
86325
60844
107930
105036
106298
41132
64646
56597
51244
74597
61038
77292
80509
89224
84666
112284
95401
93749
101046
107236
108375
90005
71850
39511
81175
65615
63935
80117
78328
45130
91641
75339
82675
108085
87954
71975
81205
96469
100786
102957
72046
97873
55657
102272
17992
65355
97960
103248
51605
109914
101287
56859
62138
96616
47626
110538
50099
87678
78307
73377
80082
76813
44781
78352
69523
76940
50349
75811
27909
102000
52154
50241
57696
100781
71366
84160
102502
102688
39690
74603
24461
101145
98332
77104
94932
104303
113405
30673
53311
80989
89017
90816
79602
36825
39411
81728
33845
43863
67700
77709
103326
90737
42787
46556
85835
39312
49569
86061
106827
113481
40671
86069
69008
68722
72604
75125
86997
83786
76068
36459
85556
67725
77875
88024
34598
100695
77412
106781
102913
70452
77287
89164
50199
100447
105827
109260
88386
88608
92905
103687
104077
94980
56855
76517
69148
38193
72248
20895
25355
47754
78039
101565
97936
64201
79497
81133
70321
66034
65268
41147
78059
67298
92257
88434
48595
104261
46483
79790
52401
95890
90018
93317
109496
48258
84291
78508
78834
42133
18080
64683
64730
83525
95739
103583
87986
99173
49803
55589
110684
52587
38440
57336
75772
79860
68953
76234
36576
75956
21123
70472
85080
27445
73048
42216
83346
89437
76759
48636
25676
109751
108605
98144
90528
51915
105761
80743
94728
98904
99506
99329
88583
76660
77696
38355
38028
23724
42447
69200
20359
78365
58014
19167
75402
59597
65386
75522
80800
75521
65091
93943
92799
73418
16500
20734
46283
76544
107774
100173
37073
82287
99283
67586
71800
74458
74421
65236
97449
45820
82896
74048
86158
104429
53955
107359
28229
102901
54864
78232
105755
26297
99274
93940
92370
50480
102065
24378
84585
73231
69149
97250
95639
57932
74733
24407
89534
60178
57863
41520
82313
76086
76610
97721
105206
54288
82810
26348
51048
102220
100680
93721
54559
76224
74054
88078
98899
88258
107120
27998
80641
52368
80801
76529
76068
93247
83380
52271
87918
70446
29999
108601
77445
76048
78639
84116
70362
98290
97963
103795
28393
106754
60379
76548
65509
84356
86798
97817
68573
76018
73899
74522
69749
89682
97713
46646
101461
82137
84540
64858
53697
70874
74778
85844
87078
100600
52914
111827
28492
62492
70767
43914
84354
70588
71112
76848
77224
79717
68491
76179
96042
82281
67677
77042
39505
18357
69974
42895
94601
99295
92956
78622
74495
98376
100912
96718
97425
103579
103890
105427
39985
23478
76363
66610
64568
74246
41030
88646
90007
36081
78485
83009
77655
37969
53766
15573
65231
63758
60198
87228
99858
52960
106592
85056
48006
60808
15959
81207
92221
18243
74814
80102
92358
98704
104626
105782
55672
76802
40592
18032
62197
56796
77875
84552
94227
94816
100650
99595
99732
70675
105659
99058
115431
90811
86245
100502
82422
69719
85261
91750
53512
107244
90947
95690
83649
91012
64087
75230
77034
81563
87055
83386
13621
73362
22880
34917
67743
60106
61591
76424
67120
90558
86928
85537
74409
84236
80663
38395
37786
84835
99912
47306
43618
64815
77132
65289
79484
68729
78552
79500
76001
76069
28375
74213
25820
101238
68150
78669
107091
26188
42704
24442
58875
69651
50888
102948
54773
103508
47845
72274
63550
81755
91384
98852
93867
74726
75477
75349
71454
39363
75720
53823
78625
87913
63951
78354
73046
34423
73412
49299
95474
77928
47313
102193
115664
97816
98005
103532
103955
57354
98771
63854
70586
65055
45968
50401
104274
102531
33269
78534
55131
75687
68088
60678
71795
77779
84559
86284
98874
85373
40409
80399
70236
93748
99236
43455
103301
26235
80055
69957
81187
85429
86379
83047
77518
75258
39870
86069
54370
84426
28093
72607
77476
85317
85776
42101
89782
73118
97639
105920
107138
56661
75649
75722
65180
97286
44445
19047
60513
59001
82941
81969
73206
82875
102920
96557
93735
36340
45946
71569
84594
98107
35057
41464
92077
96440
90393
82614
105289
82641
33650
80133
58792
78057
76361
70540
40775
47893
79977
33669
80422
21340
76956
38030
65004
68381
36238
74626
103051
80572
73694
82234
37126
82428
60706
86506
85200
100881
64788
79910
77583
91051
79703
87663
59968
76102
96919
92455
96007
99289
106529
102547
71283
13030
19065
78337
54640
83977
90605
95947
101490
93257
25657
49673
81920
105928
102359
56956
76110
92475
101604
52883
106605
55602
19853
81553
72552
117681
105830
79115
31480
74890
19214
77974
36387
70592
14302
72585
78447
46153
107946
79649
59034
118091
73958
81162
70039
37105
76355
58551
76128
72547
100228
82613
18223
73681
42657
35668
52794
32368
77882
73473
76286
81301
69275
74666
99514
47685
108059
101044
96195
44800
83190
61413
72315
76632
72567
99563
102378
53516
113362
68772
69937
74703
100052
101413
43981
53527
87194
54271
69193
79607
83968
44461
37261
58105
93228
94083
107644
110399
122206
41994
85036
95729
101951
104253
109484
83240
68400
68951
36061
75101
19532
104561
96935
112100
51216
71810
19427
79811
38056
77229
63165
80069
68365
91611
71542
73729
88243
21352
23333
49990
90093
53956
73695
37130
86383
65868
85783
30570
86335
39272
81432
73804
100975
70408
23607
49974
90954
96106
100103
38164
102447
25577
107996
103431
93469
53443
76985
80256
84245
44266
60332
56216
40636
78367
75185
77521
85508
38914
40310
84729
106624
50223
98953
97687
102007
45684
84355
27602
102683
49988
112127
62591
77044
75131
72173
76418
93958
76275
61422
82145
67552
77319
31478
36076
32881
48720
79311
104202
50588
54856
102596
65495
98191
90465
55301
107571
100196
58338
68898
74057
85056
121351
111408
115903
37719
80392
75086
40124
80987
58429
83323
64020
71934
78707
76850
96191
104698
48803
51494
29033
108476
46770
57684
68985
72899
76693
38284
78048
98549
47388
113394
52651
74307
54576
72111
74213
72987
69118
76711
74629
73868
30891
74666
74308
80346
85263
36208
41114
87813
103167
99889
88798
101880
103344
50041
108962
66465
76229
67306
38815
67651
61519
71779
75562
71151
78359
102427
86153
96533
50673
107284
19883
74978
79744
79579
76293
69429
33766
42433
100646
68606
93745
40618
85325
52375
91850
107163
101988
91972
83302
106480
43731
78759
106813
99536
113115
96889
83488
80029
42081
103196
48252
106206
108257
74169
67943
83312
33064
100313
26275
108804
71018
39030
74797
72370
92628
106346
110017
104091
99832
86930
98317
102686
104472
106795
31767
62778
42775
56940
92586
107795
110365
59706
82389
101391
52879
52850
29954
73498
76134
85061
89629
43270
102598
56360
67658
77787
38782
89599
49333
71695
14585
39548
81025
23307
88298
71944
97843
97604
77577
51104
44387
60703
75235
80838
85695
33107
19746
39805
43806
26190
103504
93442
20147
100322
76045
74628
80819
70902
80012
78381
54798
69519
81677
36085
82669
81763
70075
70690
83670
105758
47220
55802
116312
41591
82748
69764
91426
61997
90544
100427
106778
32835
77477
74851
75407
35327
64497
22298
102527
65449
30665
76564
36371
81898
21559
47744
103364
26399
83061
99086
101907
106027
106316
66822
71436
71846
38283
63633
63054
66509
74047
73536
33294
61772
11401
90564
43415
89902
89804
92852
73677
84854
81836
84901
81903
93131
95935
54077
49298
49657
76043
22341
34163
22654
42164
89720
84184
95048
92046
95863
44134
54966
82333
111981
77909
74979
75456
73493
80411
73254
39394
67052
76491
80311
40173
21697
90302
22417
100368
80097
70761
92700
106002
109405
105970
31256
68415
17516
40315
57239
35901
69476
96603
71570
39757
91913
76739
103351
96909
95487
103421
51964
111989
83515
71154
73368
81306
25197
70088
49997
85320
39201
76453
84704
87469
77224
93128
36050
68845
57799
80334
89423
85839
75712
99173
44909
23816
52521
59238
75155
34885
38882
74638
70711
70802
70946
80686
85295
86502
96021
81257
66569
74251
93320
104542
50583
104070
101384
57012
76101
66714
84031
82026
89657
86066
97627
96505
68170
72938
81781
59426
80396
79395
66072
75542
36440
74501
18714
37722
65424
77277
62724
69256
78897
53221
104853
87748
105526
38109
91288
94902
95664
62411
33897
39553
62075
86506
39127
94117
72653
66949
95377
98840
107042
81424
108139
48937
105245
79274
74791
66636
74818
35355
67736
33842
81947
86035
86506
95057
101184
89689
71342
98774
56487
63899
56090
79752
85902
43613
96083
51662
106154
76094
103994
38893
67732
73174
75481
107614
102718
56356
69005
31552
69041
43911
17930
59882
70026
83730
94644
95963
100097
103585
109148
86890
73170
76479
83271
81439
100210
79859
17566
74775
73174
103964
126603
107316
69887
76836
38090
17339
57822
18867
87689
102386
28697
107746
57492
101990
54574
37022
40884
37133
94573
95470
108446
95152
96779
103993
55298
94669
96806
106007
103516
75465
73700
78672
86430
38319
81630
72587
40252
38808
50746
80366
70095
50164
94476
77828
107793
20430
55335
63735
57610
82640
86295
94876
101162
47740
102274
104687
73847
75397
77498
84405
89497
48991
99701
109727
109981
56439
72480
84455
95775
64891
75416
77030
72143
59976
88600
67040
62853
77458
71995
73989
61541
47428
96968
67117
75533
42298
93054
102482
22471
105168
103366
16826
60573
84159
64999
77232
72525
73735
77138
99697
60674
76258
82436
87959
81177
93826
103601
101288
101244
68208
69794
77352
69148
74642
81889
71407
96544
101453
100127
26196
49514
79781
17678
13642
58908
16480
69616
71390
80592
81694
88159
99259
108593
49836
109224
56178
71960
84271
92177
91813
106240
93541
96542
106245
110883
88180
68366
75858
77630
71222
94055
97127
102548
74214
104321
112257
88262
86553
88536
64185
40061
58950
59671
77360
87092
87658
97295
93214
101823
90077
95943
104564
55491
106997
74156
57543
79766
65263
35783
80437
42143
90284
90048
106339
85797
48647
50313
103714
107087
97949
29428
69620
40656
75364
51942
69243
78943
81354
87701
84712
90050
50634
73679
41616
47437
69056
96964
96245
107158
106181
57689
36793
64661
53716
57984
72317
74562
60436
99779
61145
56840
61792
87306
43954
97061
105197
103052
101270
74132
81330
72111
40689
39422
92021
75050
83621
105004
76577
101263
49306
50662
114765
53367
45596
55896
70549
80947
38784
75167
19172
72320
82037
94593
100845
90118
94982
99537
105356
104043
75396
69644
79934
100150
108183
53755
53286
72575
59575
55063
31109
100100
100190
90750
77565
53621
103727
40353
34374
44211
24419
45573
97846
87407
80899
98505
33946
85556
27702
97615
110641
90579
54750
34829
65530
15839
73307
71188
77501
79664
86165
92405
69494
53123
90599
15566
77838
72107
78331
74314
75545
32275
60255
26765
78260
60084
39503
99276
82806
47908
103717
72688
84284
97674
52979
115775
28495
48062
82879
43154
51999
80879
102526
102435
75837
30578
75628
71506
117886
75964
46457
106811
88294
46893
105500
26352
97133
92098
101904
51076
52883
106324
81921
36662
79125
58666
71967
75474
20223
38644
74182
74064
75727
46133
97626
85306
107538
108224
69771
76954
71596
81670
78325
37639
84459
88015
85430
99419
47946
57800
50594
116708
77585
80586
58889
73997
81355
44650
89060
44391
112670
60029
76676
78847
84143
37637
68596
64337
79354
73021
81868
49743
98830
81146
83388
96981
111983
53110
100161
23578
95836
22187
87339
93267
104702
53570
52857
85086
52381
52384
57104
92512
76753
83678
105510
105269
35797
80882
84126
37073
37268
58423
68181
71801
99734
45848
51135
91496
98333
104610
108236
53059
71434
58164
78738
66072
82512
78009
91955
82600
91694
100035
97523
65662
36257
39587
82174
53388
97310
58972
106646
56306
95299
99948
110827
106396
63964
81651
105763
89524
95655
98916
102882
99506
66171
70584
75669
75040
77916
36378
83793
100686
102764
68147
98411
95298
98056
46792
23157
53513
56608
47444
49382
107357
112904
88175
41694
95293
64531
59480
71488
81585
90010
107690
103830
99713
34183
42943
25787
53202
104647
103072
80924
71640
41614
79568
62861
69861
96124
95928
100556
91758
95358
50767
109146
55339
81639
58736
34338
82353
22038
43744
93360
85534
102036
99663
46687
102986
60256
71613
82073
77308
95749
52126
105682
87346
91517
78783
77906
47640
43272
20033
69776
83270
34244
76060
22107
70447
39108
103343
24623
102679
103519
75890
64057
78925
58622
73837
38654
86594
48136
90047
88500
104726
105862
98171
60834
88136
106123
104993
115288
34967
86312
68803
68360
95876
70028
95384
85201
87987
19092
102527
108974
111341
36488
40654
57001
81907
103188
103200
100574
96773
56176
80468
69134
79410
105882
103826
103283
57382
76059
73582
96266
52604
109287
91222
92501
106404
108745
109739
29876
38777
75147
81912
79910
77631
77157
40498
37547
81428
76084
93116
79453
80089
83320
43825
47485
47389
83603
111101
4741
82087
60416
37166
77187
90111
91358
99624
104559
101459
70641
51502
101953
103652
51665
112119
54630
74818
68027
74166
75542
88649
90248
82024
81565
101976
46960
108276
84393
84163
65679
65861
78494
39751
91762
82040
82564
67942
74268
100144
100405
101303
66359
77153
74563
72882
71332
99029
71409
31313
40936
66232
76782
76588
91775
86281
98527
33572
80971
52547
81386
77053
96238
106621
106373
52347
90748
17512
39585
35378
80794
82773
93061
99311
106675
56140
110176
69252
34285
80608
81010
81096
84760
31949
77618
79501
87930
88810
44308
51633
107869
45189
75172
38408
72914
56977
61714
79309
98096
112955
92869
68119
77872
78520
47743
86399
46358
95536
63808
96320
99389
104754
23282
28717
109389
46826
65543
24764
45637
48797
73151
58217
89929
97198
72042
68969
80179
77042
75785
85753
100253
43463
100026
63768
70333
33453
83215
74028
98888
107317
110496
95550
95782
87965
83626
91892
102063
107177
114741
37992
85043
84756
99424
104349
105113
96753
37426
74971
74117
78200
96289
93540
107989
46741
99470
58173
72220
81706
43326
76771
13705
73201
77100
84732
44575
90136
55480
109514
81436
27821
46226
70286
76540
35509
75862
68982
71741
103820
93853
93033
76241
103186
101408
110939
87490
87082
84465
94258
69289
34327
82068
74295
37549
71942
12771
87491
101158
39510
70459
20553
78897
89082
43574
81670
87944
51224
93391
25669
47328
79450
39968
93794
75375
106613
109444
96565
34870
37385
58602
79203
96904
44949
106378
102326
45345
98414
110402
112255
100380
32259
77444
35771
65556
42425
100961
27331
112734
74063
57106
95070
99753
28305
29436
107806
44931
71190
60579
68386
42148
90755
72743
74326
34822
78936
64037
98345
100998
104080
102217
43539
59014
63345
76023
76393
64928
76249
75812
71176
78545
68772
75277
77446
94226
75524
69526
73807
39420
69396
22170
100409
70640
79088
79155
38565
96943
75539
108120
99052
61100
75576
97733
66133
40149
69262
14815
82740
92139
98778
111566
109695
77184
74414
80764
89793
45180
103289
102056
58017
74539
102584
90501
48282
92895
108819
103738
99104
24758
102103
100419
107306
80827
77890
79657
37023
69521
77603
71398
90974
105747
107073
112597
74942
76782
74527
79087
105835
71011
71849
76343
83180
44432
82889
48723
84361
26240
101899
80457
76848
99516
50883
36253
71485
45832
76281
39260
85076
70838
55060
91071
72975
44122
83217
89226
81361
42348
58016
20771
77442
82947
86784
84328
78049
78780
80337
76489
77285
98807
98060
103310
73799
79152
73092
78362
68041
81549
94508
74183
77314
87068
43032
95614
106909
43423
79965
63087
92327
108376
107043
112623
74226
76165
68036
76107
81647
87739
95788
76405
84072
98128
100780
84093
42087
107101
106968
116870
85539
84848
74518
80041
97911
107115
65028
74385
78584
87990
89444
46241
83335
74573
108662
81720
33957
105763
77709
116235
96113
39923
73720
81917
35352
72824
87422
102055
72092
24136
13302
36018
41549
75552
76442
77070
81983
86877
60415
78306
64693
73287
75489
85751
44577
80875
87105
100821
115570
95341
48966
103659
111706
53988
70954
58405
65967
77172
82813
89480
87543
94054
64204
73797
73849
34221
76805
71707
37108
32797
99024
43093
50581
58788
53115
58021
86688
97620
114430
109440
78097
80244
101305
104517
104694
90540
63754
37731
79430
57392
18561
30366
26368
53456
29213
20394
21493
60642
4442
30842
20214
26466
32393
35891
34200
77825
48997
74444
100567
52361
47471
47904
76943
77388
20295
45968
117826
28921
39474
41712
11460
22479
75151
22791
44759
122006
111469
48073
45197
57236
81460
47828
107134
114471
43597
88058
47945
45303
59373
57311
43763
10141
78610
98719
80072
37285
45338
86554
103026
88081
72867
19558
58024
58550
36999
74674
100378
230554
232140
219773
95733
115824
181721
61482
231206
206136
230972
231168
227148
232053
114167
111590
185393
62838
225732
230453
222665
209428
247130
239628
227562
235826
56613
227349
222648
110217
234141
168049
221883
244199
231387
179268
234436
226987
230752
235627
64864
228861
173741
229591
104011
113919
104377
238784
62896
242397
226392
217604
213702
214631
238926
183831
244545
232638
225604
225393
226748
244541
219485
47720
182759
242054
243880
242197
61321
118365
195834
237663
182326
246226
60126
247759
247330
233914
219379
229742
224124
212074
234136
56868
246356
240514
106428
118285
155876
238087
240349
249533
174550
120301
255631
170038
232416
231346
228041
212816
228745
214979
223384
112824
220071
181547
240495
111786
88663
95027
250558
233712
230530
235954
248767
226998
253674
111496
124882
166718
245027
210582
220999
231978
115940
239839
173897
240384
234997
240736
217807
212160
220859
227029
111262
238497
178047
243998
122895
257374
232634
243207
223603
111391
116800
244244
114428
185840
117271
240795
166787
212924
246677
225775
231549
110602
127476
181993
242024
49278
61472
114870
189190
238782
101167
109140
175667
234021
223153
225072
110024
123700
125450
223840
237584
234756
247563
250170
234920
112915
117572
236405
216341
235930
242819
109040
249180
255648
120749
236807
206800
234625
235411
227171
223814
237580
233779
234961
116985
256027
109441
252761
60022
238145
116807
244798
56924
239878
179744
177470
122931
245130
220797
227283
244992
238410
113399
57734
242158
166858
245663
236415
60796
113708
177541
231217
171228
122655
250379
61946
237844
297394
235333
235198
244142
232010
230574
232103
128503
241015
219706
234695
222212
220928
245030
110523
113579
193908
233310
231189
218108
59895
114118
215081
113989
231950
241239
231289
232572
235821
240956
224011
230439
219027
242000
245400
238772
101425
121206
189856
227606
235157
125227
244869
65558
244883
235120
240394
206912
226105
244810
228384
106807
253302
63343
113166
117366
286007
226632
222814
212283
228670
240960
116854
243724
258620
123459
226657
218533
225893
236523
117048
121269
215570
223855
225350
237847
209211
214639
222764
211445
223677
226462
233416
107244
228946
58913
231419
129180
251255
63848
234783
300774
134710
249719
214211
209527
243002
225489
234618
109686
117249
232572
112790
107517
223847
232528
223182
236542
114093
230946
247836
233825
232471
224411
236102
228979
103213
115923
185957
244277
308026
251291
242821
223872
234837
229389
228347
235317
61283
61434
224276
248158
224078
236018
236249
244530
235407
228899
234430
246836
227893
232180
236258
226595
241491
245092
208970
235377
229008
232456
238609
247962
241127
131817
253511
222638
234881
121563
232336
242963
236978
113361
242022
115943
230042
236358
110305
113074
246029
223600
124418
249927
120043
233863
228891
247615
118773
215030
157233
239259
240671
216606
105085
222501
55892
244478
104998
239716
244415
223964
232082
231365
230917
226745
234769
228731
234384
111185
259669
165569
122002
249583
117137
245258
249491
108939
240986
191787
121380
115385
243264
112232
239298
178958
221485
59692
115915
242241
170864
118016
223230
245309
235420
241233
121671
240007
62784
233622
176261
185129
240645
114751
121418
233014
223494
219768
226753
244675
180305
181688
236676
218270
247202
227227
127072
104057
240116
239874
113617
110059
113384
218894
115228
243878
175534
226589
204511
209058
112811
119118
243751
245224
237817
240636
96500
126619
182450
227066
227399
245365
237723
231036
242726
251502
252370
215293
246609
116649
118830
174035
118990
261009
109450
243250
252843
234250
233963
204270
231741
102040
222919
185488
236294
240034
113978
239271
160602
114534
249186
183377
234485
224193
109269
239741
238854
232862
242765
45824
176439
240295
240833
252878
225111
242865
198645
246868
102785
61443
124036
114127
224425
222661
236979
236281
236095
218667
240214
104232
224282
62200
250895
204433
114432
110158
186925
236689
232602
241213
236432
309118
230326
211899
107164
245065
193720
247348
105235
211637
217808
242505
230690
240939
114429
244376
56557
244118
186279
250615
236820
248354
235840
219565
226927
51532
251457
241247
238534
231379
212677
224759
244145
237909
243195
241155
236195
235997
120280
251778
179413
253116
244040
113948
52502
159840
185423
244905
112076
249101
243108
243789
230992
232862
122223
244143
243431
118810
129089
235572
230915
237847
107717
47375
225981
186240
200003
221015
238721
223884
240536
211318
236221
216382
239247
243394
230870
225820
237988
225444
243378
231832
113109
232536
193462
247371
232555
227129
231092
214054
235615
224996
230339
250446
227274
222589
113720
257372
122604
258013
195299
182052
230103
218833
242024
196360
234108
243855
240267
245190
232146
125003
244448
248271
238806
248863
229879
217695
226267
252224
170471
213272
234182
236445
233087
228815
234716
231217
247143
228117
109785
39337
170306
184406
207032
229886
106279
228638
216446
215390
57644
111676
229841
179284
234106
236460
235930
241798
209655
110056
87394
183899
229427
230396
240207
246313
250521
242150
224016
168617
233552
242236
120323
248853
189933
224410
200423
223927
211209
120573
247950
238535
211889
231824
234704
114055
230312
240651
240983
238002
230776
218337
227669
236764
230136
230086
243691
244822
113298
218682
193345
235730
237842
234711
234878
231649
113730
235909
213384
220468
214184
244999
256653
115208
126867
230422
220064
256056
224983
218735
242978
115534
255033
243938
250837
249467
252397
229486
116435
237460
56933
257455
223694
235513
108847
122402
187455
245636
168952
248794
237614
222687
120392
122235
245545
243767
237450
249424
223421
244897
211245
128065
240032
236866
107095
230057
185264
224764
246543
54158
244202
114758
208991
189667
252435
241306
235013
218179
219160
105489
111544
186663
127940
243451
204095
235513
228897
246602
114282
239517
256924
116610
236774
235216
102382
113871
181902
231465
219306
240938
215264
295482
233595
232811
215812
231932
207520
234401
246114
243513
225931
119508
247462
230003
229102
118332
241014
228997
238230
219113
112144
240517
175687
115516
246634
66058
242618
234766
229765
236563
235598
228422
252589
119749
190547
118144
119547
196657
242205
249781
120058
243670
186751
221085
233016
121280
238407
51239
215962
117522
236657
179224
246106
224188
237990
228540
242552
107805
246338
120306
244510
187205
128298
115011
203640
223042
224141
247601
245401
245852
235699
115553
220687
173180
223807
232333
226584
241140
218504
230321
241171
234390
219004
219925
108296
107553
57284
227606
170854
167801
222480
226980
113965
241248
212562
239654
63643
216423
119187
233058
167093
211085
109805
111257
247686
235623
235585
243538
101561
234322
56874
231148
249562
229227
121125
230690
184195
235891
227781
240536
233743
245290
227336
226349
230391
229088
233532
202125
214329
224465
227429
240502
242137
230145
227701
114247
241193
195283
234757
236419
247970
108416
247949
63284
247680
237466
202932
233767
114646
244438
249285
254220
115892
247558
168791
221490
213812
116888
229827
185460
249645
113370
246044
250022
230061
108903
259259
257431
256864
228673
246000
63625
235066
59133
227908
173023
162313
239416
238406
225971
237063
243610
58412
234324
244620
232663
228931
246683
247833
229952
210787
236653
220559
237365
246697
235936
223561
171637
259047
219516
110593
201201
66331
241996
181051
190320
249409
232569
249270
234091
237890
227236
109479
220743
193922
234003
248876
237619
210000
101722
57799
252205
63945
103736
245935
222436
207681
233831
240222
114373
218171
115501
214826
60270
244672
238277
236597
120203
237703
59198
238616
220048
51040
212564
247235
230734
60528
116998
244679
62172
255934
4159
217465
124556
169391
112161
102830
187924
240689
294765
245544
224208
218184
238812
228728
110822
238200
119256
244088
188901
236000
107780
58632
113329
222248
58625
237662
235725
229978
230013
118054
235915
169539
231292
109481
252716
179361
184392
233911
113033
253576
192855
243135
229978
121369
254065
226623
232035
224858
241708
227155
109558
242735
182064
176932
247272
243627
247783
233002
112141
223240
235503
227248
102081
110506
189973
255215
238104
228446
231539
105173
248429
224439
231110
220893
219358
245200
231813
226240
106174
151504
115101
233491
58414
217571
181031
185562
249963
111243
161060
57858
225467
178384
64261
232344
170125
185136
239492
119704
125292
125394
233297
243546
233135
204835
237890
253820
219379
234055
114674
256861
61626
116859
239164
60548
240977
222007
249206
115734
116279
56992
248997
200147
124473
242116
218967
219472
250768
234777
230635
173064
229817
236806
235884
229737
227839
234107
234839
237658
237686
102648
116126
185500
240736
119928
246140
222939
249092
109574
252533
58558
123245
208849
232133
232305
104701
251534
166467
232842
229241
227007
107043
246692
157123
237652
109374
225992
109460
108344
57067
134124
231909
182153
177035
233720
218476
221328
216374
242698
233671
253229
236958
224003
216702
241825
234304
239930
294920
116891
227471
118158
247426
57686
234279
177919
178189
241433
245413
109556
230668
113524
197662
186770
229791
237157
243724
219610
228807
233989
232260
228395
246101
237837
127238
57464
111606
166711
248904
181371
186260
250132
225654
237766
233334
232991
105402
112328
48607
52339
258164
112026
235293
186469
226005
232879
225317
233135
65642
230930
239911
228995
111141
239203
195604
234703
242074
236902
219413
212322
210272
228670
228952
231677
227707
110531
246363
202019
236868
230985
114194
248364
223505
237366
230187
116052
233525
193764
223074
237168
233415
238498
222153
119121
249526
234369
232240
242591
123220
251151
227306
240515
234963
227302
220065
209864
232587
232897
229229
233022
232419
104057
222011
195105
192208
235083
219885
229463
235819
224033
230212
223629
232650
240718
113293
126855
189000
258160
236567
114370
241028
213089
234441
116207
227588
53620
235269
232499
116904
239410
248882
233844
237849
235231
237324
117610
244722
247273
206885
253331
214386
242877
216931
236280
234663
119631
185592
124658
114888
191578
249100
178879
173012
177173
228442
235255
112530
125771
245529
247564
246459
240336
234328
111848
238681
64830
237608
244322
239473
235690
191216
205427
242619
127573
250586
222456
98567
117176
247054
239750
112786
253265
241063
219472
237664
61457
245129
57022
247772
118958
220617
234158
230186
217914
238236
117550
232141
223880
216534
234202
244695
127960
236934
124673
246572
238255
232412
232871
193873
245364
108739
246495
203384
229730
117003
239247
188529
225984
215399
254397
237905
219826
117612
230378
175817
249442
228626
220883
232515
227948
103414
116582
237749
235633
243042
230477
240529
231380
116223
234815
243720
234299
229838
238422
247760
244955
121257
242605
109522
239925
251664
109935
242010
175050
240007
228926
216727
199855
249024
210642
116576
104260
174472
234465
231860
51535
240095
120212
163496
124883
118353
191365
238849
242106
243340
224332
260608
197865
186691
234245
233535
231576
233852
107859
255984
237119
237594
227387
196478
203310
245366
240668
239593
113400
216290
250959
233206
242937
238303
231244
236000
109462
243090
62250
244203
225172
232610
221909
253187
119242
241540
177827
228564
217291
247584
244029
244459
236776
243654
251968
224758
216640
196834
215080
234634
239156
234430
203154
118917
236655
170577
240713
240388
122435
248501
183676
236198
108675
243868
174324
223494
223957
237043
235571
257557
107907
248443
172383
242572
218684
237780
240453
221535
249876
240156
131448
252615
115448
246573
190164
241489
242757
227802
226324
233107
222218
217741
115312
240384
246949
213513
199135
222904
225324
234323
234579
270559
61275
242181
244894
234300
210795
59027
215526
60269
243296
230039
96437
241258
243360
129801
108166
121645
233997
214048
246567
224347
238068
228563
196711
229647
235280
113494
123870
223542
228814
255185
119630
221517
178246
240366
100620
228512
248420
253414
231160
230857
113270
243979
177643
229112
225702
123601
252126
175876
249340
121914
121257
231865
106175
119798
248746
242187
237116
232866
255464
113677
216423
247058
213583
227785
221713
112692
230212
63949
227738
233313
219871
100866
115188
186245
124505
245209
248553
246601
239324
219963
218620
241709
118991
241089
246298
230378
115085
245937
254969
234198
60683
111642
59922
247197
255121
248463
254520
230262
226159
222820
238094
290864
122156
235541
226669
236007
242537
229626
224130
109604
241074
257349
257527
230437
230166
218875
228108
223735
244795
224206
236406
241652
233409
60698
114556
169165
113137
241582
235398
123329
258603
242361
220141
229784
230440
234019
219143
236501
223850
236468
234535
229749
241842
248828
106935
213682
61625
242619
241283
253174
237491
227739
212500
117093
258081
225244
106999
120631
199506
111673
112913
177355
228108
232136
121249
241198
58524
234465
218097
247816
235230
222318
120656
231165
242931
237100
231823
242603
225121
112934
245996
75970
242839
224688
244854
249538
247120
237865
241333
228232
238427
127089
237259
113395
233288
119703
245155
63938
247861
239016
117735
246662
251952
223915
241243
220567
233875
234412
235103
240229
222346
221774
250787
234801
231139
227535
226517
232750
242473
115687
234947
243344
240382
234004
241708
232845
240447
241257
236167
241622
226754
238032
234311
232679
231452
230753
225241
233049
222398
223232
241909
246116
234291
220433
222831
235969
232817
231468
238656
216765
97239
121033
166059
105089
248331
235409
231981
127979
241459
58234
209097
226403
235508
239449
210866
241737
106855
256677
177480
237400
114430
237143
186476
231380
207921
243079
216436
230414
236315
241325
113917
223739
121143
246877
176107
234440
239259
226662
245009
197608
244780
237399
231970
201536
104529
237978
191881
171147
226574
108079
118623
222833
231613
222542
235324
231698
239078
125668
217625
243998
162926
63144
233698
246542
238814
222650
116422
126813
245997
237661
246783
245631
242044
201890
220185
114932
250817
221794
100913
247669
61586
224748
228439
204245
219417
224522
247336
240206
237658
295709
236961
51437
53549
227263
59763
231779
233537
231424
243763
241235
241550
234288
108983
223009
229901
242229
260457
246528
221289
239367
122238
254881
102347
163625
120570
216586
182628
123416
245357
59222
53143
119021
190158
248851
61189
109494
182368
259331
179340
229022
243514
243112
109798
107626
227770
214952
232892
215410
107852
234385
179736
231815
227064
240306
227797
109218
225702
118973
245117
227401
235664
234502
225048
239046
235632
109914
234288
192134
246847
225110
255921
225530
112104
242945
65505
256756
245108
226942
253753
121330
177445
124019
232171
223651
224851
244598
211448
217938
218260
222351
215628
240466
242534
242337
246510
112063
235198
113450
107620
249414
234493
229593
108883
103299
182337
110099
250115
62120
115479
177945
122695
239283
242622
229313
232086
240394
232974
301514
116309
240773
231158
237692
255750
226247
232259
246065
203995
234181
102366
250726
235256
179380
240939
229399
246821
210799
211777
228612
237580
243623
251250
222259
206289
236486
236412
156555
174511
231502
231523
234914
218167
112493
256003
241310
251359
113227
255072
244384
240396
229609
219350
235182
107600
126913
256282
109326
93030
226907
234607
234440
241962
241790
244737
219725
233799
234470
245282
240502
242809
229203
240794
239865
211819
243312
222800
226150
235026
250138
222875
234903
229721
235350
195003
229797
236033
228438
226521
60804
224573
226761
238352
241634
230742
176235
215993
238479
55561
239248
164721
245755
58829
244297
247603
246930
221720
248905
60995
236960
250393
244981
238924
234298
45560
205504
214532
210847
246282
61796
246392
252601
215458
243500
234701
237645
239201
237746
219614
232872
64349
233442
247497
114167
218556
51177
175503
53472
239196
216417
236506
235970
64848
232407
207196
230602
210081
238117
246625
234361
232233
229860
58417
122508
246516
239277
232225
229533
112239
205030
64329
243943
237113
231684
237838
113261
256008
57280
224550
238820
228608
245584
243831
242922
126046
236563
121763
227590
59791
239421
239911
245705
108840
55775
61216
169486
247468
236858
227269
184578
254733
244219
249380
236380
235943
202968
228447
215268
217472
217515
238655
113413
120366
57842
109881
241793
239777
241548
235275
244020
233725
110363
237160
232262
238438
229842
245168
253105
246029
224254
238549
238669
182526
254037
247964
241341
245738
226332
240618
249063
214519
250591
47986
178970
237617
241019
240761
235056
47093
61769
111503
191932
239241
95855
109857
161947
231008
119180
122990
178668
118735
121906
239255
107468
237944
191181
230968
237489
225238
244434
110635
228428
190330
239363
237129
230871
215327
238312
228164
213783
232270
239574
248018
246490
201410
215370
116513
127874
195993
127078
245167
233607
235274
240585
229654
95002
231302
258926
57332
81685
234409
196187
239472
236907
226068
236137
231867
239104
236487
244581
108289
239095
179958
230221
103584
122052
240389
244963
235198
224740
227470
185038
215500
235525
252738
112738
53859
109656
122273
253237
243830
230577
214929
260414
116075
246078
178051
234713
207548
253280
219831
116756
245322
171555
116967
251521
235807
223400
239085
244733
230298
235062
238562
113187
230671
193955
249856
156935
63111
242423
179912
254594
235123
160337
109755
229667
249390
223011
244291
231527
237253
227932
243943
241211
233749
230126
248647
241526
236147
235799
250315
227792
126291
245139
230767
253131
108192
170406
119145
108771
242482
237836
296851
239631
115423
242227
55807
229048
243200
231535
224019
217934
107833
219514
56209
116788
237570
109771
102309
174412
186645
244196
111817
226574
242192
234075
228731
237117
106035
55552
112168
114036
173648
110307
172633
179688
114035
240959
247425
173058
239866
109316
234641
185840
232629
176116
174631
230147
183282
235638
229545
113081
230858
178449
224051
115690
224890
180820
233013
59879
104823
238473
114519
114960
233435
224056
235533
109129
236346
179710
229600
111644
230583
249426
112109
230767
236845
233028
118294
47958
172385
56217
113296
184031
176428
230941
181464
230560
226360
109467
105792
118803
169735
229143
113220
224571
173231
233349
60814
224554
178994
221279
111830
234160
241099
235667
238470
178435
232528
174629
170385
228668
171733
237053
170802
239553
238421
213226
112631
115861
178205
55750
235456
233139
111020
237177
115536
227220
174856
235578
58844
230614
232569
115260
118832
57528
107538
175736
178170
227985
108649
240821
108571
112877
226186
116901
108503
117942
177274
175188
243222
181593
233730
54298
239671
237012
105077
233302
121708
114434
173307
240115
106480
112380
179396
224943
108799
114663
223884
116147
229393
171726
178714
225784
106970
106884
244032
111272
168234
112510
53653
179563
181672
244275
112454
109131
171755
108299
118103
247284
229175
115366
233490
234902
226018
120099
242163
184940
226424
57554
111401
52337
114140
108136
173703
228236
54563
238000
172379
241284
51879
238271
114746
227791
223986
118719
114159
114914
178388
176931
228985
236905
109954
240209
119620
117021
177970
235090
232596
232484
109147
224908
111849
112292
240458
111747
108598
186897
230374
179022
226101
55684
227702
177158
47499
227828
236051
223457
104948
224131
171593
229155
187821
113266
107218
234205
227853
179276
232415
52716
118289
180797
232964
116792
171666
60205
121489
114195
113943
178326
227518
56658
230637
177417
229790
109204
168791
121405
117076
174089
229184
174233
114228
229757
114927
227664
227515
115350
120263
177322
237521
177323
177121
183818
174184
112748
233588
51419
59401
109692
186089
116445
171775
178743
225129
176622
229705
114881
227311
176062
228347
170497
116699
114836
173586
230252
112223
241297
176747
176016
3366
105712
234206
175132
239201
227036
117123
114971
172575
226285
55344
226077
232741
224655
114248
112516
173034
238282
115274
248364
183874
216414
231367
108848
174041
116335
109754
177624
224236
106366
109008
173983
219563
54211
111159
116249
169270
115034
110128
106969
233796
231938
179240
180212
170527
228119
105010
113382
241772
221384
172658
225401
179618
230750
109530
118368
178372
46729
115837
112283
232140
239630
229321
173353
230736
230502
57920
114458
232516
53983
120431
230272
237004
114289
111909
179152
123734
181589
55681
125942
117462
239335
235021
109228
234098
236984
237488
220039
106322
122798
173678
176093
114647
117075
112866
184955
236595
59937
229998
167210
233332
117266
224894
172935
229286
114858
230123
57289
108657
110088
178451
221374
54867
220273
182969
48746
117924
114350
185326
239860
58122
220289
61272
229247
234960
105727
56114
230586
117878
223976
237893
110700
234529
178294
115466
115964
174773
54554
126148
222666
172447
240234
114258
243242
241162
117851
230077
171889
48835
110764
112130
181932
231285
114495
238126
54885
243139
114122
235391
179494
234435
106915
234363
170995
59164
119811
111905
174292
223938
118690
239447
59148
112652
117581
109297
233835
226438
181256
222299
106479
234066
176182
222716
118894
238069
54426
223556
173544
220507
110063
242322
121808
113346
114670
249824
107070
231701
180215
233071
234103
229285
102547
116569
176263
125688
117238
108016
232211
235672
107940
215652
108047
111364
121872
228611
120433
58430
219997
239214
108743
113367
174136
229079
245281
178905
228808
178279
110394
240863
177086
228563
175397
182722
232729
175450
234672
179370
55923
111404
174806
182302
114553
187592
185413
117201
114518
250181
53681
101580
117873
222197
111485
220610
176015
115906
115433
56563
111320
112669
60520
222438
58004
112600
176157
176009
230565
180127
232000
114664
230472
175714
240079
180533
118605
111789
233239
234103
228073
174737
225477
176072
58468
117764
113885
174144
180141
110551
234530
57420
114071
225320
121827
231287
106983
234051
121243
113302
240475
176228
171177
231341
119259
227173
172637
176705
113523
176056
179987
109050
170855
190015
230850
227656
47510
120139
114832
237787
117719
233248
235983
117359
106062
59966
116961
186271
229091
114613
177247
112508
48130
55505
181313
235627
171931
228431
235557
107419
113805
177591
249833
103774
116154
175377
233647
55880
237417
175036
228589
120404
59090
110074
116183
241414
110904
108665
178452
230336
122889
224533
58210
230262
171998
227724
53828
225721
225611
117062
231701
184981
175353
242940
185628
229473
237520
236578
107171
231004
177926
233884
166315
177437
236985
169811
48297
113446
113467
184984
223116
56105
237045
180440
219038
53284
60076
232161
177293
233954
179997
173449
227253
176134
227731
115865
51298
119646
114288
233326
109797
114616
186902
223497
226414
227481
112336
238204
115220
121010
110697
115407
170041
224946
117873
237604
239127
112556
227886
177006
47435
122821
112942
239111
222605
176185
224992
169631
111838
112914
54512
239074
232893
221473
106687
170297
220428
169777
239292
9417
90312
111041
113153
112418
60248
233236
56692
230743
242664
231342
177333
224401
234478
102589
172237
110141
109797
168837
227287
109832
111470
177738
236034
56663
227044
108940
114985
236809
108771
236204
175852
228081
180630
173277
238456
108449
106208
108298
242711
177141
230510
116558
233256
177559
225631
222202
112495
116292
235500
108506
235717
58965
223374
177930
174509
118158
168321
228701
176415
226214
114891
112581
227503
109337
229943
115561
121455
118156
119945
115681
58737
230555
53901
231632
176839
221411
114815
106978
230754
111916
109203
244195
223148
177174
235400
225179
114776
112074
176344
56850
111292
224282
115774
235340
54942
121686
241112
220372
61464
110940
115750
174780
167138
127855
119090
111193
110180
167465
233751
237597
110595
227955
225103
174387
222010
110971
117255
238913
111097
227531
59569
240019
173244
226567
56519
118086
229779
53817
121251
107479
110612
234186
220732
57042
108951
232020
175552
114393
233183
115011
55112
118279
112337
179747
111263
172177
179573
113058
181249
183135
109162
110453
60346
53464
112843
110274
228664
176814
179629
233394
245286
56017
234703
238292
116630
227837
232376
163542
122655
116024
171227
175844
233979
229548
106222
118782
235579
59905
222425
175554
218672
110999
111151
116399
176142
187597
231605
223055
176033
177280
167579
173860
227858
112383
52459
173846
58525
117768
169853
234724
55843
107386
124166
242483
226501
241250
118739
227507
229703
118709
122293
180739
243289
116731
118104
176645
231360
223489
108833
174960
111936
221623
176374
224939
117803
101623
113461
112757
184577
171874
121129
56000
240579
119164
108740
183853
229188
115370
233817
58798
118506
116100
178341
59451
122353
230080
223300
115004
243861
181605
180191
229756
116048
228055
238486
55674
119067
177521
167891
220868
119804
121694
115636
171921
170342
238626
116431
107185
180744
169989
221722
113424
115842
113108
173137
235381
231843
56691
226605
109178
234370
177589
170048
233307
232154
114480
114739
112220
121161
176582
222688
117347
235046
175471
240199
233505
235515
117919
57454
217258
121783
236125
55584
108217
223300
239936
224119
112604
118553
114270
233844
116342
105481
175839
231556
237791
179758
234935
175714
122540
116616
231081
178134
171653
111707
175689
178102
118158
175404
238248
181365
59552
115054
225152
181665
166347
228664
180431
50424
119808
250269
172517
110229
231572
53176
107146
110388
174675
222721
116103
241463
120421
116645
115453
230816
236934
232454
234640
113485
115665
180094
233528
173380
222738
124463
233093
176547
236492
176185
181865
234075
174062
47416
115374
116397
118427
234376
175189
235235
173467
180436
237453
240303
118744
166968
112910
110324
181405
113438
228643
106873
106698
60430
118107
226326
232775
234512
113177
124978
170167
179131
225502
111525
106382
115441
176649
240473
184114
52483
115689
231450
174934
174631
234378
168312
223121
52855
119943
170694
108761
46667
57024
175251
112266
170930
174775
223350
104869
110225
239240
117328
112511
123149
115402
56049
235470
227533
231780
116994
229729
163834
162062
114862
229062
57178
60516
231693
239201
117064
241198
110555
108939
234423
117519
227285
101193
53910
228291
110754
235741
177148
239507
183675
235513
233525
112510
176567
228939
240985
223137
110061
233842
60290
223661
179589
54230
113289
236413
55713
233281
231134
126397
111555
114704
242785
119657
231502
57063
113302
174771
179957
233121
57797
105335
223600
236296
106550
110490
185496
61305
227066
105894
230909
59715
113316
240191
170922
243253
112320
118649
110215
112645
55162
225339
110276
230185
236184
230959
113330
241940
116765
112802
173269
48932
122070
115196
233034
234709
219520
59051
114060
110928
115944
170397
55824
119029
113427
240601
233290
103340
110601
169973
226491
58646
229603
228991
57883
117599
175317
239603
244153
114049
222626
53707
111783
169287
125197
115669
117763
106044
123917
58874
228358
60010
232486
224818
111731
225560
181875
108854
279243
114853
240199
115065
235463
174812
226548
175312
240434
120858
112660
115399
110490
236501
234551
108139
116479
173616
232729
117566
239835
108452
117102
180243
47423
119379
120095
176175
218386
118065
234560
231858
110534
54604
106097
110055
178120
49387
115299
117942
237817
178921
220375
240763
108349
115403
118436
180380
232020
122609
234921
226377
112694
120738
240372
242240
114905
233203
105236
123579
120091
109500
233476
240234
235546
226068
172890
54241
114112
114057
57946
226999
112525
229515
174073
226529
172040
173542
123264
116018
239432
55892
109365
217599
185800
178196
169343
116240
234233
58124
242343
116206
231596
108704
111789
181933
178244
177670
234251
119623
238610
233184
110241
184885
116660
106143
62320
112111
237186
227014
58547
217335
227219
120251
237448
57140
118747
224850
184225
178835
238205
171153
239835
51834
108839
115794
119444
106852
115879
227142
233955
102752
110615
233081
117397
107119
116575
234409
55353
115361
172786
176474
236840
237548
239398
173434
227775
54102
106289
237410
52452
108105
118296
56836
118335
176299
238267
111980
243165
173756
228734
104968
235623
116940
230075
229396
116606
105826
232216
108235
112151
226275
57405
115176
58717
113126
226442
223517
117496
231587
243223
117058
106006
123412
236577
223543
114053
224726
104037
110232
180803
244408
230258
167183
105955
240993
57651
106928
115272
182195
225987
112773
241381
187519
224299
239234
229562
110815
222825
110122
113306
116519
115546
237540
106529
119278
182799
221121
241648
229212
111246
225937
222973
112761
105818
232718
227080
113297
114075
187068
224627
232972
108879
226733
219420
114661
118810
114246
111091
118124
54617
174934
227392
182641
228883
113109
238176
174607
115889
104495
181357
45406
111842
114112
167535
243481
243522
109366
224316
115959
58326
231511
114680
234679
170656
231825
112613
238162
174332
226816
114701
228657
59117
111554
239976
103893
238388
58287
110956
108142
233776
230242
175053
228878
107446
48348
228625
109856
226755
56114
116952
231254
221180
183563
228328
168002
115674
227321
169682
229364
114082
235017
171359
232759
173931
112184
108707
230601
173751
227307
59015
237177
176459
228474
54339
109878
234751
179036
232798
112524
226884
174165
229698
231606
118303
227205
179546
46586
114200
121746
234535
171929
226186
55327
231902
171911
45946
116764
112879
184418
44951
115836
113034
174478
227583
56804
228248
179343
226126
55149
110981
168692
54158
170925
113759
112715
180131
234152
220986
115134
235225
111268
62022
246779
110494
112855
181511
229390
110036
226741
230950
119421
225965
227707
118013
107595
114333
237905
110923
117132
236193
115096
228425
221765
120474
122118
117364
56257
172979
284900
56719
111571
114359
177322
173962
226966
179896
47372
118130
114713
228131
185879
229491
123573
223487
53226
229391
171611
232114
231855
111936
232003
179179
225790
120678
242836
172859
230772
171037
55553
118092
239148
119419
111166
177932
225618
116541
231706
180667
227770
165326
119697
109796
232288
169565
179886
114874
171716
238913
111350
109489
115143
117210
59032
227744
231057
226450
120270
234510
172597
105178
236850
110205
119508
121187
172523
116357
119298
176405
227324
178017
227192
54958
221872
104816
118248
113905
238455
110443
114524
230190
114156
241762
57659
109234
50429
119371
107220
180578
50384
240901
109356
232281
171982
188633
226579
173339
48479
112731
116595
233938
223564
60907
113812
110283
231495
236484
117994
227053
57920
124941
234295
111614
229392
109906
231742
179161
226409
173103
179112
233028
53941
233433
52445
105349
233246
235595
113476
105033
123700
236441
219474
115427
222117
230773
113183
227544
231507
108989
224153
176088
166342
119905
113740
111751
108186
184640
229886
116082
242956
231965
239940
108547
233363
57394
115188
182787
238252
245396
118206
214760
233293
162343
111309
107669
177226
236075
112695
112086
176633
117722
233382
110341
232162
53245
168617
116899
112989
107769
172895
222810
114254
228763
111976
107234
184031
107214
121517
113058
236204
61368
117220
182203
232534
234286
231099
177808
235840
56215
107739
241826
55072
113644
224047
178444
224310
181653
177042
230982
242582
114846
180438
237470
118255
120917
181492
242508
169729
243914
117190
188130
169157
228118
102841
233434
113429
226121
178089
240319
106429
61063
55891
117758
224936
231073
120738
234239
169401
117816
175480
177199
112875
115627
181434
228995
117045
234699
115729
103855
181123
230343
173388
224101
112372
225070
181264
226370
173467
117221
113844
173220
222501
240261
117068
228859
119321
55556
225075
113947
233897
176288
238671
182137
176291
117592
117175
114455
115235
242785
243682
233560
103737
239438
172997
224836
102088
120752
123756
115851
228118
105427
242047
176752
224800
173390
176658
121508
114600
111475
113484
58387
166185
113006
235212
118879
113413
61172
109107
237553
120955
109013
114071
179720
56656
114245
175192
179162
223546
175393
234794
113274
177182
109316
48281
225900
115582
114992
178569
115197
