16834574522403
16834598513195
16834626606695
16834658511736
16834678621195
16834686612445
16834694633236
16834722605319
16834750601611
16834766507444
16834786509278
16834798607736
16834830518694
16834854609694
16834862598777
16834890602360
16834918606152
16834934508694
16834958603444
16834982607110
16834990608068
16835010520610
16835018603777
16835046602943
16835062514443
16835094609735
16835102607318
16835130604568
16835158605276
16835174512859
16835198615734
16835222606109
16835230626734
16835258600859
16835286604692
16835302508609
16835326544692
16835350602692
16835358602192
16835386601442
16835394601650
16835426499733
16835446525692
16835482603108
16835490623150
16835522529483
16835550602608
16835566515733
16835590627066
16835622524733
16835650600274
16835678601441
16835694505857
16835714595316
16835746513066
16835778505107
16835790612315
16835810514107
16835826520107
16835854528982
16835886524940
16835918498648
16835946599898
16835978512356
16836002532606
16836030607898
16836058604814
16836066608023
16836094546106
16836110506731
16836134605397
16836158619981
16836166605106
16836194592481
16836222603439
16836238501272
16836258581855
16836282523855
16836314492022
16836338647938
16836350485272
16836362559022
16836394482230
16836422493021
16836454498396
16836486505729
16836514621688
16836542498063
16836558493062
16836594527146
16836610589187
16836634581354
16836650537979
16836678590812
16836706527895
16836738506645
16836778518228
16836798496937
16836814492020
