36992
38009
21343
56239
65255
181903
17890
10726
4665
7385
14166
30225
15520
5695
2277
3749
11021
238670
178632
115683
58881
16263
468
50268
31364
50941
67641
70576
45392
84038
63021
40064
42586
77070
80955
26280
16116
34096
71694
69213
67624
37908
57417
107462
65601
138533
71025
72741
149944
529606
336792
434121
168070
276102
105045
199521
288045
631373
149462
144390
134559
137165
38477
582226
278258
43566
29552
57734
57019
62969
27979
56898
16223
44170
59042
70794
66357
50654
18112
64758
50279
18528
66466
63312
29138
49326
63490
30691
53870
33884
59227
54585
866995
340828
764844
383180
758444
1192473
538605
304485
79839
320717
318875
83969
250569
326001
291749
335343
633637
68437
33201
20583
8493
4796
20670
4646
11610
2673
2215
43110
14606
3966
21799
4377
641344
1984621
909317
576197
269008
486302
508823
295488
393278
408642
426315
415972
394572
498469
187428
344085
133337
354571
358645
201989
199147
128583
185118
377551
171888
179891
227157
73825
164233
97801
178248
238719
418614
139639
268685
205881
145815
202339
245883
304625
190018
255269
227106
130764
206957
103613
119344
254997
215587
334993
406938
279021
294474
108701
99396
31489
336549
146042
89809
240484
147997
188986
59065
393483
613545
646459
280573
672013
1897174
1359470
723299
1277870
716797
114656
222550
16139
18906
12921
9516
23350
18517
21754
18856
16420
16881
19140
10808
15845
19667
18267
15924
14009
9233
17049
15830
10220
18047
12873
210509
