25298490501574
25298498528282
25298526509573
25298558446907
25298570519740
25298594447948
25298622510948
25298642501823
25298650520115
25298670501281
25298678506281
25298710442281
25298730455364
25298770446572
25298794449114
25298826448447
25298862449322
25298894501239
25298902500655
25298922496322
25298938444863
25298962510447
25298978441697
25298994519113
25299002515780
25299030515821
25299050533071
25299066455946
25299098507863
25299106509029
25299126519863
25299134546863
25299150456863
25299182450571
25299210556487
25299234460904
25299266444904
25299286497737
25299310451612
25299338517029
25299354438570
25299382507695
25299390515987
25299426453820
25299450438278
25299490452361
25299522446653
25299554444111
25299586436528
25299618442986
25299630492361
25299654447444
25299686443444
25299722450819
25299750439610
25299782512777
25299790495110
25299822435152
25299858434235
25299870500735
25299902440068
25299930483901
25299954446443
