3246042
14996047
22815996
14790706
31435609
31342796
30973157
30597421
8253915
29650062
24125020
30558174
8115623
15587241
8100590
15574235
24098989
31407418
31133732
31057742
30426203
7149323
135790
23892298
15390648
23054033
31975561
30855284
15822840
31414899
24130372
15473207
16016286
31959223
32001841
8112955
7724118
15238664
31629171
30788277
31418745
15581716
31334479
32007636
14655489
31155469
16151604
15797329
31780169
32037861
15892707
30864324
24150882
31718471
15884331
31363883
32059838
31601206
30621606
31663483
30645471
31141012
8173015
22561971
31981014
24148230
15815436
31365360
31994190
31995276
14830186
31453615
8120026
23444777
31348238
31104293
31017263
24112598
8106691
31475749
24112858
8111838
31451893
32022874
16138981
30932379
31363612
15174674
31373939
15766457
31461204
31989029
32010916
14780737
31439690
15862774
31253213
32030935
14760116
31327185
8171010
31078805
30728954
8080652
24138637
31227121
14911034
15314890
32027992
15412596
31700364
31382826
31134772
6856970
31706733
31105380
31951299
15279078
31464566
31997193
16113942
15812011
16111069
15551488
32047373
31754785
14933994
31728611
15459403
31738641
32010042
15891393
31369128
31721202
30900883
30752380
15926476
31313120
15446221
31632584
14794267
31730434
32005295
16149176
15800693
24122518
24077650
32009073
15482355
31726316
24155668
8152327
15530038
8139465
15518747
31966970
32014559
15768297
31375617
15857611
16140624
15601006
24155844
32016620
15558500
31706561
24153003
8138865
15506964
8132612
15497860
32009402
31174440
31454862
31736197
32017255
31752027
15556045
15139465
8123047
31434005
16143967
15368066
15492178
15779550
24164920
8204549
31333942
15880386
15687013
8178152
15495535
31183779
31724888
15965328
31448971
32018191
15463700
31330438
8149266
31210064
15589321
15840233
31497115
31657184
31738443
30631041
32015574
31598968
32002231
15005605
31734588
31994996
32029374
30606658
16140388
15418321
31993413
31389762
15847773
31722035
24102664
31420787
