535123
18440732
29057215
19091072
38022997
35164715
33742460
33426526
8783122
32571222
25621178
35478318
10356811
19645719
10278928
19954987
31385874
36702816
41757583
28814120
28545487
6690964
122340
22328790
14220502
21822445
30449600
29827668
15142505
30467284
22845516
14777818
15238762
30389197
30763800
7722932
7691099
15005982
29936186
30281876
30929434
15182732
27690838
23988298
10434057
22955908
11720889
11177979
23515216
29412748
16379468
29409800
22896074
29943065
15077857
29629118
31143626
23804327
21139177
21802068
21116457
21249197
5586613
5984105
31640646
29818314
19476650
38879013
39723873
39344271
18305549
38916394
9892364
28958851
38847866
38200753
38303735
29254703
9850754
38679200
29396036
9737226
38575635
39476889
19745546
38744346
38616421
18676074
39281619
19363564
39071194
40027823
15349545
17519674
37993220
19053022
37788987
42952501
18536238
32406463
8205571
31713102
31479860
8176869
24611429
31956405
17746056
21765474
33797749
13629742
29502941
29219280
27383978
5957828
31005092
28260966
23630420
12759040
27061691
25135938
13328086
12038436
12433000
13294470
32962447
22011137
8308683
32945757
15833672
33739968
32866700
15589665
29643991
24923280
24558685
24156044
14612714
29931641
14421074
37317378
17084773
36893380
36404045
17666265
16942802
29746555
29189410
36888982
17159306
38703550
28763448
9343332
18118099
9169809
17606477
38432047
36140267
17873880
36835388
18173396
19253518
17209844
27490878
37967651
17952428
38092134
28807804
8713819
17070742
8444601
18224407
37876174
37610116
36052925
34259533
37146403
36200659
18553223
18238749
10255148
36291956
18607116
18720969
16263374
18422995
28130419
9538435
34041293
17761116
16421951
10138122
15230287
15315718
14196892
5715722
11756284
15745892
20737964
42005472
7845183
31515373
15894932
15973802
33578543
33984497
34194852
32881318
34177309
34708773
34963285
16193925
34480512
34605492
33927579
33027778
17331095
16609602
35009505
34129094
17153662
34729940
26191295
34688286
