6490
7505
4199
1570
2669
4250
2289
2110
879
1468
2040
1757
364
708
426
668
1108
16106
31168
16735
7042
2064
84
5848
3704
5635
7546
7176
5147
9730
7953
5071
5515
9786
10277
3513
1799
3889
8591
7490
7503
4397
7679
17003
10132
21228
11177
10349
21447
86997
58189
72359
26977
43641
16969
30597
40974
83649
20545
21438
21068
21097
6007
13317
11854
6847
4575
8944
8970
9865
4455
9236
2570
6806
8970
10628
10219
7761
2800
10002
7940
2995
10052
9556
4898
8357
10013
4974
8838
5430
9058
8637
20322
45879
107099
54239
107049
245985
121440
28361
7193
27752
27488
7819
21531
27818
43589
76552
132292
11047
5247
2659
1295
641
3301
727
1528
396
322
5848
2263
603
2951
664
85876
293321
116987
87898
38358
68185
77388
42134
53428
57029
56181
54571
58455
102834
31927
33847
14681
35498
35000
18361
21856
18784
20446
35757
23215
25990
26049
9898
17170
8837
20992
27898
40417
19788
34383
19600
16324
19985
29274
32977
19931
31266
24543
12284
18437
10005
12741
33413
27657
34433
41600
43126
40341
16180
14527
6071
37020
20511
12970
25479
15299
33748
8452
61673
82493
84928
37221
85213
231047
218431
175238
312663
134099
15881
27901
2656
2102
1613
982
2812
2528
2595
2125
1988
1713
1862
1388
1818
2121
2166
2021
1742
887
1704
1763
965
1642
1383
26886
