46686
127144
198242
183347
321481
451227
580743
565598
154280
576129
447896
542589
151856
243637
143398
270391
366146
318489
342763
391686
446699
112071
729
337444
287372
307406
394528
392365
198749
383116
329563
172683
190657
353428
330926
74976
52543
83246
390953
323310
378547
131929
380881
136941
60983
128271
73297
69362
142177
413159
275091
399077
243046
308155
143433
295443
319997
403694
59425
61677
60396
60166
18823
263004
300584
213255
144866
300407
301671
295556
139701
302799
77535
218448
288101
300530
299579
244630
79955
329598
247223
86726
318378
301635
145024
276330
298340
142673
298783
152597
318964
312069
402468
216061
480024
239346
474714
876303
429267
486280
135488
523264
516280
134491
405098
524254
238263
238121
516748
155372
908480
844788
997497
218471
626837
945788
1552602
596794
1157167
898256
301379
338907
407516
297720
784701
920782
338844
648478
319633
664988
658044
342967
538080
182505
179505
174272
178835
363210
224282
1015276
578913
1043410
1187520
607871
714787
1198908
1032879
1238505
702172
1458474
844638
316928
496661
270038
571870
1413608
1215794
706086
1169176
479555
568854
532292
907793
1227038
498487
1265482
898551
216910
586191
355533
783904
1559095
1521598
1323149
1323233
1589556
1450326
738729
700710
395552
1317687
735541
754806
495357
661572
1019009
356764
535082
255112
262672
113814
321138
1300933
960782
561698
1001587
564373
92928
176802
121493
481047
235714
242323
418141
409012
408256
396441
406624
412690
420508
195796
409547
412391
408373
392557
206873
201126
413809
408242
206279
412343
310185
347747
