23359
165
14926
39476
24239
108123
158128
79674
65599
20714
10138
63572
77767
60268
20122
79176
82675
77335
79994
77027
73886
84024
83332
31368
54850
7824
66943
30394
50397
117992
478881
949784
852901
862270
277297
871264
167241
429616
949652
444660
519433
399827
409028
178088
678056
870473
877881
855466
468401
423674
881031
456984
893603
893946
423880
842989
434228
863495
701906
163069
422613
285600
402836
177198
414199
825766
163304
835134
244565
780895
828639
437816
835532
200126
813286
293108
386668
619941
412544
585493
288235
790035
336811
834475
564300
845431
432192
783391
783062
412840
829215
572812
421019
349664
397185
386001
230192
317403
713006
388624
804127
828715
704891
409252
565853
804708
418180
560343
807051
697145
422195
519547
692315
806907
153541
402931
417085
652006
191400
368951
416994
731239
237257
677397
240660
719175
785287
546224
159899
794520
747813
351408
791771
145544
743491
211576
119527
640811
541341
138349
116580
402512
412429
377433
147832
336124
704222
270678
725483
534923
543848
741212
154044
392464
155312
702003
202316
268890
263536
312140
210260
648197
692475
243761
661356
376295
700359
226051
695800
206875
335530
255721
318131
734985
185553
739447
481624
370337
372552
151740
392636
399215
333060
725069
753327
157931
174281
733539
395935
656927
394950
679435
745664
657270
391833
672008
241763
273443
399938
318551
212583
318648
713747
365364
670620
774567
302937
722848
203881
345711
330750
718627
153727
706695
522744
675219
351553
680716
247205
659406
403153
372504
325551
206161
642315
554091
159148
374033
147086
390839
675656
359980
752897
160261
663867
242912
298031
366185
365144
152244
361480
158841
376960
644697
663998
397220
376528
651589
385484
668034
224718
318744
711059
391568
653507
391175
704807
197708
673678
229044
329635
198849
350175
172208
370764
643968
245734
661787
387399
341163
697727
369785
665343
211792
685352
280681
777611
355411
337750
730531
162321
379856
555212
288608
378755
367916
371050
301611
362108
291964
570219
671808
668954
758911
671303
755215
666785
394068
361628
540104
683487
730631
376383
666083
764551
368524
697813
395505
681524
733820
676180
379562
698752
336208
746307
157300
315323
711882
145625
118135
159413
368613
675867
233375
310810
366144
370276
390541
322604
723487
382302
686392
219804
331787
194525
364711
160880
713341
704320
203460
324571
654348
387896
692199
359100
702091
730003
383059
310483
357181
367919
535966
396117
358699
343354
329539
224225
316079
380506
369135
164067
362582
717480
701599
771435
372151
324860
733722
172444
369204
705744
344575
702531
217220
342467
716135
755051
538417
684367
216461
510413
379824
301271
364262
363719
166064
370368
518617
768787
345988
702394
544612
233948
310124
215520
337460
705964
515498
401512
368511
686212
230200
670035
569197
719252
379527
659352
744224
368967
704083
391301
366223
688343
365714
150066
523584
409538
707839
346284
755187
337275
718415
195404
187863
691736
225781
336947
674908
725915
342285
661231
415749
663582
379540
714359
193404
661204
170679
734823
716871
352780
755086
162236
368971
377103
311095
212480
343331
693508
758367
364708
334562
763384
381085
318007
383474
369778
529091
723500
345879
738862
391129
676356
234729
324460
224352
342757
695616
761771
342937
727283
381279
700983
228404
709316
223193
340759
196516
364644
542388
342768
396045
719831
720212
396590
537843
395839
364184
362043
337644
571000
212397
341812
183749
369668
360596
331681
405697
376620
164796
375994
719300
349568
738207
165453
768320
161720
378148
194381
347725
230647
328599
732812
390240
687348
222531
554656
738083
201368
369855
364540
728904
762019
554356
725628
346636
769180
551620
398943
355469
190200
381334
703096
768981
773375
177028
380864
699256
751083
403108
709152
223712
361110
185564
384173
165288
381671
741868
336327
763799
391376
710507
205371
708823
384207
773863
379245
567512
389555
336159
394537
388346
563005
797222
395034
718192
235356
733389
224489
375880
183529
382950
172384
387367
776760
173940
778998
763587
758599
409867
759615
193562
387592
407710
352741
218205
747963
382745
373579
404635
795743
576448
741004
377967
781812
224040
597435
786835
373935
803559
830795
797951
374551
375169
244652
354171
774416
225408
749404
236664
361047
233380
390654
599629
763168
785667
432036
586362
777225
420635
766967
376839
343217
190628
341643
681375
182427
351528
433120
552152
192719
694203
544196
192027
338324
716427
346912
705699
190720
696497
343112
192630
346967
368070
338191
191697
342423
683404
240216
2333610
1259061
108428
355119
104803
447912
106708
357905
498672
225645
241071
291946
382689
389218
487397
519173
257700
582345
152812
640260
669388
365116
707798
197029
350759
752818
778672
387208
755389
822120
363772
811749
429952
788745
208084
797812
211805
418600
804627
410412
853570
423705
840562
426060
403133
181800
395843
208369
427164
821157
201464
834692
227785
391020
234304
386423
212554
385143
836157
420940
814282
451444
823348
400932
833617
241993
429500
437602
373764
666749
453050
417237
648783
196384
402072
220325
466977
500634
1039288
534655
1112400
779470
1022676
522420
1086632
453711
986780
220153
519013
989360
1100857
992016
293088
1022691
240585
502425
531498
425752
566194
465772
268532
487048
270621
1047244
262999
527756
411238
430688
275069
266131
806069
255576
521145
271993
450176
723045
858785
975180
333615
549199
402656
959159
748381
534513
475029
286581
419932
285976
487436
1025101
254237
967232
301956
546320
969984
1044661
480555
920875
462522
1015660
1052640
560480
975288
996788
484708
967629
265147
469944
578289
430672
536125
222925
891103
464551
517848
281752
464871
939380
484577
1021089
996651
500959
428940
529732
907257
261731
466604
887908
465627
1000263
276825
563305
260287
428091
261030
482561
869945
485236
944239
201276
466220
537719
1002873
1055474
388844
963554
763920
232364
426926
253632
422347
963892
249753
219827
777300
251735
467020
216557
842820
217584
480068
503677
466172
238777
413366
252656
469175
951592
218641
1022434
214160
407460
831247
488918
471072
485436
469852
741808
518077
1008596
941706
415830
887352
270959
466477
266981
914051
736196
217692
489528
463728
236465
516047
229640
910695
420332
961812
998268
884875
981324
1034235
443706
477552
237984
430332
933836
297768
505160
953895
541635
981251
550833
873360
230969
704545
186561
456356
270493
426316
901239
517848
453368
230089
478460
524218
258756
955257
960292
230735
761832
255381
458395
905239
514548
456104
281525
480056
1017385
445679
436383
263465
453136
533470
478088
758633
952980
466960
1055120
463995
930633
230115
1064123
454212
473380
283828
430240
259373
263532
472796
262984
496996
1046953
240221
929576
528300
450453
953867
413216
1046404
246685
488739
244432
400447
889647
536576
1013595
980467
475121
539946
769092
306988
485184
783589
476836
1067939
238245
454179
257508
445188
531608
1087816
964860
552299
879828
536452
996654
251861
485696
520487
502439
493168
493169
239748
512096
301125
933224
273415
520364
296665
493388
1006533
543026
492268
965524
271528
956745
275609
495711
291304
485416
985786
528536
464320
290368
472524
990284
497639
1040059
470129
1041840
919928
997983
472099
524685
242315
719533
531939
484828
270564
500451
1052203
508733
1116607
273689
980588
766768
249220
543053
272252
459759
1019952
279837
994901
293864
512168
241061
483132
296664
447260
999476
282693
1008700
786036
250448
468528
1025391
527167
514785
288036
227103
219076
1098579
912232
505700
493804
517544
1003996
1050724
776148
246964
507091
919760
470637
1051771
284165
998248
794160
467161
501140
1011820
518673
981464
936436
486495
522256
1015093
587628
985319
513024
999992
251273
1032935
502145
1025480
273788
991456
512120
1026419
300852
1057635
521026
1052211
1053490
554452
463657
261084
528292
272343
502909
986641
531156
1066066
987859
299204
539368
960815
538609
1017767
1081099
1100213
539275
530760
1097216
1000284
539742
965856
572012
1068132
925191
512188
515811
937537
523175
1077588
175068
876962
482728
936096
909572
406846
963643
1012164
544692
508696
255388
477636
880096
938692
270307
996977
539947
1009568
436103
437304
289453
891375
464110
450218
903091
881721
245311
203905
981824
543348
940887
491776
402816
929211
492231
395300
755078
427058
159560
417339
501233
408368
844043
554656
1090736
231342
1022524
461603
1019649
835252
509569
1079528
241600
480996
1028860
476519
994844
1009013
1040305
458500
653644
481560
1028889
191817
830776
489712
918492
879795
533635
412616
562589
508803
537713
514517
288388
454936
938169
295780
1036295
357650
931572
516154
842731
701504
284223
547752
919346
258560
867608
475048
1106707
538789
467383
456540
301971
992647
563943
989600
298617
575081
795992
399535
958990
300349
1039751
523738
476896
250668
516791
571216
937589
388319
1050023
275227
992649
852331
563765
891049
280647
452977
907050
993119
474144
792006
405183
932840
404488
995208
685004
952385
1020995
477651
625876
930848
555828
1025040
306600
530156
360729
289107
1032348
332124
861806
280828
434503
252601
303559
309948
871395
508875
702461
976949
916210
848155
410887
569899
475742
271800
749612
275597
758687
187836
306976
919239
451195
333720
746237
662427
340075
920620
601393
377544
315432
887315
760732
356624
714412
557984
266140
365313
263609
436491
730250
179452
948033
862159
665504
379168
368869
595939
541470
701860
394958
579277
712812
392660
865154
179416
608192
474046
607567
363156
949380
328704
703275
215221
354595
145791
299136
128697
308048
833728
181680
578535
264961
405309
172465
403304
139439
490540
316384
327444
320304
447846
329148
580671
416949
143208
486876
775349
301604
224901
405496
349440
244996
234848
122404
296024
647773
123244
618403
419802
822460
493358
780986
484674
662212
182405
267840
227608
404424
230352
317260
743884
337024
850085
192744
861840
572104
358436
336603
268656
381840
382527
682051
320316
380792
500060
178377
749580
157333
559734
558873
341339
178385
520700
179948
497044
278505
316648
615668
851572
372472
384644
181420
292236
780584
621001
773700
418384
728564
352312
398872
830328
456621
377303
176729
371176
806241
295053
878519
187308
856067
291049
358956
175068
403213
519756
652071
1030328
697976
658256
339740
787288
192953
324508
187732
335407
376722
364660
442782
463399
630102
147459
973088
700644
330503
687548
882180
435260
761416
290244
311103
466218
315755
456240
401196
220077
545513
194824
331012
735545
869137
528287
586944
682660
299319
848718
522053
759423
287492
965484
178905
256512
765336
437616
685743
345964
810220
722728
228628
485480
192120
326963
942625
350583
652392
658620
409067
460800
314830
301212
661652
841464
418117
567327
357527
517644
293276
381812
346980
295679
225725
430507
270115
517108
650732
184568
639344
972227
577416
801392
187693
527953
596880
290916
383376
174612
240655
814249
388397
882826
851016
492138
518523
319660
732519
285232
554212
828559
715340
307356
787051
254336
526711
200986
341255
190152
339397
649164
509367
657892
339465
646660
191452
355649
989464
1020912
429592
872480
358116
688401
158764
279500
930728
192941
876400
211264
489154
570564
350052
821700
363700
665043
313642
970620
816080
216640
509890
735175
490543
785895
367012
730300
746924
392125
1076371
279796
846450
327700
757482
797076
272036
397155
657185
517596
863360
839034
318181
836356
506506
821968
560310
338600
195833
355320
196600
323089
966416
580166
823422
475197
672783
204073
357247
223472
294361
560847
463402
363212
249264
529228
769910
379583
924728
177577
703036
563641
206481
365569
739199
376090
727132
208596
711875
376034
766899
531704
690401
195671
177077
363252
535003
721024
205876
390000
770551
398852
301052
209601
742890
382812
755632
500785
751309
384584
743216
210892
731967
195617
361217
210684
378872
208148
365300
678676
750512
399591
710340
180508
728376
400558
739263
399840
701452
195120
325783
392519
744675
190901
716287
216488
695557
753869
435173
406036
197724
358574
184380
353772
527259
200093
371845
625037
216448
350018
721193
672349
408543
784984
803091
394596
853426
214770
379855
414269
385536
208809
347664
765118
410873
786456
384964
350191
193992
351492
208205
746347
793966
376213
755119
776089
405007
846612
750016
355592
353119
741972
360187
733775
201204
345272
392989
357088
757034
373607
662588
889860
492488
983111
890308
415027
338802
859803
289964
829513
215799
375632
201055
214437
383404
736960
749755
422596
732823
213297
362620
168736
194512
213748
416748
984440
404172
747527
209388
715371
208029
356840
604656
765125
371204
794588
395452
727959
211536
792228
402858
820899
965299
406119
373670
810655
401812
816372
408007
749372
208705
392103
1049952
401964
749871
612228
209225
383919
213832
369907
703922
980494
499800
715051
766304
418211
367656
202412
385283
783854
808548
823972
400912
737674
422670
724050
752568
777308
756559
412864
207481
218160
380911
218397
376820
733064
504952
864008
585337
207024
368020
392970
362772
183820
343211
716351
335980
1017395
396198
378548
215612
541604
313020
446088
848968
578009
749946
417666
450704
314712
513576
853719
552388
1021896
201620
794420
592613
1018379
273113
390652
226697
595060
466204
268236
434675
727449
563968
1202064
1119488
801071
590497
895510
999952
582524
1036756
278584
397939
229401
411083
231088
405292
847573
215704
812437
821286
827420
225536
399492
408106
384390
802285
391060
785679
199384
759982
1194731
1349996
2844010
1460055
2781002
2517450
663630
255956
332571
566820
359874
372137
774330
696860
414248
331172
306829
236713
702991
815532
728132
403439
784239
199505
774918
207736
690407
423683
802381
186408
789093
188964
734137
220689
342537
357808
395483
176669
381556
780027
340752
810903
580408
206140
356840
792799
320432
779736
156209
385109
563520
325852
730777
711656
426147
349168
772548
411020
696432
415661
688784
597920
531144
379288
407480
561402
775685
348619
782287
338136
757795
764314
749995
706639
433191
375352
291444
804203
679899
394472
669527
422149
692393
246304
330220
257240
321692
240878
334231
751817
158925
795745
165869
394452
166255
406000
342585
765656
157429
407190
156244
793892
702454
409767
686731
780321
331265
802323
348000
777038
375466
733524
719403
271552
345834
753872
144949
745963
343845
774591
320147
803167
689624
430224
335183
754827
172552
380284
785043
727207
408256
709422
241021
720395
577872
432933
373916
710024
150921
823156
572232
713895
418394
393959
163604
139332
571138
541224
614996
594696
174740
329884
367183
403836
178008
387777
789960
340271
778956
348174
791335
405861
721655
152448
401383
143988
398386
165713
399771
663836
213739
761886
160961
401260
149012
421731
791239
326394
781395
205193
144348
419860
332063
210505
372365
727652
227692
728507
823819
576096
421948
285616
420524
370387
752739
410528
689847
574415
237252
330051
241156
338288
808023
301060
819411
352526
759230
144837
813478
318427
788708
300587
405716
728083
381732
670287
192500
344444
387748
715647
377511
735394
313500
394060
195303
365392
782480
314499
812023
713927
412026
689336
233612
758118
419804
303435
248579
348980
746698
732527
416523
732863
798930
373573
719819
158133
590814
394127
778087
341153
815939
283990
830907
175336
398392
322084
246928
332157
366121
411577
572800
836923
338636
770851
723719
370487
728356
255780
287964
284916
718000
184624
372312
439120
282128
260288
714739
309110
401507
181040
370176
764971
363585
739956
249911
706294
321515
818533
165708
780967
365464
822824
154412
150628
430407
266480
276882
297868
542475
577320
258816
321750
256312
292496
806999
382871
748351
177706
813882
156521
767079
235551
384239
754676
423105
716367
600196
802257
728259
839589
168145
410071
156599
414061
731132
237900
701459
824927
736195
239348
330243
795271
353768
156095
555712
222283
350824
434062
394776
185496
166955
534788
276689
326692
392578
406866
363064
354649
699739
732495
430288
728663
263700
715651
720746
434551
706559
197380
364468
435248
380990
198441
401903
169855
418104
137279
157248
425741
739210
383867
833010
363680
806911
165520
417490
716885
420344
785602
231941
743935
430339
417187
716903
210532
368136
435525
742320
612872
344814
399012
579883
425326
164336
381596
338340
406195
572912
576098
827199
302572
849635
582461
703067
814427
348024
408799
758194
243000
366588
196424
130711
234325
746600
396583
735492
377349
757788
435914
395767
575732
719861
456861
681805
230993
356727
634431
611372
757092
424795
727327
257794
728335
777739
361840
813988
747006
796011
780459
185839
373825
815099
763239
428564
717733
420359
806660
364540
400919
217439
371860
440621
408091
175656
723586
256551
349872
176116
423048
728704
430723
831127
196185
411196
333451
407732
199421
377995
779592
376895
568232
847859
734099
628924
413012
409081
430742
316492
258821
335673
773781
778938
627140
759236
160988
846707
414840
761828
205597
378319
446073
398433
168229
410275
713251
858059
351779
372700
437785
377896
185068
384304
750550
431136
728904
282088
316944
590082
837308
765595
423703
777101
424896
715759
585031
746765
259150
343031
591000
240207
400346
729788
834583
336515
851164
345892
378215
775658
846195
785623
387429
865743
338560
824969
763742
773439
752880
449448
409122
335056
419112
191952
403870
444245
319036
271596
313936
801602
365371
836424
217497
295415
812964
368720
791309
391792
762427
443689
755144
178012
757978
472897
756925
410373
836602
189477
357060
577029
852528
167564
836335
396417
622835
411388
773299
611919
191292
388324
446173
417509
800066
400254
772984
323764
235167
776975
440007
675239
773639
793224
764035
431548
767063
207565
736726
623056
176140
378642
227568
335159
596824
329052
343437
411908
751319
833983
185927
328307
763515
434088
408779
333011
856023
604282
202616
390108
744092
267532
794175
154695
852374
386752
806803
734370
434477
759787
170216
760575
596720
869460
306117
787843
330899
782587
849008
829565
335536
802687
250476
730567
452970
672894
326360
769295
360781
654407
330724
460088
322895
174836
435524
342972
369586
226925
411631
177055
402212
706555
339871
650019
236512
813916
188826
628683
758935
195288
834399
657424
335636
650394
176645
669796
335944
751692
668828
789985
226948
332291
629361
431777
762171
266972
358589
673340
374124
208543
593932
174667
751361
277681
667502
506460
181208
361349
261928
328098
767035
343312
705995
254717
672251
505937
188788
328244
182528
324831
652268
346805
640835
507776
185013
316047
175908
447688
655284
176315
325372
662147
741020
362283
643995
671787
175443
497985
181164
323652
644024
344387
821943
366800
867857
354157
682023
648667
348296
660891
180685
316243
645284
189189
321680
646107
350239
638211
667363
647079
650383
333216
653658
337736
651779
664047
682411
667831
319267
322137
180576
322166
181156
319779
643384
667783
348747
658526
349797
322129
515964
348301
318624
512184
672147
330499
671151
327340
317551
672407
674334
311671
782975
683339
653943
335689
658403
183000
154340
167196
181885
320322
645304
340579
665191
644693
339615
658887
672300
333833
654851
670115
343207
663783
180812
645355
511016
676664
325575
660028
181100
320972
668070
157075
324423
654639
172323
498464
661018
344863
668219
183652
648429
670438
335032
650024
509932
353743
321008
181805
321351
181005
643530
342476
655499
508640
348777
318384
347389
316700
179505
320461
181608
323227
651476
179653
649905
341904
648882
355580
311175
181485
318187
511228
635043
341095
662687
344857
653526
341228
657539
682671
339788
161071
651979
347683
321803
650608
183320
322979
508200
648128
336616
656500
182793
649231
511776
343977
315652
509152
179660
321332
640909
339308
657941
506081
334867
309304
671673
324678
663351
512696
347535
658346
350753
666291
343461
659129
182252
648225
667972
345231
658583
180845
318471
510753
182201
322220
642540
349827
327323
659443
342482
656750
181157
322084
345605
319200
341660
659797
180897
319199
665483
351388
323534
178901
317391
344928
165772
631389
180744
650046
346720
657703
180939
654825
341228
655535
334091
663338
181772
662837
345417
489155
659599
179564
317507
352065
321948
180948
321062
180964
319615
639632
178961
646416
174347
169961
663295
511496
181377
321143
180734
344855
728996
341798
656748
185744
320959
515472
492990
679171
332751
342803
315124
652927
342687
663663
180135
646599
177943
657115
182005
322060
641443
178788
642856
654840
185648
319264
629988
657967
339690
321832
674231
657124
329672
184665
320587
626925
339656
320950
658438
180424
489944
344355
310864
181540
320935
644202
180069
679355
782336
738615
1212740
1568999
409820
803452
1622826
2022645
2659457
2593452
683831
1297124
681688
1274001
674628
1261383
3017767
886409
3580916
489908
279414
520940
135284
541248
522204
269206
507512
509976
578588
298126
288256
654920
186732
345206
669937
335208
524257
1339142
1774616
166301
168919
175036
290689
408713
276051
293332
180862
159312
109372
203301
142928
173274
83857
152040
103424
174456
352558
99788
390371
379185
111551
427035
205557
206831
94857
213279
377240
103611
362988
443578
224005
198980
494123
249612
235636
255818
291671
147057
259868
522033
588791
316039
268288
158300
282366
450868
312752
176496
309107
331214
148127
169376
356542
286707
382106
351003
520553
720085
377025
706756
812583
379560
358695
220689
368504
789667
764211
818575
398851
369452
209016
392213
803008
807973
464531
769878
200040
412404
397898
375399
816347
361328
776188
345108
745125
360522
172871
361513
372674
744784
740199
378065
760536
185332
348488
358841
348832
346706
751060
740840
196288
358274
586472
723612
747772
388053
730816
372096
751823
354058
739161
364600
387883
194584
365833
190291
733931
210708
389236
225248
726136
212707
332073
767050
755674
205179
374883
198597
360495
209083
383220
792814
397511
757639
378596
731963
667767
385039
333087
345297
292408
193100
304319
720659
295922
552496
397456
325044
308088
511047
217810
548525
178656
378718
390238
430391
239344
450204
460691
414916
450386
125108
481832
174736
391195
419464
158908
359901
386019
217904
188728
355778
420440
224760
265192
188224
451275
150163
450488
407679
215637
139519
370381
399211
222567
405508
247812
192439
134819
202469
96700
296413
232461
193375
379222
295775
225907
214679
263344
417959
168163
346595
218207
382744
110456
421448
304443
372116
186238
491208
130339
472229
117856
164887
176152
264973
341561
273457
506064
248805
450420
167097
222697
236382
231588
501064
344544
121980
192241
186746
243587
132016
235875
234848
480141
131172
225976
125040
270136
166144
183243
468772
238516
618599
167586
438512
404676
254230
184963
125745
184052
226926
185107
220733
187643
122404
195760
366270
221535
275073
406787
241892
202919
231602
198436
230396
414593
229264
424620
235097
426359
446743
134407
112385
438752
134892
218144
135712
216596
137388
215903
425056
465928
257352
473104
375324
445365
143196
535654
268829
481453
157180
243165
473353
267604
499042
275705
505096
526877
271388
506851
266500
515256
150340
515160
522519
394287
154656
253611
483653
284400
515884
153657
519397
463132
549026
539752
278099
526399
154228
253267
156409
258239
156236
262565
511225
156008
537811
297653
544840
540457
551245
293974
278296
551078
300851
548917
555833
298075
550355
583991
591603
296127
555840
569073
302729
560195
569164
309732
281949
441156
308162
271748
304738
273824
306994
274681
577711
568203
171744
280290
588644
579121
172564
138875
145960
554017
312628
590285
630271
321023
579825
305024
592247
458649
603001
294943
597293
323162
600155
170716
611157
613968
303968
607920
170101
607200
172040
293052
621354
1398360
723124
1360060
2800345
1429079
2848107
2892239
1419891
2821266
1458602
1383412
940314
118552
162620
343561
747656
361648
678937
732014
273124
749774
315261
286092
743000
310156
738842
797247
711524
763086
744492
412455
710107
711927
739880
558536
723851
346044
263834
156911
398947
729569
196956
697031
209592
142280
395007
757527
323196
722656
542500
204831
346612
235404
691332
750411
365003
790832
743593
748693
404192
699964
268512
310751
602592
302254
778012
398744
720779
377710
790831
652839
280568
129560
168624
628364
323356
235824
391701
702152
383872
805831
702214
405379
814798
709620
404071
733497
220596
384544
323929
368848
247184
311640
820953
148212
802047
561100
737078
343486
811351
332353
777184
158284
397648
193192
370287
427558
397582
407494
333704
373096
403040
220248
345306
825457
711371
385880
813862
381750
714583
600260
375071
399165
800819
180063
414947
157256
786129
168752
399200
149208
402868
198304
351519
800988
787363
350630
376276
769377
607524
383633
326884
834467
160348
823135
394843
715023
282399
302945
838369
399468
682631
788051
411352
339336
343421
822151
425880
722843
800282
440167
402680
154656
408209
566580
400236
211968
348187
258281
339979
781508
422908
816735
720367
420851
396720
151252
411431
590825
387244
429476
813332
171081
405119
426706
359163
619848
568744
580793
414488
696180
828139
784363
361433
797095
429534
760035
224540
795911
382634
735459
419730
763737
733539
807687
355236
735444
424552
736567
810803
800299
735363
425764
792699
386137
780288
408195
697451
814039
160851
643296
180808
404452
743341
240176
775443
197871
408200
742861
236993
698539
249123
347632
198916
798365
163404
407432
152272
405304
426617
392392
167244
412694
766336
372764
820650
241905
191867
838552
377420
359000
259356
402072
732680
264091
702017
421381
821498
386369
724363
846999
428112
353377
212280
410511
778748
202011
821283
158924
409007
566217
817260
161416
419888
170473
406927
571408
810185
808626
361192
768688
844467
764684
370543
836218
157590
822604
831327
358648
756679
258632
724343
833036
425408
715502
251009
374935
579609
206925
371360
765383
420235
754327
250903
727610
759524
414976
744364
794939
429443
757431
366060
842451
807391
614744
776257
344310
834695
845387
161509
424801
795728
173363
412095
760091
243876
569091
808119
347261
749144
739643
334033
374563
241889
334827
803216
201975
800342
186112
412284
732283
849291
426940
297320
281399
297876
277617
314183
755548
136515
281153
299771
741959
404776
714665
711651
336516
824092
811703
333676
731670
446474
617446
211161
390591
167287
287388
214044
786403
629045
290527
709052
850776
428568
384227
603893
437281
337592
247644
409787
162176
418018
692868
432142
816727
187785
716933
569252
276728
333804
208552
390291
663971
810370
414131
710780
264004
326047
250493
290225
730036
401492
718399
326498
842255
154433
782415
350952
836423
441770
823631
165137
831335
159512
416840
229904
359951
741923
291215
750447
314008
403759
335246
287863
726663
330555
393910
850880
808759
349784
377339
607594
387385
406253
560832
432902
403612
158923
400552
236813
734927
747839
740454
293083
738947
286276
750075
284888
305532
532506
751196
431558
737127
711584
411739
839991
717651
417747
728249
755211
727645
305744
321534
547106
708451
420759
155459
413240
403809
173138
384196
188988
411696
723639
443005
734680
333578
291159
459448
164152
294533
584902
306527
598863
161904
744234
166421
290636
581592
435417
402780
167012
411756
740371
304464
728579
255008
400728
749527
297352
400619
357112
151333
565876
304270
596299
168137
287007
164228
576556
202940
695899
145946
411715
758936
301112
593395
460344
595795
310276
598019
300356
597066
316110
582434
166057
597468
164288
150896
596183
300207
607675
598852
305339
279214
314721
286624
614747
591993
158583
576560
338495
577396
596092
308067
589960
161713
287764
162812
589392
602111
298622
593663
162972
592587
163060
287663
163669
292772
161532
287624
584203
313343
583271
305888
153279
596819
316414
578216
608103
300236
587643
317139
597400
297717
593068
463688
610199
289015
168672
291804
564979
306323
589560
598136
284116
590405
310084
291203
460724
577280
309379
597731
161624
588023
154939
451100
598110
596178
310091
597915
164254
290980
313989
136600
149472
161652
290700
583223
305912
602743
290355
291036
162840
294496
162040
287647
579352
163623
586111
162860
289141
314437
287268
310052
281541
161608
289976
162688
288046
579756
311778
581858
610927
616771
304500
587257
603200
306649
588611
607471
290600
597700
307172
602091
457865
306834
285920
588797
305103
593464
604043
310667
281691
165104
292969
587624
312769
584118
609920
161789
293328
587207
597448
296759
587322
162136
439290
308651
164898
293065
304656
286161
606167
586306
309483
593650
164128
288619
318298
289290
464712
591052
311528
284543
164975
292984
580849
304191
597468
315101
595277
164852
591683
316956
287779
602339
300482
594513
600231
300521
436734
165672
294547
317838
288762
596455
300992
291338
612692
588243
306501
589766
307111
585772
163172
591019
163397
287495
610388
316472
284650
603631
293891
599107
600966
606111
595947
602509
289851
583351
462136
599360
602772
599343
305516
153860
599691
296931
598448
161652
139164
583057
164680
600335
601845
161261
589882
162344
289470
456449
316013
594799
314238
594887
604104
308836
279113
162788
289367
577986
594438
168668
590043
167684
293825
459880
587655
320064
279507
163181
289015
461036
569348
161784
590352
310536
148948
566014
306270
591755
596231
309879
282096
164836
293859
584772
162545
582591
304612
599447
300628
593731
163576
598375
296336
591251
161009
596411
460756
161776
289035
611171
291294
596727
317262
601003
304508
596335
163212
286624
310869
137332
581478
161976
589371
599467
320085
289988
162864
289807
576968
604167
613371
319651
288844
166052
292026
585843
314068
594884
318341
602763
308134
593199
165296
294241
308168
594902
163943
290963
460244
315505
287504
162528
289676
431855
156484
152816
600547
460825
440334
599223
305584
582551
604782
298872
587419
161992
594771
298055
606675
163292
570829
303237
591383
308574
591768
162684
587547
162476
587499
161556
587487
608127
597716
287299
589919
163936
288416
313069
287180
602051
303956
594867
164253
289471
164179
289484
162308
289380
579052
307147
444206
295958
594371
302592
586450
317922
600925
461276
592133
161302
586488
314874
592382
601280
311055
595113
165132
139103
592913
161969
594649
165776
291960
306771
592295
163722
288019
465656
592839
163396
289631
605511
597715
298111
589391
308593
587119
603463
592008
287442
580755
598719
615703
291595
599615
162960
442922
309873
576443
163500
291932
303167
285419
163347
290924
582829
306319
596099
611311
159472
151697
593335
605691
166413
299071
163157
290984
578407
162488
580799
300708
594243
161537
592971
312819
309967
279040
315301
287164
162412
290190
161845
284347
572476
606224
309368
1169107
441518
857339
1409912
974289
941209
1909371
2041695
515869
971155
1279813
1878433
2592304
2684440
662057
2589516
686976
2626485
689576
1970474
2226915
1325333
1193824
1713046
2603235
3122511
2089865
1563225
558884
547620
278505
255224
132857
132349
257140
515129
279137
467850
529972
525308
288056
558724
285665
268296
555165
299463
302476
283464
582765
589981
303536
585364
304209
288593
304575
150473
581761
159496
290348
585500
581384
291232
1386722
27727
10197
17104
4913
14784
8508
17134
18516
18932
18593
12896
11975
14141
5553
11994
13366
14138
17110
13049
15882
14258
18218
21825
13933
9449
11932
11373
12057
8941
15701
15012
67093
27471
27962
29402
17560
14548
32794
20232
40853
29512
14788
23005
13896
26357
25068
31659
29758
35122
32913
29020
21081
36018
31280
41159
30667
43217
22749
37446
77165
41333
35825
67885
65182
41889
57318
53009
79249
76426
70472
42329
95045
137281
63216
43647
48136
183782
113409
199009
66537
106772
197347
142136
123380
125912
193640
216278
196380
108913
234162
119309
220845
131975
213578
81689
248897
287614
151723
297228
232542
174680
152268
334658
323052
103148
84525
330917
114397
165017
106280
162582
312092
186817
335617
154668
169768
348848
102955
86101
338080
269867
194754
163981
111709
168057
345629
183005
359974
115765
361554
227956
182985
215780
371993
307566
224952
191728
124576
193317
367698
222092
400725
319505
225520
472332
444026
240593
422573
431736
231821
431764
443849
244652
451077
139781
216532
423741
138428
454293
361822
459147
253602
462226
256448
490174
381453
234045
143640
237016
144317
239315
531322
514254
282737
246948
156117
492114
148628
252600
140084
283424
488770
282956
251125
281042
247715
396212
149273
245794
367144
282840
512717
536484
293133
249501
525137
279812
537192
270528
521496
273824
580333
419368
156360
258452
287425
255440
157700
259152
539799
532727
158796
262263
156928
258269
504832
150299
530123
301785
257560
303527
267664
297208
552037
562392
163037
285219
556173
160895
270089
566665
562937
327004
563261
164333
561865
584220
577913
303376
563148
579274
300678
570433
582716
314689
152621
569172
589209
311766
585430
589468
169369
582234
443706
561169
610899
619100
310396
589032
465165
319012
284089
323174
288096
171028
291848
571971
602952
363558
828156
309900
685097
665461
350037
664279
348040
178497
619884
287603
677817
712182
517362
670446
361529
696738
186700
332400
187633
335852
373246
333928
189392
417880
691081
354520
689110
185868
684424
186624
333225
534345
687746
685983
358987
690403
187824
330549
699256
685772
348719
701158
638242
1171187
2242179
156982
8657
10888
9631
5776
13781
7737
15914
10399
14817
26917
15717
14161
10321
20688
27320
41153
38195
14188
6502
16369
28345
60418
31621
32499
40865
41636
10989
16620
13586
16704
105377
79695
75315
119405
82233
54703
177502
121771
183285
130704
92041
139600
115786
65482
46033
63101
15804
16201
70225
35945
206885
117368
173485
186146
176824
122664
97109
60364
269165
47225
17990
85199
18825
34665
92428
44583
42507
47717
79424
39301
25177
39810
58388
62918
93006
41133
44564
127193
166775
122194
202092
134173
207767
71101
98094
70151
96258
69920
196886
71520
104650
124173
102685
217769
117520
221364
78275
165710
230087
213691
139681
253874
149076
295221
165540
167032
141608
95261
151766
96833
385171
195055
106766
330923
124973
162949
267735
337339
174391
329809
338854
181933
467055
400674
364157
113833
350829
279490
349013
203086
361273
116789
179108
384105
475533
390945
416306
413597
134554
198108
318724
127577
201316
126628
198125
411091
235955
414325
416278
234894
419309
231293
424424
131269
436093
242638
441125
134433
441717
450560
252275
469553
141828
227945
448230
140600
131389
263601
458546
143203
234128
261780
233709
505010
255576
513602
155269
243016
510472
254800
513668
277384
514088
518297
276440
516828
520888
274721
515648
151609
512208
403937
520991
278739
524630
285146
531733
268512
528911
281789
256264
154269
256499
411504
500176
154024
530454
156180
257996
294356
257268
534579
156820
259895
157488
261331
295346
517160
291005
544123
159556
266189
295598
261056
160753
269556
557908
276947
555586
162361
553347
167587
275237
522830
296220
594035
303334
570985
300372
565705
165328
274633
307539
534453
307748
561411
302009
585352
309530
437778
297652
575061
303667
576729
166533
573944
312124
274644
311038
278584
310243
549105
585728
305824
579692
166775
584765
597385
303439
589725
317290
600313
285504
171629
288044
972744
659837
788237
370913
225908
370936
339748
190649
344272
189659
337268
720715
199945
605345
688817
666840
373647
340548
368009
338680
191356
343136
378130
709940
192588
345968
195908
352752
711302
342251
703121
191608
712120
190448
341356
336604
363912
340146
190517
340992
188137
337596
685848
364986
721387
358639
717166
191952
708826
365849
781999
2016541
2599059
514471
528297
935406
14137
7505
16844
14711
13489
10362
15929
13849
5516
5785
3941
3916
4128
16772
15132
20969
31211
17589
17818
15121
31149
23613
49031
32152
37982
50189
90900
32597
26018
21430
18602
24878
15325
9125
59915
12452
19913
10284
25381
18313
26101
29242
22536
24105
19897
22705
25404
34249
30894
30632
30093
34795
33266
37641
26656
31313
30552
20240
39278
98097
29134
39017
27718
48816
36815
46904
83061
64822
96360
47165
107682
55556
69924
148770
197469
123605
94800
69572
96065
179949
121620
211579
219157
126656
220366
75161
215572
302475
144616
229912
230581
194445
148957
273868
166370
295196
303369
180201
155276
103920
159536
349495
192235
331776
106696
331939
179116
330596
338064
192220
337616
434228
202312
349133
113564
345986
113057
168876
113040
168957
278813
168096
373969
202820
376524
305977
120557
188564
121684
190333
313569
190816
123832
194572
314878
194160
123821
195042
126723
198144
380868
423177
241664
423997
487181
343777
326682
443699
134135
446040
455638
453808
142841
456733
260690
466778
138655
341970
477741
141064
233087
141381
233975
376880
462255
146356
492813
508181
264365
502587
182457
516571
152072
250129
519724
271391
513672
152620
251008
407205
387486
526567
544949
541960
282380
255647
157361
261021
287158
255712
154852
511281
537315
279988
524705
531597
279506
533494
187961
540252
300936
262068
547079
160341
533773
542577
292405
254312
296290
261109
160332
269405
527069
159017
543957
160387
268248
160640
538789
569420
294855
560389
162369
555643
304359
559864
303478
428134
592869
169468
563288
573405
312773
577213
307834
564143
580567
298020
439313
450414
570185
297032
579904
584544
309953
577388
165833
279960
587922
297011
576361
588217
332642
604957
171449
591808
464609
619830
175865
295372
465700
292667
466640
694663
650402
717585
360419
698338
187249
333424
718259
334113
349484
417547
507737
646292
664904
2591035
539795
333041
439145
91837
51877
164260
