2329628
19237
1557286
4110004
2201429
9100375
13686019
6398931
17166268
5282594
2605586
20388141
21484902
15984728
5595052
21808361
22183973
22099942
22247597
21689679
22042741
22843070
22345958
8114655
13928262
1698827
19867904
8114376
13422754
32024985
8171778
15491772
32012039
30706570
8150704
31241745
8167232
15439428
32028138
15806029
23146598
15210754
15250910
8064257
24074422
31557035
32032135
30789003
16200718
15582427
31750119
16099491
31612249
32024380
15481208
31274136
15895682
31378696
24186399
8171122
15618449
8183974
15372918
8210977
15460095
31160824
8156145
31037214
8197348
31213982
32025942
15934657
31314621
8200314
31357294
8185954
15423903
24154281
15484831
24166795
8051524
31937761
15513746
31283726
24147342
31971654
15888138
31758347
32033233
15516006
31255200
24189897
15605419
15162647
16146575
15454415
8169919
15463958
31237321
15899454
31743378
32033548
31742363
15336629
24133758
31320240
15894554
23725591
31743561
30891588
15843564
23459544
31743118
30894157
8104150
15476835
16218567
30531655
8157884
15786428
16165493
31390391
8175607
31260833
8171938
31256610
30773206
24177197
8157211
31408181
32036413
15479944
31292220
8161631
31391389
8181512
7274586
31346571
24171279
8060763
8043163
15547235
16182700
15364507
8161403
15500247
31145182
15874310
31725625
24192997
24102026
31194431
8177875
15357589
8161395
31371487
8178269
15459316
8154140
15510534
8161322
30937014
32041246
8173414
31236412
15539039
31740487
8199469
31425605
8189601
15393325
8172268
15604518
31950840
8190827
31416027
24142935
16148208
15565944
8155898
15444982
16150393
15400073
32026181
31236059
7767922
8057116
31423074
15643662
30914851
16171355
31321027
32051359
32021331
15895274
31719258
8185975
15317557
16167920
15504622
8160961
15435543
32023640
15543591
31760246
32031181
15892147
31461701
8204086
15395003
16099680
31388377
8149918
31396576
24169474
31255672
16160650
31345404
8170374
31338315
16208287
15681413
16047543
8085285
31184047
24163197
8170754
15460302
8153081
15503123
31163443
15881525
31759840
8183713
31457725
8201603
15321698
16170757
15509820
8159800
15442579
8151143
15506045
31188723
31698391
15858100
15479870
31209844
15920431
31313103
8175156
15356381
31363199
16185790
31248103
15865046
31323189
8167514
31310799
8171091
15488331
8166103
15430057
8156987
15518811
31173807
8173448
30912978
15566861
15162969
32023840
15470887
31722075
8185324
30735525
15496804
31649258
16059174
15876997
30990229
8167871
15476142
24148269
14678644
16163631
15603359
16189332
15328311
15642427
15303910
24154880
30526733
32018289
31749534
31437422
31734319
31272478
16230215
15309126
24181496
31279008
32031920
15454048
31384491
32015858
15899435
31645034
16190063
31346548
30958266
32053077
15389492
31341776
15547472
31429860
8189834
15375790
30781412
8170578
6975174
8180822
15075127
31477713
8187993
15348241
16154634
15528191
16164578
15382612
32033370
15333365
31419612
8182466
15415752
8164070
15508482
8168579
31282497
32027698
8160390
15803321
30551227
15885742
31642858
15342468
31781268
31491319
15609165
14988671
16173163
15455304
24099478
16201652
15307167
16179881
15445374
8188391
15382797
16169581
15596796
8167886
15405729
31328757
32024772
31776028
16186817
15587790
31730779
8157724
15470017
32026110
15422419
31350934
8196528
15344406
32026947
31270114
24097128
30924978
8161923
23189132
15599912
14935207
16163095
15478928
8156366
15462474
23314149
32028946
14985351
31483360
24195171
8175419
15510194
8182798
15452138
32038399
23537633
16165114
15419333
31757456
8192543
31459087
24201760
31366681
15575739
31225092
31392091
15944794
31429277
16054760
15352322
31717758
15590303
7426186
24068799
16198978
31417279
15334668
31745323
15569782
31322730
8177520
7258801
31369284
8211384
15126098
30690335
31724404
15701072
31377532
16159860
31438727
15142457
31637205
8186947
31393286
8160135
31326359
32025556
15899601
31318312
8186969
15383290
15624427
15314014
8170471
15479846
31197294
31774241
16199967
15322728
31763185
16243855
14963543
16173203
15449130
24081930
31590529
15861084
31343566
16194528
31393131
8171243
15506721
8165049
15621547
31103650
32031518
15901326
31418771
15522522
31752613
8189619
31425159
8228493
15266534
8158445
15519322
24119616
15559885
16153988
31164306
31719140
15880175
23455798
15932745
14994668
16168571
15588179
24131911
8192885
15347318
8163000
15507078
16169493
15384250
16159735
15494790
8160040
15425983
31307985
16168136
30894898
8184367
31407640
8185235
15427760
8171352
15500076
8165828
15414926
31295303
15878758
31705985
7201406
24087185
31758346
8186936
15406941
16122122
31585465
31332480
24019702
31672411
15406423
31398748
24128987
15572145
15266062
8164357
15480808
31231337
32043861
31778703
8165624
15500497
30634680
31731390
15869077
30634618
8166914
15496409
8159465
15475606
8166129
15509383
31180614
15906359
31743976
15585302
31205070
6865293
31913044
15868883
31258725
16170204
23345618
15887280
14941940
16159030
15468776
24098248
32029162
15465934
31239095
8179530
31288731
8172934
15501383
8175561
15428286
8159518
15513437
31197212
8159589
30977960
32034101
31372768
15869983
31266896
8170137
15476606
16175115
15398734
8177343
31264499
16149199
15236239
15538118
31622858
24187719
30546450
15862249
31668685
8186537
23412958
32032412
15849287
31760687
32032410
31775723
15593784
15252382
8179296
15455116
31212717
8181919
30933251
8195064
15328625
8179696
15507327
24047386
30526313
32023761
15870109
23315632
32027797
15742889
31729570
15568002
15886341
8170581
15605131
31112843
7742944
15440435
15825093
24153953
8105869
31207308
24146815
8186817
15463163
32025451
15508667
31758256
8189990
31460288
15339268
8164354
15586510
16159084
15365456
8165638
15504790
31157014
8166259
30995475
24215914
16132788
31136820
8045275
31386187
8139038
23806879
31951229
15771552
15849571
16131204
23581102
23963498
32023805
31708818
15873020
30698262
8155295
31323076
32019058
15901124
31354326
8179865
15378112
32018925
32029084
15845916
31768009
32024694
15880611
31677555
16185796
31383108
8071449
31337959
8166873
15512014
31219835
15936365
31755206
15912551
31748954
15909566
14958526
8171009
15369602
8105615
15498933
31150099
8157713
31007846
8189023
15364074
8165278
15479953
8171711
15424619
31321942
15866677
31634679
15577800
31227386
15645760
31760850
8196898
15341057
16172844
15494101
24161831
16182592
15540347
24080337
8183514
15364966
8163281
15500670
15155860
31730658
15892758
31287054
24043025
31305048
15437695
31350469
15623353
31725248
8172588
15461003
31379175
31454791
31767360
8200640
31465026
8197316
15375208
16162468
15508017
16172569
15358244
8172423
15501352
8179487
31245632
8159496
15523329
16162745
15376363
8166770
7379291
24083406
8166812
15381912
8178712
15502245
24112716
24152093
32025306
15528603
23269141
15860352
31016492
24184097
16174546
14685360
8171975
15464171
8164457
15413588
31280140
8170928
30930689
8189672
15335132
32035080
31192128
15541372
31294206
16151906
31390894
32025540
15913835
31303494
31270429
15874440
30680111
8156852
15486445
15666430
15419761
16156321
8190982
31221083
15641621
15278980
8188894
15329571
31357387
15871528
31622519
31271959
15627533
15046541
16116016
31604713
8176106
15391023
32035449
15346887
31429712
8202524
15470028
8166102
15486667
8178403
15452651
31241685
15860867
31720674
8183600
15413189
15356553
31713617
32036268
15911137
31470379
24192372
8176265
15413613
8172180
15390185
31317725
8166352
6925739
24044789
8178937
15351762
8171623
31355741
8166324
15412577
16153181
15520299
8176312
15393528
8169270
15516501
31126964
8166884
31002431
8185687
15349381
32026160
15336876
15808483
16161832
15207413
24199851
14566019
32061517
30743209
15635069
31353887
8159518
15453933
8181802
31440635
24208010
7484978
15392336
15487881
8170771
15548425
8071719
31907326
15598643
31245747
32035566
31244157
31357770
30715440
15482745
15773265
8170721
15600979
32056407
8161884
15520725
32036803
15471520
31765986
16196954
31415804
8212490
24079010
8190442
15721317
8182154
15538375
31961752
15940218
14972311
8174294
15606932
16062886
8074175
30529147
31722914
7767035
24110715
8121478
15354570
32027027
15309894
15879126
8184284
15342617
32016558
15341058
15868006
8186931
15496693
16168450
15364588
24146210
32039477
15443083
31769169
16201152
31473963
8174076
31432194
15613785
15466895
8167944
15471051
8065652
8080809
15282321
8165196
15515055
31146883
8169704
30996281
15614800
15459696
32032690
15480652
31255865
8186365
15409487
8181416
15505246
31222156
15904645
31729466
31442563
15351917
15751993
24147356
8199199
15359646
23352165
15872602
31708655
8160172
15385750
8173623
15568829
16053454
31930374
31372458
16075743
31347483
15907954
31430014
8198903
15403206
15398738
15802238
16208394
14945289
8081252
15443965
8166038
31251232
8164810
15518037
8174376
15390068
31296894
16148749
15382234
31481239
8198035
31439105
8205696
15359918
8160206
15513621
32031941
15502850
15800493
8179559
15554955
31092571
15890404
31727596
15400602
31754669
32032321
31783550
16213854
15314916
7762379
24048237
15640449
15047031
8154569
15484891
31251832
15911282
31756839
8191426
31439536
24207804
8169916
15652380
8186560
15364103
31323697
8161495
30895218
8196515
15311944
8166028
15517741
8159189
15389742
31309521
8174411
30914637
24182343
8165415
15561061
31964921
15890644
14946790
8153885
7391279
8132968
31099363
31727034
15893758
15448812
16094213
32032298
30598858
24091954
8198473
15488218
30616397
15872987
31695296
8190230
31391686
24148745
15695037
15328225
32045627
15640354
31744148
31459680
15814284
15380683
30809689
15873344
31571580
15496435
31753696
8204730
31473540
15875562
31235169
8160795
31271242
16115333
31610510
8166690
31408227
16175766
31331372
31285611
15593664
15170622
8171450
15458676
8161642
15489379
31208031
15910106
31737126
31759238
8180440
15508413
32029655
15559536
31767849
32023056
31750481
15628144
15585992
31717915
32038836
15313761
31423507
16151409
31704836
31197206
15856473
15397924
32032724
15619132
31747385
8183284
31396797
15869544
31214421
31453729
15908371
31441938
32032922
15938029
15309195
8168829
15620060
31071926
31707265
7768220
31901930
15845701
31460484
15569836
15498312
8188381
31195626
16158712
15212896
31397859
31573236
7779057
8089320
31405692
16200024
31737962
15855437
15720462
32031033
15874397
14973989
24162192
15458367
8152118
15488303
16158064
15491784
32037828
15421559
31735165
8195298
31320113
15523021
31378263
24113568
15815105
31446313
8146587
15381385
32036810
15295191
31404028
32030160
31370679
15583531
24070269
15825532
31763316
8192345
31384621
15351565
31759696
24202182
16208088
15328680
16161405
15495376
16155445
15460153
8161344
15488381
31210627
8147847
30916740
16129762
31422312
16183317
31342218
24158380
8158370
15533822
31975998
8187531
31369789
15396223
31762898
16196209
16216848
15300454
7770831
31922365
15914563
31728435
8174950
15442989
30653045
16179738
30905534
8201482
31403245
15341924
15160447
8162995
15485479
24157821
30539131
16165660
30913809
8206233
31461829
32032215
15480852
31273093
8155224
15426524
31941852
32024854
14848561
31386117
15592279
31051858
15655515
31705148
24203391
31448655
31462658
15860826
31365895
32033152
15925002
31390932
8207165
15295343
16144565
15525845
32042494
15492206
31313399
8174492
15535448
8200527
15314389
15560094
31132955
15958423
31759762
32038483
31775667
31440218
15287167
23665213
16183009
15768909
31747616
8133661
31436642
8178309
15423050
32026998
15328343
15890827
32028644
31447779
15929216
31445564
24075835
16199864
15364674
31720649
31360864
15927390
31398513
32012891
8142786
15815423
8091752
15509851
31217516
8158263
30940212
31357363
31705587
15614984
15081853
24098883
24182276
32031790
15297584
31461708
32024944
15584810
31258146
8172078
31343838
16167911
31286271
15483083
31709081
15645421
31258136
8175688
15473464
8148741
15489760
8150543
15509758
31205838
8151180
30946748
8191561
15330216
8160876
15576996
6852423
15890559
15330917
16111589
15493513
16206283
15248336
24163279
16163703
7273786
24081310
32034340
15334429
7438975
15495222
15415136
8183789
15315575
8153747
15505089
31179093
8142003
31020572
16175573
31410135
16185903
31343712
16147230
31330649
8174769
15468939
8171221
15485154
8178339
15458014
31237156
15900290
31735437
8187074
31481474
31218979
16198880
15302531
8087211
15846487
15004674
32026267
15633811
15758131
16068979
8207926
31352262
8177756
15404095
16167630
14569501
8180936
31235383
8172901
15498856
8178335
15374197
31323463
31765459
15587744
15208255
8164645
15468646
32017764
30565183
31427409
15666083
31312621
16174588
15382327
32017675
15881055
14869283
8172218
15465698
31229943
15924600
31709447
8183118
31434283
8214147
15297352
8091702
23528157
15266842
24064651
31205035
31413674
31037903
15887311
31379918
8190219
15374286
8169650
15508332
16178732
15349044
16161907
15502349
24158571
7217985
31380645
32022991
15464548
31317706
32029083
15421611
31484478
15653049
15341443
16153753
15489447
16123223
15364133
8173381
15368086
8161034
15520815
31180749
31657802
15845116
31429307
31440420
15915581
31461301
15328271
31757404
8201243
31389226
8213497
15323381
32035869
15387238
31354632
15598583
31632388
24180479
8172048
15529823
8158075
15407917
31323433
15855949
31683431
24092486
15582239
15176442
16056498
15428838
32012206
31607016
16173695
23375508
15872661
14974737
8163207
15480366
16105112
15412638
8177344
15336623
8165074
15513470
31137925
8148991
31011656
32042207
15522922
31235734
8169651
31387494
24151352
8161079
15515039
8152424
15454996
31284000
16158570
30901469
32014340
15910062
23439821
15924055
30930547
8167644
15595120
31480935
31722060
15507626
31769103
8192492
15330239
8165213
15502841
8072265
15408231
31289873
15863970
31670943
16053543
31343418
8206243
15231078
31321086
32037960
15480746
31242781
15591282
31492695
8157352
15516955
31207731
8169510
30974492
8247196
14891831
30559707
15746549
31728359
15326377
31441148
15612067
31759823
24192440
8166178
15470562
32026096
15410650
31753498
15582690
31735733
31378087
15930256
31284842
8183635
31268451
15478670
31480841
24172414
8206740
15317140
30774858
15915728
31733648
31254969
8170315
31278231
15917215
31361882
16174074
14664507
8175009
15569505
8122770
15353068
31380652
15861114
31678177
16148877
31371499
8167221
15522669
8078171
8032159
15428406
16149386
15505021
8156214
15408870
31300208
15855062
31706007
8170028
31406306
24158024
8176337
15480389
31308472
16162355
31255832
8161377
31292134
16148929
31269412
24149491
31240651
7535255
8088389
15155387
24156870
31326527
8102001
15753427
31331468
15602099
15152404
8045204
31929276
15369065
31312823
24076409
30891267
15924690
31363178
8217615
30824928
8189506
15364343
8165433
15508687
8170049
15396112
31318456
31734596
15914786
31393102
8180422
31267631
16174833
31201425
15932033
31419587
8169339
15395964
15390485
31693766
8190398
31267012
8160660
31258112
32021953
15274600
15840593
8165051
15605100
8184425
15369801
23371132
8158380
15783433
24154793
8166231
15541490
31181804
32020762
15784697
31448568
32030204
15468094
31264892
8183369
15358977
16158531
15493845
8169833
15463441
31257180
15877180
31708160
15607620
14991107
8069010
15455924
8161280
31270589
32048847
15342628
31429547
32023321
15494361
31254863
32019164
14776013
15913275
31728864
15558976
31294951
8187054
15343219
16179585
15491199
32031769
15465684
31283692
32039082
15508283
31251372
31735527
16208549
15320555
31751653
8076961
31443626
8214169
15291315
7744721
8213124
15326175
30769594
32043099
15894090
31359368
8194531
15336637
7367980
8093558
8168813
15434430
31296551
16170845
30888006
8182342
31409203
8182240
15425000
24152017
32033067
15476215
31754253
15582257
31753716
8189637
31425509
16167811
31341478
31768220
16196432
15497266
31727305
15378859
31730904
15629176
31616125
8165177
15393867
31272413
15819413
31334994
24137113
8152796
15376535
8163762
15480607
31204496
31734162
15890331
31410392
31248349
16210293
15324841
8166500
15502098
31203276
32026536
31750066
15367814
31411529
16196281
31438648
32028067
31749902
31380991
15903097
8133372
8160208
15811836
8161960
15547103
31180072
15945099
31757317
24185636
8163093
15435012
16158486
15394441
8144421
15522559
31971655
15411768
31765331
16170034
15512605
8164332
15502830
8169777
15483261
31236662
15909993
31739314
16172374
15660613
8195974
15339679
32039151
15516898
31764322
8193373
31444797
16200837
31390349
8214063
15524130
8134699
16168257
15849856
8163829
15564837
23127428
15895656
31770583
32038289
23479606
15328217
31498287
32060919
15930264
31492313
8195866
15320741
8166472
15497546
8165145
15402020
31307009
8148019
30906175
31440917
31755713
8197898
15324966
16158331
15513043
32030638
15501223
31264713
8260867
31124025
15631027
15092354
31980110
16225436
30761317
31500909
31592591
8145649
15831303
22676280
16181037
15321385
31487227
31889540
16174351
14887310
15774337
8191683
31312450
32060790
32023096
14738311
31734797
8196799
31445904
8169982
30517526
15897129
31752848
8180712
31446743
8160319
31390676
8150698
15439475
15652600
15382714
8171894
15591736
31112467
15883953
31761840
24182229
8177716
15411896
32041565
15485843
31314089
8182846
15437668
24157445
16217296
31136831
31979025
15863703
15804858
32025843
15568689
31737188
15935489
31300538
24157853
24149492
16210937
15475819
24152469
30582255
15942713
31728215
15372255
31473176
32057027
31423264
31762071
16171062
15432767
14985084
31719826
32022991
14738289
30906168
16214105
31456765
8192148
15325825
8177095
15506289
8171705
15394346
31311315
8164830
30920475
8053731
15520798
8161845
15625484
16167909
31228300
8153348
15497545
8155841
31298495
32027079
15338169
31423334
31452279
15880878
31492095
16210216
31136812
16163512
31358089
31770142
8195329
15483455
30615484
8165876
30917704
15905990
31455420
15298731
31727108
31463497
16177720
15305570
31750153
8193075
15335709
32042644
31178613
15555107
31321733
8199911
31455137
24172923
16164340
15625215
31984627
8136952
31048260
24106379
32022610
15397259
15835528
8156954
7458952
24025284
24190118
24160418
24103332
8181238
15377271
16154233
15521853
8162981
15401563
31303554
16154950
30871965
15582705
31489749
16199718
31434753
8181602
15436439
8153131
15502637
8164481
15415594
31312161
8166003
30938636
8179969
15378119
8158938
15478328
31967303
15365692
31743777
8175370
8083320
15861058
15026558
8177888
15490028
31122871
8131431
32024169
31658998
24095993
16211386
15458496
16117652
15495491
32020202
15629096
31243829
24153974
8173127
15502154
8172175
15458696
31206933
15898351
31747371
16208124
31462561
8191134
31438492
16182214
31390053
15868184
15376445
31430010
15720251
30787010
8191214
15362629
16054691
31942589
15941787
31210669
15583539
15153555
8068776
15423598
31232741
15932019
31726500
31445957
15340970
31452816
8191940
31416659
15685342
14939999
8167357
15476816
31204966
32021957
15880746
31294645
32025875
15489516
31313804
8162794
23334853
16197575
31587585
16161183
31179509
15574531
31754881
8185262
15452956
16135027
8179654
15598509
16163188
15383501
24098257
32034148
15659338
31248581
32032795
15371194
31373119
8184770
15475106
8174497
31339766
8173770
15452791
16177452
15452033
8177071
31305627
16169586
15472083
8172632
15467497
32029576
15493208
31764304
8092402
31426093
15328368
31760479
8063381
31934722
15266299
31265682
8162463
8118090
15866169
15028894
8176457
15587348
22950161
24193106
8182425
15546698
8178633
15384993
31325504
15876958
31676573
8164113
31400189
8175141
31353350
8183444
15457362
32022677
15375575
31398818
24144182
30589651
32022466
31771975
8113923
15504518
8178347
15489168
31197814
8076364
30920276
31343221
31745731
8140090
15325785
32036032
15315997
7432274
24066268
8206999
15323289
16171442
15508345
8156440
7295584
24087920
8176262
15515571
16165413
15387996
15505860
16159439
31247529
32026167
15359178
31413067
8202489
31412341
31169369
15856398
31351858
8257490
15071058
16128317
15102934
8176214
15391392
8170213
15507764
7182339
8155943
15814725
30883398
15874395
31663933
15622393
31756382
8156674
15389514
31163062
15898488
31772420
8193214
31455526
16232721
16173172
30960162
8167859
15377270
16164633
31358336
24169673
15591917
15184320
24139546
15489468
8165805
15501760
16119792
15483519
24181970
24152257
31205563
15896712
31424190
24037594
31347312
31277842
15923133
15427651
31942537
8163832
15480466
8169174
7371085
8106147
31169352
16183406
30914544
16192618
31426378
16173356
15543936
24164752
32024056
16212916
30598982
8185473
15402818
24156467
24155353
30564767
15887957
31706446
8172586
31369994
31239434
15881742
31447012
31316722
31497147
31707303
7326844
15867403
31570974
31430525
15789174
31400168
15408281
31689887
15622813
15083471
8179664
15450807
16154796
15466147
8160779
31339434
8168060
15475408
8165246
15477575
31222769
15928897
31734630
8156101
15525170
16185793
15511615
8178495
15393088
31317063
16166871
22896748
31452187
31671987
24100356
15608806
15146049
16180337
15436259
8073977
15428854
31210814
31773967
24132859
31146212
8175166
31367290
15877830
31273464
8179730
15476608
16166429
14685370
8160757
15516137
31107589
31716632
15902235
15362202
16170485
15631070
8188436
15376384
31346469
15862443
31641701
8285998
14748688
24198578
31440748
31465570
15913892
31731632
14664872
31053492
24157927
31357477
8289218
14771790
24158185
8170833
15540613
31157979
31729740
15856246
31424766
14773780
15439383
32030520
31200394
30893821
16189634
31455343
16192672
31474037
30688435
31118424
31423025
15952567
15444634
16118200
15634455
8190752
15327219
16166538
15488832
8167663
15264108
31267097
15852606
31670463
8173448
15430856
31023976
16176592
30954210
16205559
31409889
16194374
31379350
8170937
31367186
16170351
31348785
16148355
31340641
8169157
15473483
24145468
31259061
8165153
31309733
16166855
24110537
16216854
30745108
24112637
8172899
15517601
16173403
15459575
32055354
15487800
31733023
15596410
7412868
31884172
15945898
31730330
31470482
31751621
32032474
15616058
31233581
8180694
31264462
24152812
8160068
15504317
8175987
15476259
24161084
15417036
16151424
15512627
32025413
31316132
7309930
15846379
31622487
15421589
15756724
15373409
31747767
24163285
8166425
15417861
31103696
8163272
30960088
7397418
31370562
15885693
31409919
31318811
15899133
31356234
8176730
31354260
24156475
32029804
14710059
31738169
15614414
31763062
32034016
31742825
15315180
31760429
8188619
31415348
16189191
31371735
15346393
31757139
16201287
31435943
16057463
16155608
15829577
8184965
15445646
16119462
15539423
8202070
15329828
8171316
15510338
31130025
15863941
31751445
8200493
31447160
8272035
30613848
31463495
8190168
31435922
31680750
15552644
31749789
8182398
31424814
15871326
31239352
31450130
31730458
8112531
15310645
31081515
15680276
31340843
8160951
15337196
32028067
15380387
7396312
24061907
8177306
31256808
8174235
31247329
24163915
8161669
15460137
8160027
15495915
31147768
15927677
31743625
8202759
31446326
24192744
8171556
15631422
8160056
15387710
31344005
16160940
30901539
24185757
8126104
15340620
8160024
15607226
31085316
7736253
15380803
31640362
31357843
15914509
31268201
31446939
7758982
24108545
8162945
15640340
31092451
15869888
31724914
15399827
31763828
16185387
32026254
31197686
15840189
31368254
8199317
15325436
24155145
8163295
15427973
31320306
16170443
30869475
31727361
30775920
31297762
15479892
31271024
15544718
31356403
32042421
31737830
31619847
14899269
15704587
8158622
15510069
8159025
15412538
31303512
31725003
15899028
31399528
16164881
15497385
24150210
16159244
15519832
24096098
32025664
15650532
31212260
15055905
15230656
32012468
31753404
15007935
31724892
32040135
30747272
15435196
31358937
8167371
7368218
8099283
8172645
15458202
31259831
15864428
31695278
30649634
15862163
31517382
32034803
15504248
31266024
32032891
15897384
31407705
8181489
31273684
24157151
32021717
15652320
31755627
8159015
15515514
32025850
7330265
15423438
31613457
7463878
23973723
31753950
16184473
31455154
8178287
31101158
32034443
15611439
31188882
24156911
16199826
15481574
8158379
15530084
8160646
30972646
15863848
31339480
24148917
16163726
15505955
16163750
15403712
8168549
15505209
8156131
15430334
31278008
8156797
30909972
15932046
31397886
16162419
14690219
8182013
15328254
24080980
30561432
15865475
31737026
16192187
31412649
15562681
31252817
32020385
15852400
7421999
31939055
16186776
15128625
31333016
8180347
15340895
24153056
31184979
15533864
31696921
8208314
30813517
24151969
16161690
15621797
24160205
8168610
15629688
31100374
15873629
31710399
24178951
15480011
15138033
32030620
15459240
31758947
24039942
15938363
31486069
16065472
31462637
16192512
31438016
8191668
31254358
32025686
15905419
31304396
8192035
15416278
24157595
8160781
15436121
31307655
16160519
15389825
31450609
15661206
31301467
8167079
15419101
16158602
15497648
16116312
31622940
8172704
15436698
31969495
16153284
15811754
8173207
15508624
16053348
8057459
30546468
8162571
30948658
16143030
31717798
8186259
31401717
15859571
31210691
15536956
31752370
8177334
31425524
16191815
23402109
31262856
8171800
15525184
16159518
15382539
8171135
15496507
8153803
15412595
31301239
8169080
30908146
7767355
8134420
31485078
24173960
8076745
15574389
8155507
15418318
31317706
15858144
31654977
8158102
15449538
24177235
23415109
32024813
15843497
15615854
15231975
31645943
15898777
31751976
8188265
31443912
8184427
31394622
8160478
15556322
31154759
8163007
30972287
31366504
8184541
15393627
30712408
31702262
15653892
15404120
32020984
31348727
15916912
8157458
15553449
30510887
15755922
15326063
31758852
8182519
23461108
15903912
14975958
8178535
15333874
31355577
8167122
30928125
16184794
14674894
24168869
31427920
8162469
15528341
31158824
31735884
31722681
30823120
8202136
15494851
8225184
15266825
8232518
15322581
31155017
8110241
31425970
32008098
16134189
30941635
8162044
31674798
30701407
15614375
31407073
31135666
32016517
15877549
15368702
32030588
8143570
15826581
30586183
16153810
24146363
32052482
31314401
31553398
16163391
15287907
24146219
30615304
24217606
32019664
30426093
23893093
15790262
24141306
16101798
15531900
8151954
15408293
8137617
15496598
31200577
8083738
31021042
32010250
7415742
31710561
15265962
15861972
8151226
15559326
31227315
8141520
30948398
32021787
14747911
15778702
32009432
16160887
15819499
16150656
15624740
8170033
15424311
31324936
31750866
16204172
15388217
8147399
15535459
24085594
15461569
8152538
15499667
16150006
7296851
8120403
16163875
15484571
16148657
15472293
24104031
31214698
16157957
31262244
31954834
15866260
15504491
8170014
15544816
31109867
32020299
31768677
15607817
15205492
8157923
15468755
31229308
31731717
15915956
31426016
8176653
15396548
16151405
15520218
32031354
15484842
31266125
15557589
31591655
15844191
7307061
15502142
15034455
32026767
31319739
16101337
31049943
8170133
15503033
15168141
15899229
15367074
32031694
31433916
8176530
15409841
24165619
31244396
32024307
14785526
31374032
15482889
31597945
14918793
31753466
16157800
15839572
8159112
15618408
8181367
31285488
8074050
15560613
8176068
31270111
8172496
15488262
31486956
31753265
8178555
15349105
8076293
15452278
8165818
15411295
31324730
15774724
31670708
16171654
30670148
31771539
16200678
15474596
16166251
15507631
8156354
15486380
31256954
15826569
31714221
24164467
16197072
15331549
32017921
15508695
31753653
8171392
23435277
23785706
31897834
15869080
31349152
31455667
31728605
31429262
8090035
31713945
15488279
31336196
32014453
15840166
31424551
31760914
16182981
15377435
31735016
32012528
15924004
31417124
15408450
31718449
8185676
31434117
32000993
15596607
15805014
32020667
31241278
15625899
31328372
15587174
14995664
8159857
15466453
8143809
31341750
16149975
15475349
31958984
15732258
15148980
15336915
15461659
31605061
15489121
31704193
15545593
31355123
8138890
31348904
16159460
31225383
16131056
31337201
8146823
31303317
8141133
15471528
8153584
15420822
24138221
15514139
32003048
15489135
31327648
8164754
15405998
16155672
15490174
32013812
24123931
8137113
15483072
8163337
15478102
7241037
16141553
15839773
31749579
8063753
15336275
8140254
15528037
8154909
15400293
31350776
15863608
31704356
8157411
31357480
31763560
16113441
15509755
8142383
15505999
16141228
15432743
16131561
15491868
8140439
15463042
31338846
15845838
16138015
31335485
15609875
15081689
16133514
15485425
16090724
31641665
15826371
31374302
16029018
30722522
32009363
7765906
8062316
31427770
8157643
15425499
8135183
15505605
8147151
15441696
31340440
31738017
15883952
31376417
24140673
30646133
8142245
30995150
15842407
31308260
8175707
15464550
30716722
15860412
31733256
16055429
31416284
31429808
15791997
31444664
15400805
31709153
8160171
31353854
31478738
23744943
8146739
15840933
30610400
16157836
30997159
8166583
31394630
23886470
32036033
32014897
15390068
31406038
8171320
15379046
8153129
15496420
8144288
15441404
31314317
8139396
30977770
16145182
31397198
31948089
31718526
15728584
15494422
31694816
16159414
31717872
31964550
15939848
31355596
31457509
31707737
15453128
31324527
32013566
15881500
31417217
32015142
15544334
15811158
24138752
16165807
15393143
16146752
15464786
16137889
15412538
32014776
31390949
8156134
15387723
31921090
31321647
8148928
7339112
8076755
30724962
15872224
31723962
32028042
16152864
31245996
15542057
31297719
24141824
31451831
15171604
31695757
16172668
31427182
8175410
31393399
32017454
15622922
31745258
8169226
31399069
8174415
15418805
8197992
15601269
8202941
15293202
31318655
15874490
31689621
32046140
15967567
31334369
16173078
15474320
32025502
7127820
8129458
15799185
30836204
15877451
31710234
32050896
14823779
31432924
16205605
15345496
31770232
16009136
31744863
32039106
31782547
30790361
31710675
15621560
31368867
30646628
31657716
24111053
32030487
15320996
8121023
8165430
15802451
30476380
8157633
30975582
7435163
8173249
15405999
30623130
16161303
30817675
24177980
8188792
15521920
8179189
31233864
32022772
16202992
30671893
32029676
31327053
15425248
31485443
8184085
15506678
24174801
15372304
32027923
15362535
31416396
16187776
31288657
31317208
8207022
7202917
8057249
24155726
15462794
8176633
15474901
32029511
15451959
31768418
32031215
15903816
31465011
32024844
15506543
31241322
8207887
15013889
16168166
15463991
8183870
15471435
31179050
8148231
31001081
24198305
31401920
15663235
31264071
16165836
31298306
8144640
15513787
8161075
15341013
16178325
15446875
16162002
15473967
16129165
15480233
8198631
15310008
32025683
31364247
15872432
31454046
16216127
31419878
24194452
16207313
15335250
31758619
8203183
15414866
8164407
31360652
8169575
15411467
8151256
15518969
8166875
15400150
31303652
32032130
15890234
15491269
31987261
24158873
16184365
15489882
31730251
8051410
31938912
15897026
31266245
8189687
15356466
32029077
15522182
31736346
31772121
15635054
15031611
16121263
31630592
16176143
31335917
31269131
16209778
15334155
8152055
15534252
24166916
15398995
8169465
15484705
8173379
15456090
31238553
15882061
31723551
31777732
15619165
15018113
8161945
15517368
24162847
15367454
16136433
31616276
8169562
15425801
16111075
15499458
24149720
24119707
24181536
15759630
31444954
31969749
31750776
15517643
31258649
16196214
31407925
8198787
31353316
16232204
30742160
15940814
31305248
32028408
31353280
15401006
30783072
15947850
31350147
31251802
31736482
30664198
15825590
31350754
16182305
31377761
15345927
31754692
32030264
7780881
24130323
8182190
15397034
30775810
8168037
30910029
8083456
15499875
31317427
8194864
30758464
8190340
15364331
8163548
31380192
8170637
15419689
8159967
15500481
16178674
15416006
8159405
15506090
31140767
15927296
31760018
8203205
7498414
31898555
15660257
15768243
8113465
15538384
31139610
8195416
31013133
16207180
30699964
15459891
31677093
31951782
15977582
15374495
8166008
15569226
31119997
8181343
31049134
8179668
15396566
24144712
31186121
8212890
15490146
8162242
15549343
24153342
30552813
31732604
15909757
31399926
32036481
31726686
15563844
31341831
8180895
31372195
32035847
15651443
31756077
8094495
31421386
31765842
16108565
30944965
8172400
15585103
24193524
8170847
15635432
31093592
15936427
31760854
8179882
31448326
32022566
15505995
31256136
31707682
15904471
31455288
15408839
31724521
31240307
24087841
31001768
15466666
31706519
32023736
8152318
15829846
30584917
7753341
15490738
31738399
7469542
24075418
31747058
16185582
31471168
32021379
15879846
14981380
8179816
15462046
31191830
8159220
30947692
8185562
15515981
31718210
31291543
16186076
15466501
8169143
15503566
8183287
15419862
31252695
6903409
8176929
15523017
30515011
16167914
30833959
32026689
15890152
31670825
31450292
15877394
31340920
16165169
31321155
8172392
15456660
8168264
15485894
8158703
31317555
32026190
15323728
31383584
32029478
15611334
15800733
24167972
16199601
15340943
8167553
15515621
8158884
15436542
31288332
15874358
31693269
8112803
31389992
24149817
8082411
15469297
8157634
15439025
31288991
31722885
15871941
31416563
8192679
15409603
8107940
15505572
32027721
15379770
31762714
16191395
31358713
8157843
31357109
15866461
31297381
16178240
31292223
8157348
31289953
8201745
15449299
8172340
15480479
32006578
15460915
31763410
15687659
15289386
16159005
15618063
32031938
15180415
15880612
31349880
32033689
15352093
15761613
24161732
16197802
15351155
24086729
16196574
15293915
8159462
15526329
8180848
31228900
32024185
31196923
15550267
31294724
14947430
31753358
8209371
15289171
24156975
31201555
16165471
31240250
32028866
15320825
31436354
31497471
15325046
31699249
31487108
31737212
15588911
15025727
24105308
32025240
15610532
7245953
15647390
15225042
8164987
15415645
8164177
15511926
31149213
16168631
30996943
16164021
15542208
24189327
8162422
15555491
31147301
15880419
31753968
8174426
31473613
8191405
15376966
24161354
16184524
15389607
8168061
15510637
31977152
15750121
31269776
8104034
15463328
32027469
15384733
15892345
16047599
8062268
30584574
15883348
31750304
8205901
15334873
8160967
31220378
8154864
30951911
8164565
15374386
32001907
15311412
31432729
24185345
31978239
15882164
31725463
15548664
31628588
16213512
30802809
8180504
31417295
8074045
8055747
31348660
15395709
31735331
31484674
15587094
15018155
16150818
15322302
32022975
31304396
7768502
24035046
16201534
31187518
31719449
15912042
31334066
8151884
15415037
8156149
31373231
32025614
15481350
31301377
8166864
31335272
8168840
15393697
8169667
15507340
8166436
15417155
31315028
16166475
30886166
15586433
7774632
31923655
16070593
30649734
32023673
15447011
31381048
16191610
31398968
15338148
31420926
24172340
32020392
15325782
8169368
15469777
30630627
15895614
31727082
31433978
15004699
31685298
15545963
15876972
24149935
30583711
15880280
31750667
8188482
31387307
7472177
24089336
31719997
31264223
15844636
31452541
8168412
15519158
16152525
7245650
8094234
8160074
15526387
31163941
15925359
31714372
14743027
15478603
8158666
15605725
8176124
15356823
31366588
8157336
30938360
8173086
15364898
16156615
15523092
16151737
15383568
8160529
15524666
8164112
15405154
31312447
16172522
30896955
32024270
31739104
15634805
31203275
32019746
15784833
31314748
31411576
15116310
31647302
15584638
31751359
24063818
15580164
15228756
31640249
15884074
31745067
31469400
15589998
14993139
8158771
15471933
31226308
16154751
30901044
32018619
8119120
15406369
31413741
31748893
15517561
31362104
8183155
23460711
15900574
8152569
15625658
15594377
15471140
32026460
31430027
15857890
31375935
8171602
15332853
16104321
15484548
24163182
31308757
15570387
15050758
8177348
15449290
31220507
15898674
31750103
16189880
31419558
8183114
31380506
16177660
15482095
32027256
15368229
31392457
32026420
15575878
23236004
8171546
15729004
16181675
15358464
31955586
15157225
15425933
32041332
31278197
15848350
31443137
16045207
30634661
8156011
31287253
8165874
15446354
32013535
15864323
15004265
32025973
15497751
31753290
32025538
31739369
31452000
31199557
15104496
31335278
24150867
31352310
31962184
31741036
15861980
8087839
32022290
15873171
31757100
8160927
7468803
31168687
8154783
31321154
31969936
8174315
31315557
8162934
15483850
24100895
16193242
31436639
16188437
31442509
31765477
15684908
14944784
8164385
15458452
31229601
31665039
8184488
31260697
8156852
15495181
24160590
31322215
16150033
14693145
8185341
15334310
24085863
30565001
8162995
31037335
16045826
8072654
30587687
15889260
31750021
31476813
15592153
14989424
8155804
15471628
31231433
8163967
30901744
15589369
31722653
15409705
31725151
8171662
31374720
15382063
31521863
8138581
31433371
24178478
8164735
15555404
32029647
15285051
31756901
16188439
31453699
15627901
31743475
8187003
15334415
16159342
7385798
31222233
8164012
31398916
31954172
15953883
15424119
8168748
15516070
31152388
31692073
31734563
16200021
15325668
8159416
15513433
31227420
15896124
31464396
16187976
31378164
15567620
31246488
8169776
15429116
16111811
31627724
8167254
15399934
24107751
16166154
15411594
8165472
15494931
23208528
7765130
8138391
31749397
24186807
23451757
31743585
15854672
31304108
32026764
15422471
31372325
8168584
31372532
15402931
31714806
8216586
30590225
15565163
31462839
15869286
31269596
8164567
31277144
8160304
31372600
8066446
31379091
32019536
31283891
14808964
31386547
8182565
15340309
16095646
15511550
32026682
15492357
31241749
8167547
15394982
8165673
15484968
8158352
15414091
31316249
15855028
23676134
15391495
31723180
15535484
31355739
16191953
31422180
24165088
31400563
8180596
31389441
16163028
31327535
32053038
15935092
31394908
8178288
7251625
31425822
8193020
31505565
8182628
15415745
16111922
31611303
8180934
15361034
24089547
31229957
8163709
15502968
32040994
31350956
15387199
31394600
16182880
31432179
32027256
31372744
14789791
31384676
31440431
32024722
15252533
31757958
8186905
23458578
15931275
30884096
8156088
15609088
15616001
15471058
8177126
15498944
31149750
15872402
31749325
32025454
7774151
8081207
31433002
32010077
8145246
15819594
8158525
15522847
31230643
8150032
30920276
15561226
31650206
8184135
31415167
16200622
16165553
15135995
16157551
15376961
8153686
15522061
8173915
15415455
31304460
31730105
15847504
31409666
8209002
15276080
24082634
16156214
15417164
32036645
31382324
8130641
15342388
15248180
24000844
31626523
32079675
8327782
30709388
8177823
31346007
8149174
23570390
32055912
16210104
14478992
16154349
23652145
24188702
16170298
15510238
32009997
31407407
15655474
14942949
8064242
8029352
15499740
31099205
16167616
30914211
32024102
31803165
15610451
31690178
15607199
15086791
31680599
15878769
15568751
15173046
31685755
31724257
15905341
31432588
16159364
15538987
16042410
8086674
31376395
8146182
15490706
32023613
31243365
15878056
31628234
31992245
15136467
31407306
8056184
16122345
15750966
32009177
31977828
32016232
32019445
16030196
31695317
15533648
15814500
24050579
24097383
31398639
32001796
15531003
31410383
15856318
31471856
24107928
8108792
15622334
8110484
15513828
8107386
15543622
31365624
8108811
31014929
16116270
31422737
24103586
8101559
15557936
24017496
15515086
31995675
15452684
8096693
8109316
15809719
30743962
15853538
31702531
15864822
31393690
24092723
15601710
15469438
31993855
15461994
31421950
16121914
31439277
8133576
31419032
8164603
31266283
8124176
31354502
32001534
15536366
31694487
15506514
31723661
24124372
15559598
15200532
31952239
31674568
8138459
7364856
8071381
30752757
15846731
31721868
8131695
15435566
31387173
15558038
15151928
16074342
31370421
32001577
15881429
15295100
31999883
15610423
31729116
16141806
31414854
8164818
30806060
31450545
15116244
31719582
24135029
15557575
15194349
32004098
31351568
7727449
8067044
31433786
8058404
15537090
8138499
15434208
31378955
15848941
31697020
8141669
15393986
31997637
7311868
8063525
31445055
24123493
16133315
15583133
8144053
15446460
31996202
15527848
31710865
8164041
31378106
16157892
15547299
16162254
30669368
23989432
15567005
15124689
8134012
15463996
31298271
15888931
31697157
24076531
15795938
31434185
31951205
15870249
31319002
32001951
15423178
31427647
32005027
15877912
31386905
8194437
14814930
30754571
8128902
30999241
24150065
31395859
16150317
31364691
15546818
31341301
24128469
15520194
8133357
15474706
8145620
15460678
31314678
32012125
15507092
15720051
8146417
31381246
8025819
16073289
8099406
16155622
31639810
15847309
15731457
16049623
15468687
24122465
8150193
15509121
23296691
15909079
31685678
31335842
16157511
15482852
31695190
15851683
31287244
15045721
31698635
15419861
31599450
24161004
8154528
15593730
16127719
15423315
8142917
15500163
32013715
31376665
8159478
15401605
8151179
15499592
31273855
7764939
31282648
16165475
15427218
16147935
15497604
16093046
31624985
31329376
8101752
15415186
31426038
8054146
15354453
32009826
31266299
15529544
31324963
8158339
31355531
32004780
31735178
15835407
31294174
31700236
15555103
31385642
32013838
15876320
7428061
31932716
31705860
15871347
31382959
31749210
8159052
31286823
22959051
31372533
31757059
31732148
15522447
31277768
24146781
15625286
15099625
16152482
15452118
8143825
15476160
31293583
31739909
16186335
31441196
15224438
31172588
30626402
15862603
31394467
15584207
8097494
31604997
15018504
31723891
32019160
22838121
31114383
16138776
31379717
8180112
15381688
8115171
15491691
16162678
15419447
8159623
15522422
31132681
15881020
31753755
8191590
31467251
8182937
15355231
24156522
31195896
31379250
15922488
31443265
8187511
15392965
32019336
31206011
15527784
31354106
16171544
14976985
32076401
31223965
15798292
31458770
8121899
15407683
31926986
8145646
31067445
8043462
31627932
30858758
15688011
31147261
24094370
24094846
24137156
31999640
30762260
8122084
15792983
24097108
24107971
31369343
31709623
15777562
31684844
15531191
15194171
8036215
15474206
8107903
31440501
32022218
15495864
31386725
8136838
15521091
31279403
31702337
15865766
31397898
8164527
15392673
24124638
16115467
15515672
8130498
15492528
23312147
31998927
15137808
31418178
15859650
31346706
31995546
31711713
15451111
31351914
8132951
31393114
8129315
15503338
16124941
15476574
16073708
31691737
16113435
23392511
15841146
15152953
8141579
15433839
31385350
15732486
15776958
31406342
8133074
15491282
31493118
31700230
8178861
31186628
15594214
30784625
8128124
15514201
8128584
15496759
8119142
31366183
8127620
15519431
16106885
15529112
32001003
15519394
31691792
8018023
23438737
31440058
30993336
15784623
31378985
15463793
31737572
16154708
16125071
15213072
8134470
15449194
8053843
31376554
16133467
8044213
31324288
8151519
15463672
24112278
31985598
15541583
31695304
31422955
15450705
31423418
31421760
31720486
8139923
31420749
24130753
31394947
15550986
31328867
8147215
15473067
31980331
31463505
31010936
31697466
30676784
8104657
15415122
24083298
8139496
15558367
8159402
15401932
31977508
16153476
30753121
31360538
16142667
31324596
15872729
31369825
8138631
31377418
16138399
31348555
8141337
31355933
31323893
15842369
31397685
8137835
15520973
31251367
8141008
8110317
15842654
31016263
8145753
15459522
15623360
15428078
32011000
15397404
31682859
8179236
15407786
32019266
15410145
31721203
16157746
31411251
32012287
15899952
31419269
31271617
15257951
31321733
8146441
31375244
24128347
31306213
15554485
31715260
16155376
31394319
14794658
31734584
15581438
15496724
8162825
15368541
24082498
30642287
8142278
31019081
8152925
15409315
16150871
15512125
31710606
8070769
15347947
8160180
15501768
16143435
31276978
16152435
31305694
8148141
15483400
16142499
15421423
8159515
15490589
32016564
15422207
31727449
8175269
31359930
8146922
15453887
30646467
15870324
31697183
15284274
31741304
15560541
31733117
8164595
15373290
16166510
30248770
16166800
31008488
15434710
31730774
16175978
23440987
15419597
31699341
15527232
31754355
8166921
31394229
15655201
14990680
16152707
15509457
16167989
30602011
31730025
15837139
31312314
8157550
31392495
32019384
15505206
31363377
16151869
31313163
15529756
8154237
15368380
32047970
15499585
31745695
15427559
7194215
15432992
15486368
8117586
15361754
8065890
15551491
31093144
8188801
31399827
31730024
31322298
15616855
15126359
16150599
15458934
8158962
15495502
16161835
31297861
8165690
15484744
8163656
15470062
32024856
15495677
31746671
8191380
31475126
8170010
15520509
15208718
15937872
15283026
8176022
15471027
8107059
15413909
31281597
15860277
31673713
15383166
31752063
8188961
31431050
16147095
31721118
32066741
31294652
30616363
14958785
31241855
8172054
15430715
31969976
31976313
30610902
16181939
15302685
24101871
15367863
8101178
15522645
8094592
15556383
31417406
16113653
16094257
31707223
15853486
31422856
24093888
30870952
8110552
23056970
8176645
31031332
31272161
31348360
31060436
31445032
31699409
15831132
31414794
8110089
15563013
24099411
15470621
8112325
15534136
31993824
15512296
31699984
31398505
15570428
31436150
16106633
31419061
16015386
31733713
31996560
31350261
31363587
15605996
30813188
31423363
15851940
31431055
16114022
14897719
31995773
15543901
15767178
8123127
15519231
24101549
30778135
15839573
31706555
16124569
31389330
8138055
31409761
8124948
15490337
24097456
31348313
15530995
15152075
8123781
15498874
31335148
15852106
31704626
31437142
15464216
31405487
8147590
31429847
31981265
15366723
31435440
31952601
24084840
15862130
31345003
16132287
31353871
31752480
15595210
15133363
8132359
15452047
31999957
15840942
31398829
8133400
31375843
15455382
31685053
31716555
15798042
31345479
32028095
15421486
31349571
8150397
31411141
8138420
15351275
8131039
15495821
24127806
15438895
31958638
15776835
31436402
24138488
8144228
15519659
8141204
15440518
24109064
15507450
8123424
15442742
24123899
15506514
8124165
15451930
8096316
15488621
31292078
32006882
15896266
31412677
32013454
24138205
23288979
31394779
8150060
31373032
31447772
31736435
8151081
31117686
16136301
31381535
7453593
24051405
31702203
8154841
15393351
8152075
15471511
24135180
30652975
8139426
30991326
32005312
15504724
31318831
8145219
31357471
8144186
15481243
32011003
15427830
31380253
8150185
15374918
24113094
23306951
31377433
31709730
31685166
15427158
15782936
8146458
15601771
16039822
15352227
8157916
31340398
31735230
15827980
31320448
31724479
15523257
31384213
8162261
31390262
16149612
15787813
31757595
8172916
31408315
31761576
15651358
14991454
16140546
15480339
8140040
15444274
31296230
8140867
30958806
8074937
15333520
8143207
31384914
32041265
15489401
31324771
8154436
31371967
16107997
31344023
16141914
23340833
31354532
8209855
30982589
31423832
15593455
31396358
16142259
30794454
32017570
15489696
23407360
24167071
31358530
15427936
31728856
32013930
15909381
31474024
8170174
15287166
32030730
15374116
31388856
31727729
15553339
31337428
8154421
31355704
24184752
31386084
8153495
15498546
24121278
15519807
24127216
32032938
31133672
31463975
15888556
31382452
8158599
15463076
32020647
14705887
15692585
16163607
23232846
31706653
15931068
31283685
8106530
15383338
29108663
15477910
7694891
31943255
