24260
50255
11892
29462
29434
13616
14763
23130
23465
29022
25746
12544
30491
21245
29112
27672
7685
192377
211351
249607
510724
413074
504222
494464
248523
253625
492811
457138
486777
123468
490356
481045
488084
476054
490478
473548
487876
230482
488379
128617
466450
468946
461032
463409
461998
467844
472926
461129
229203
327881
481761
465088
462573
109259
341255
458529
231000
234468
433572
110531
455268
402203
448974
236761
445197
97870
445840
424770
463349
465483
178125
193789
439676
433525
217405
470690
86670
317324
457367
215619
423189
454724
470265
409162
208930
402663
111283
188914
434171
413527
193698
445680
402142
92954
435566
76038
464411
78932
227783
106367
426236
433841
384800
420430
428215
388775
422961
378951
216822
397409
412442
403527
384660
398156
94012
402784
193496
403764
401066
68638
309828
381444
399443
423026
396174
440588
400584
406922
461723
410221
453734
223290
413023
381128
429305
362130
436389
400982
447007
79443
213348
429448
400556
408224
405818
428516
416395
178035
421986
392377
391151
391154
405657
419023
375141
423064
161874
429963
82720
216056
164516
344461
81879
394408
72914
386623
123108
393262
209488
213702
308683
222972
401073
354049
213851
399059
419458
380095
426752
393491
199068
381248
395377
368412
379336
444965
368744
445399
190493
402495
427352
186719
420860
400779
121331
374634
417430
183744
391249
109021
407420
411029
106946
300296
388408
423971
342146
409496
190055
433866
281694
66505
393830
115595
380409
426300
329313
356545
428117
366748
426813
85080
405908
188936
428570
388047
417137
418098
108526
394966
168119
431007
188932
388101
414075
380942
383876
405331
216183
376498
120272
361158
81141
397280
82206
349446
447143
374211
207089
287508
438347
286990
378920
391580
98543
186582
124514
181738
415254
205237
375763
407938
140137
395586
365936
189084
366657
404169
190639
412162
393580
395027
406575
102077
392039
393120
416181
369114
432593
185889
370948
275741
411516
189446
387236
372743
421694
383335
174885
449683
378481
122762
364922
444259
376491
409890
412629
375660
447658
183597
390335
435465
370931
441277
64300
442933
388161
194145
438050
187521
396588
411878
169809
419093
208076
379943
197235
92931
282047
179333
192861
425673
197999
379066
213890
215436
63472
207750
221702
65161
210062
81176
186197
353831
412296
352529
374402
430903
335966
204878
384815
126620
188033
126703
295178
424619
403296
459634
387317
428341
407828
392605
434356
77149
223217
395145
195143
427382
203106
387179
325730
408325
419165
396856
115057
177531
133280
391370
437927
395989
422628
430327
400084
460752
393636
186656
454431
65967
221083
98596
424699
102394
189524
225917
422268
414481
434012
401597
445155
196219
400973
465455
398777
434172
431058
405120
453442
396648
120493
396822
414353
226870
393225
425530
316961
436200
73363
448901
395879
403150
419681
88685
223373
203463
92491
437998
203046
405312
450648
392795
428421
103751
410239
225810
205130
199412
402533
122212
405693
320509
426392
429267
401747
435516
211270
394032
129881
397816
409365
228721
420884
412785
436645
426245
83884
447439
66000
113368
107801
411692
204272
196613
444227
94157
423253
440555
399217
427686
111617
408018
128450
402682
209975
462532
198554
417956
423833
459919
400251
338250
408700
118772
210429
399599
202160
127046
404594
435610
98528
347233
464396
79926
215103
119220
417958
137621
423824
130336
202822
135450
196622
271652
195827
134501
471269
400371
506193
518067
460897
520666
523262
516428
518189
260916
509714
260529
518474
513194
513049
260562
520382
261752
219082
509471
185895
1189192
1105818
1109793
1029546
961950
942181
839445
944827
545052
1043143
498843
459038
917885
889702
851660
434998
801084
794381
374856
323009
719598
709108
690920
675644
618240
708225
634521
139747
646170
146507
641244
165236
599502
296765
642078
583299
631503
596891
269832
657617
274984
142696
610607
314053
560055
443413
163914
276180
546298
150983
463942
611660
519544
136372
616846
256962
556988
606398
423422
222100
203400
205256
217242
225273
96637
235928
102990
225714
219234
254181
272388
216456
207392
214863
149983
210654
113439
204541
223364
269949
197401
49196
52700
241745
105761
208080
262105
260236
266391
246980
107030
219211
217176
95822
225948
57658
217888
166318
207609
241046
233235
246620
242755
108653
212830
236195
100091
222934
105060
214494
54336
98975
118427
55962
125492
192391
165969
106679
233210
98169
210432
236443
268397
226758
254039
244636
220849
210319
202169
218378
244755
106520
261051
199722
207479
238333
162250
207465
220016
215614
219543
157595
204562
107951
274131
233593
197230
216096
209847
249287
260543
130115
282273
206244
232115
237778
212241
60444
213893
50958
232332
63926
213064
48534
209420
60318
225290
70489
256939
119369
258258
67254
167986
212433
228734
49698
209014
59966
232014
101692
246422
212735
58492
204733
224470
214669
233721
248579
95156
297088
253769
104326
46276
75309
113203
221454
209190
102476
107873
213442
50952
236255
112227
230038
60435
158016
106080
241403
246717
263214
227908
213304
240199
202692
104503
224134
231470
49183
235867
121739
97199
132161
123485
49115
205033
125653
112740
232159
297343
46370
157213
224041
276966
188836
102870
262208
208055
59659
208684
216820
214340
217746
234115
207821
234586
212452
253694
226985
80686
249587
212190
213580
221578
236819
229214
204930
111577
224880
153097
247078
243291
217864
212178
57743
226633
102469
255542
119092
230762
244858
248489
278658
113205
237026
71823
225815
227189
229716
213962
237780
195538
242843
61922
241294
156852
236892
98557
131658
106778
257413
97880
290085
104082
235720
232765
257388
234022
215915
132305
206281
92240
269077
50508
224777
58398
249214
104664
215827
210476
269048
217500
253338
204487
285125
194634
241620
165330
334568
164053
75398
227135
118036
105716
213263
178938
153914
142598
236504
293896
228360
287460
229231
109647
225257
113115
253325
60516
258538
291574
224434
262547
220929
180813
61218
305034
269519
357790
109281
119249
303696
153176
235778
259694
264531
275490
330532
256552
202101
247233
362677
346757
405358
273608
373701
328145
284440
297059
373259
244033
179073
106999
250896
114043
104651
121388
348461
56001
134140
60253
241918
127147
343402
55262
195928
347220
400462
55258
351424
73079
331824
125303
161176
110268
309463
124225
339705
152286
299388
420026
282876
372849
419568
105383
262927
332985
180279
206837
250127
246207
273360
52669
311379
285626
50659
212780
281965
384339
318580
396659
311029
392454
206775
140740
295184
261354
286883
326069
274264
408883
282109
178725
194022
415472
276382
127457
135178
399758
126531
257074
112618
327225
281265
150827
48297
240216
280129
518698
294301
249591
252522
297206
456026
367011
87415
100867
255033
255808
333370
262046
53631
260638
76923
188582
371996
140867
240204
388480
290499
257031
356362
313169
335441
255298
281411
638503
347950
122599
239653
54111
502251
302237
98407
95089
487733
316921
180156
628430
227387
301179
558590
367972
191506
46681
260355
139946
140093
129430
416674
366156
671628
388405
164246
496564
234047
360517
416874
559819
580053
381909
502722
202932
121839
408786
86379
568279
508878
704113
385759
81789
498211
138182
181960
71624
368904
76190
238665
160096
246608
468145
551743
538044
546295
578435
507247
255953
421758
403736
446561
677105
351771
545509
494480
205994
816947
229269
181225
92296
289451
498226
491861
367438
73109
493560
528318
537105
389070
128735
277031
498649
284031
386919
618078
167676
331764
649006
652742
180218
411066
370525
420634
591378
342291
205457
435082
326959
303430
402697
244910
358626
420538
562021
127035
397494
524286
572450
409871
468979
108272
115821
661235
566463
416446
609586
350138
234809
498415
144200
553233
599370
359063
488624
478039
456577
430979
331423
355078
236756
296898
564503
587032
156764
316727
340882
275956
287387
575012
420244
131052
547009
421314
104088
107122
144338
469826
105883
520547
571426
386219
325677
505722
563897
462273
344862
143140
555187
279808
392974
609245
556739
460257
117049
411642
369468
105405
593283
507880
108740
131490
589111
501052
149122
278457
465103
112046
59930
593160
249807
429852
374067
609054
555278
365494
522176
231228
544077
326523
107008
182860
290258
640921
145742
304666
100374
483313
381751
573458
357398
328669
336165
163714
357735
70605
441086
233964
575772
464000
269356
345227
521149
429684
183092
367843
226266
564108
240480
220302
701035
515494
206005
257610
64547
296950
362692
226202
535790
143826
331199
305225
333060
145184
165700
516004
113629
437926
217471
571912
384894
263260
121444
164871
419156
49207
180100
481172
466866
100660
469787
223775
104696
139817
408799
100881
222475
243651
402443
108306
345170
247328
198576
373773
357100
86591
364604
291596
206577
478212
322210
111281
375795
111102
526445
391071
213636
205995
278410
347000
305855
237055
520737
112447
418302
89958
427697
109247
222864
458172
443526
409656
515924
223825
469021
94229
453337
421357
412053
261525
445352
92065
202983
457116
456863
413717
189886
418454
335273
410745
419153
482644
410761
178816
498808
428088
421742
397812
461681
432284
420385
428938
201786
458508
397742
385698
195929
419308
432475
181165
86245
192997
337694
450124
250656
384445
381918
381298
163575
348364
286405
419343
378733
374036
412150
438108
383873
382544
399394
397981
278064
86117
339980
94239
209762
314353
331666
430358
440032
94324
195909
420981
308332
424747
467109
148605
290319
120709
309406
411601
340446
111028
174738
282867
380842
88203
213626
319245
372417
419810
206532
425180
304854
352221
179284
403943
337697
403755
371941
199758
100947
88852
186557
376070
93449
411444
88654
385595
88988
329466
52077
351637
189984
366030
272152
173458
360750
310085
331595
50509
338476
385271
382341
395018
421518
192947
344590
426249
373603
301221
370032
181291
392156
170609
377386
93292
202715
86930
417278
106891
207107
412383
392347
371012
389208
198553
411812
98682
356164
294028
186342
401366
333756
91279
204859
395367
290083
277696
231066
226416
310209
354351
104456
332913
57183
204532
119727
187448
278293
249557
53085
279293
64657
214532
50163
151315
180909
197663
53328
204733
119478
201667
132346
349370
103636
97576
52176
115604
280875
76203
332827
76742
157688
321546
77358
321793
81192
84031
25721
312460
337975
65293
87858
340327
83281
171618
339303
348061
190473
353532
92728
356098
92068
355571
402933
389770
178353
405128
287053
395810
171024
416970
336578
396404
361875
273898
130120
396032
470071
388618
197678
468003
405079
421638
221715
395439
467230
374272
445278
193872
410378
424239
391847
431474
423176
399492
447366
372079
438363
175497
247427
388866
447660
195469
167753
460585
181546
483650
75763
441595
385671
438047
391536
419886
430419
429427
134387
185305
421614
391484
472297
381776
124000
197803
455693
201010
447275
416216
91043
445013
185075
195986
424231
389212
302244
241190
334705
433749
95352
308239
396209
427202
391286
404026
440918
181736
424391
83999
217256
103307
205016
394652
215745
229376
394776
215339
410115
221639
423465
130885
375808
343318
457625
181006
141110
78384
454289
109263
224337
256653
401387
124739
175965
207383
344689
319963
448405
405610
237458
199239
311916
413924
433128
437753
381525
460605
182716
435649
347181
395780
215222
426071
438534
217595
389146
243586
381553
134796
411882
390387
432027
434490
74553
340403
434011
390146
457451
414326
406604
223705
72972
136284
399828
325447
444435
405577
250169
397142
231971
410879
450264
196473
444824
198309
409697
433512
453220
418499
238976
441957
221331
452932
440797
390511
428036
408872
421216
404287
218769
401444
78577
440295
351364
398229
233368
397209
132814
401833
240931
68886
237721
194833
446766
231777
413037
128994
192221
210455
103493
424310
204006
447763
413400
467358
416069
335024
450748
389665
114304
217277
430418
201136
485675
206880
453812
315251
444965
193029
501628
223860
459016
192153
442623
167429
459702
363945
112990
464981
420152
236942
438551
82338
293829
245331
419061
202431
383827
93457
439661
173032
199535
77273
140680
422287
220205
416632
330308
204401
422411
428440
442385
398066
464773
397835
246864
370356
472627
368047
416564
428365
227930
397154
479339
64432
313034
461531
204994
450809
85215
402633
246622
380190
247773
180976
391717
403332
413689
130191
377939
473744
400511
190116
417133
85861
414020
197540
426452
390767
387814
442821
436076
437950
200893
445103
158277
438802
412348
455202
411526
200199
389929
479197
390962
411785
178040
480060
405627
237098
182764
134892
408562
128496
199667
454765
91869
422344
102845
209130
413306
445510
147856
181313
339501
413355
71717
492734
404506
251171
382040
235254
439939
191933
141266
425249
412984
462352
406898
440774
438873
249538
389714
107555
425237
417234
446012
395734
442079
378487
477346
418884
428565
106423
423049
451737
379610
132890
440642
433267
433808
422887
431077
452461
201642
205639
335132
451835
356535
376243
416358
399695
395147
473146
397922
431582
203330
234825
384123
466698
88841
444752
386831
244904
227668
336010
428632
470602
399005
218482
417197
443863
440994
415908
433639
454036
251639
188371
119234
423643
456178
217538
207889
129128
419124
337482
459181
412198
141644
200275
425095
412045
448003
425546
135751
424681
437256
228837
236894
401773
257212
396775
216888
466707
429956
449496
417078
178093
190835
132627
194665
423566
450214
440756
391247
201107
445445
434019
465435
205545
475809
89246
469734
132370
407639
349843
473861
194147
414971
224412
247172
84309
216529
427363
465934
200008
251401
438595
423789
223198
457879
419864
204948
458021
398704
227256
240677
423098
443381
13672
236148
417130
136692
425639
243076
230370
73506
474964
480146
440377
468818
483154
268604
197887
133573
267433
434999
106246
385941
210280
489113
110899
516620
483374
459076
476337
447255
188693
216202
450001
105000
229441
179077
449497
397289
237499
433815
404384
397966
417501
484975
424082
485569
485237
112610
227966
87027
487878
83592
237486
108866
206645
428304
535322
200612
260214
312727
454400
446645
393144
462682
471245
135667
544250
257980
478611
135512
262929
467617
534490
204726
442902
484169
448280
268082
530185
483067
459440
258057
467157
317690
450283
260552
541803
260280
516168
272462
262308
474335
486465
272058
459629
240796
537018
83302
424346
113693
336821
502146
421819
229317
476545
497697
544631
479421
411217
238827
262070
547747
457383
543511
506478
542817
553218
528732
544408
529121
474970
246579
543853
417386
391473
541633
546521
247439
558269
253984
274364
138941
478982
101077
454438
466042
542685
522561
544102
533142
480018
276851
265938
137669
266772
137726
264785
543504
550846
551986
532240
547028
553403
529461
265726
509334
271106
264210
553656
138876
265259
414721
544820
138400
543737
535555
131943
137932
542814
551487
135777
267586
518178
525693
543470
528763
545016
536529
499020
254086
264624
416802
534826
548881
276488
264313
133040
137319
538982
136668
263623
547732
547670
543425
552484
531869
543512
533779
273989
554880
137775
543737
552795
262702
255486
551196
540939
278214
546741
275997
535948
137180
416810
532041
264793
546508
413303
550208
537960
544747
543196
546885
552520
555272
531305
547562
534465
525447
542207
543735
553147
264362
547909
275543
543169
543636
276689
543877
547587
553408
546049
123975
272818
547812
548851
553765
137764
545786
415409
542078
541635
547871
535584
527536
268071
536976
412626
278681
546955
275321
540734
274452
539854
552788
528353
137126
539928
545227
550890
136735
264840
552338
539149
271145
544779
552778
265816
533141
550485
268034
538691
333649
264576
276402
262948
545321
542054
534434
274779
529395
543652
279021
268255
275844
401040
542013
551516
261995
404155
532423
275027
549455
540381
544669
528517
273799
537202
543600
546380
531486
272413
541826
549211
262152
537483
545670
276251
537787
274913
274362
527028
546153
474591
533437
527250
138100
119417
555219
550840
407901
264886
549313
273919
535558
551171
536863
547175
555015
530122
548416
526911
269930
543444
276110
534053
264955
540456
548635
548286
252079
536695
272917
537405
551554
265276
273978
138233
267814
136213
537973
549915
258138
413262
597209
991936
1002327
984728
497124
945367
180898
242485
259962
171968
161203
171894
162530
420512
216091
864042
572268
284096
63133
324253
315974
298940
338318
343892
311985
347865
352393
341946
355408
352572
359316
369064
814159
1384917
625393
1325952
616768
1239735
670121
1452579
339378
694579
721602
776358
1490173
1453452
745600
704482
1473829
671798
1425518
699583
688819
1376597
1328783
1383338
1404124
687011
1403308
316997
660055
1339722
1254416
1253630
541740
1182386
1194314
536748
515049
1124482
1114030
466360
1024432
981356
942369
198191
889119
831048
411698
659209
782694
847223
400777
768559
819798
182871
739442
377214
777606
397982
353927
550804
629127
786197
761499
176693
355842
765981
370733
800289
365670
808949
738067
744831
126472
814883
728719
696365
650749
563394
252447
286579
283938
606307
405173
584411
592498
537607
262902
555982
127241
259513
578304
289787
549367
387443
542980
469757
527988
579336
222937
260429
402990
378490
506855
249480
479269
554642
234407
537097
283523
357278
571057
307272
705352
140699
645579
799059
881159
824664
861826
362166
941523
902267
979030
358147
1104290
691574
293089
434262
798850
229608
1115055
238875
1064620
931045
1089354
582766
283912
337432
471307
715145
230381
565087
652198
608358
273998
539270
263917
1199510
1211716
1103471
1368836
1050385
489609
1103925
519226
1625949
1198121
1174615
1104563
237581
1340334
1252695
277401
1180446
855393
176821
579573
848989
1123745
1256868
997597
1166681
689740
1210964
256464
603476
1068526
1137272
450914
409707
597919
453797
176979
396246
241827
1229949
698080
256439
468967
1308413
522287
1022939
376988
1095406
1096505
493958
141213
209760
570109
959329
449360
712874
1050697
547104
1206890
609896
688531
1400363
277829
1295897
555369
677908
943003
553477
644831
939676
249842
622092
1268465
545506
1232835
230899
1335550
1251498
505566
1189935
136224
1152928
1143240
493505
1108335
1099043
456000
1111369
785258
1074989
457947
1034635
446072
726613
440375
1065429
967082
396762
464038
685721
422369
448799
180120
440702
940910
406409
721110
866789
153299
916366
626883
626210
881798
855972
848897
827682
612230
824506
828820
366391
411119
841301
373752
797331
345045
810415
367428
794080
337383
687289
735489
765575
757957
304219
788978
776255
756126
731314
759095
733367
751193
138360
363406
746127
533196
332891
727731
747352
312618
388051
286909
675406
102245
112403
673429
674722
291832
696890
318574
708181
132003
671567
361917
181766
175513
170106
357134
182592
349719
367349
362744
423536
384036
506881
456802
145445
406621
467588
432755
220835
406902
470700
413702
250627
487408
441113
490281
445133
107766
333595
467168
430140
505712
434884
234116
507929
336952
484944
422031
516183
228205
437816
246721
495367
424786
492111
195492
219465
225274
222238
464190
489164
422688
485530
431906
212152
498796
441312
484396
461977
213242
500192
466481
488191
435008
494534
471203
201245
479679
416594
249353
458316
452567
246787
468872
219087
445251
85135
516049
434959
486435
215784
431625
234324
192005
230221
233227
236836
215845
113063
467950
441705
235438
501709
202348
447716
106990
220403
500871
78525
371596
470636
502038
438020
136594
180944
476275
484426
114342
481776
98175
488244
458344
457155
406211
476764
213687
210026
121119
191548
433259
246568
449233
444104
490099
408495
488965
465791
438938
98249
216848
507784
461370
437888
241150
497255
226275
218647
210307
231426
247850
217259
98438
483356
80322
247792
114182
456590
120106
215505
240664
249345
91183
151149
210475
359718
433058
462218
499328
457234
441186
141816
217581
454363
493212
76155
327250
512722
452577
218991
128852
100936
248797
241912
236395
221091
457301
241788
480767
219617
466815
118505
222279
507221
455686
445336
465082
422019
490328
449106
465271
503880
427002
461490
69862
484651
76113
490211
442130
452230
226481
492690
457959
216222
504835
461109
450153
517640
73980
502405
79986
501296
483717
230262
463200
144545
447686
382340
78717
497124
88112
477624
236425
227606
465939
111522
209877
512755
80393
242855
258965
240503
332389
490039
466869
124208
333043
257419
473791
477942
240028
465121
119230
490571
461028
128166
229340
443636
255450
484538
96430
494609
451248
480526
255835
453017
230296
483068
257799
242556
459487
533790
438804
500153
463022
384233
459372
511210
429568
479956
230866
433233
126344
436254
482570
257097
468437
119835
100589
221645
141039
445474
388251
458213
147051
453047
501651
254465
459306
505293
456594
290505
532436
261378
450068
496693
438438
524813
246763
474321
263738
467500
155407
447809
458614
451943
154279
212398
510267
525029
147537
209678
585623
445193
216753
252948
501821
216116
275055
238031
267562
427600
222220
600533
86899
273144
528463
293952
501551
488220
77246
243519
112073
450629
137578
217775
128829
219156
500030
88353
501680
83420
514433
73981
513523
233503
526743
471875
160460
226551
123899
257728
462098
232403
507459
483026
517974
261922
513494
525460
463134
519309
363149
486363
459755
470599
513776
246566
521312
152808
560019
218309
502278
151398
587349
146938
218766
423278
500836
454062
480696
116385
225512
453637
386266
459876
155426
461468
384511
109926
229626
272196
603104
83614
402405
140857
220814
455189
144610
484622
149728
440119
291074
482827
472180
450269
528633
505491
468142
55871
207797
539075
538363
558436
457051
260924
489087
532484
503381
468472
497971
601829
284949
610306
305167
598035
301547
501213
597006
532407
497491
513362
229074
592818
454041
501870
567876
151207
214628
152697
595990
147512
280973
575607
566350
595359
483718
296130
524525
524464
606753
137517
595215
590975
601208
588588
300917
600935
615507
613446
283097
597874
301549
588979
292697
588885
600806
151024
299105
154139
598414
150403
292182
148515
503830
596358
590070
270768
564907
146067
291556
294192
604678
139298
598595
594301
599600
602706
605052
602774
607792
583250
613668
283531
601090
153736
597769
152059
597008
606304
601612
297233
598899
300549
595725
150400
590866
457513
149688
581844
583457
142333
143793
583132
149747
292758
151766
593493
153309
296666
463787
599796
608887
291877
597260
585107
296854
297389
604196
606114
602049
611062
605944
595905
577596
148612
590612
151579
292356
151785
595852
300934
576905
595280
150638
274128
149097
283109
563496
587367
600275
604401
608139
585790
597912
608476
611012
291821
608469
151359
596415
598190
601627
290090
609034
151026
591958
151805
289919
149571
591785
151267
138544
601187
144986
285619
601814
302782
289729
149989
592261
604127
282827
566033
147784
586300
291663
590738
608176
296518
302544
151301
599039
152596
291452
304828
292620
305335
291836
613442
605727
608583
147031
459395
296882
591946
152686
291358
150853
592913
152492
599900
151267
149412
611657
607355
289480
601546
603007
150754
290798
600012
282986
560136
585572
605007
596882
299921
599016
299762
600089
153238
598869
457069
152510
604199
291612
612944
153454
601552
308352
607370
154234
603299
609080
589579
590955
151392
290801
587941
604117
293638
286244
151593
596281
151286
289114
297712
280830
143540
571028
149711
287114
150345
290152
590465
151043
593747
150960
613687
152913
294534
599744
152511
597736
600502
609860
613046
602451
152404
308367
606187
610733
596319
597232
590438
304875
292648
150817
593843
303857
594895
607807
597953
580461
583319
596371
612087
280600
602528
607835
606133
298807
150064
589340
305198
447013
298476
283580
153820
600898
152053
294102
306060
289303
611102
598150
599257
597880
305142
599674
599429
601831
599589
302848
592127
298342
582885
277427
597389
303621
601652
297403
598314
306505
600243
302235
598829
597474
600265
603449
595255
608226
616472
604640
604274
288003
143813
596471
606002
595866
282149
608030
150916
592773
601411
584365
433900
567841
286139
589857
152406
291203
595470
608877
151458
600495
154079
294448
616832
597673
606500
601275
582774
602218
609898
607749
151080
292045
580585
297089
607887
151241
289847
305559
598132
606902
290100
136440
301344
289289
599942
585325
289016
596944
294278
597034
604311
583600
597967
604162
599996
606705
595637
293456
590296
310200
597182
611222
295134
591297
149305
600801
277797
281661
145650
610597
607498
144592
602095
588834
306459
604645
149447
585266
283181
416914
146696
591490
302964
594151
608290
152253
290498
306203
294037
613869
583761
297465
594422
607567
304931
600762
306060
601104
302365
600416
597768
298982
587377
151463
594728
456619
595116
151242
594884
303380
601799
594052
589161
573799
593459
601574
294332
594070
462305
509104
970600
546432
1147549
296196
1175137
1251829
614319
282732
1213238
336690
179443
159815
342464
326551
341672
173142
344648
319048
255038
748920
863670
1004171
457087
63874
299145
155946
151009
76887
315484
319086
74119
222851
307206
144418
321513
336039
167822
74859
254443
83212
336980
271806
272704
167411
352385
163678
84259
346535
348573
83880
265361
349272
343614
161591
335446
780036
1534462
1661967
1697327
851051
1733123
889818
1789224
1799731
1786184
1855113
1463433
485123
958466
1921921
490273
458111
1999539
959752
1972593
1506071
464440
484439
966810
974138
496494
972455
2018172
983697
1981692
1004116
1845169
1984818
1502679
1964870
939831
946269
1980371
931216
1948136
475186
963707
1965473
482083
1932756
475755
958779
982485
955750
965077
1960797
464307
954486
1405080
440345
902749
1855524
1841324
1834951
870845
1700705
798932
1835793
1858418
842219
896144
418450
909503
1863905
1854673
1847861
872929
1843540
1824688
1827394
1799249
840243
1827816
375192
893964
1353652
1351931
1820029
813942
345334
1397107
1579804
738284
1632654
759514
1586953
747743
1160634
1544772
728142
1560067
1582387
1542229
699309
1553965
1597086
278545
735987
300075
749737
1541981
302815
1448173
289823
711860
270564
523359
977060
1445000
1421697
1409373
1353070
562972
1349113
231287
928254
563969
617761
586180
640668
954582
1314438
558059
1275407
1287237
1189773
1156895
227936
1159950
1147458
1111504
993924
470756
1112174
463528
574119
1095583
1066792
1039457
423628
485235
194028
533470
981688
998226
416839
400783
1023130
361506
908230
901376
405703
908260
390139
896499
408606
644751
164368
888737
627872
884058
864315
838257
862652
851132
369232
419795
160151
409867
643445
829906
343097
803892
803569
787085
331313
369138
339719
389460
155200
380284
826745
642601
749827
752310
773346
716451
363544
748752
147755
366381
151062
368595
796416
332004
750166
150606
744036
756171
310863
805027
107376
330494
736534
328030
320256
724299
721488
584455
130561
343885
336316
421904
244904
512054
501898
487599
474313
498055
467005
495033
493125
522006
503640
522057
527386
506722
479061
383526
255913
520901
270620
519151
134762
527278
133494
523100
520364
530122
254143
520215
508318
536545
526349
202902
556142
692927
1596912
841950
1734412
827668
1743921
1777569
1700254
1785013
1832020
1750155
911985
955706
1474445
490658
963442
1884724
1800317
1879900
938612
1965267
490536
971514
496961
959307
978095
961680
987561
973038
1001570
955393
467627
902278
1927178
431687
1698410
817424
865364
399012
849007
1366675
946266
783316
875138
412518
860385
403840
797421
1827539
930962
413421
911047
944826
474979
918906
1923715
1764967
864611
1649573
315927
403789
1682429
1672033
352408
823843
1509189
363331
1789017
1605178
856110
894704
1759604
883860
1760079
1351311
422754
905537
424337
899838
429626
898833
1861784
892519
1790832
867344
1812978
1361545
807828
883962
377532
891566
1839978
843274
1832847
1342655
848367
410700
385377
896512
1454804
330371
1640945
1643754
736453
1590872
724071
1560550
1144789
1568832
1590150
715625
1569119
701666
1585731
732509
1566177
1564577
1486108
681621
277635
1558436
1464013
560437
1255415
1375145
244151
1473114
584139
668804
265180
671097
1434457
568322
1316026
579472
1321268
1344571
566332
1278592
1239931
1294841
513981
1253231
234064
1190321
235897
569868
230341
579120
851867
910126
195969
1094546
1105253
449162
1087478
483301
1090542
436147
1040991
190104
1010697
1001860
182818
973819
413755
932642
387455
431875
659228
401541
447808
907571
379272
908611
179843
167861
783085
856180
825806
355395
412633
881655
875645
158229
409400
164195
406460
384998
423021
841023
376917
820637
595312
146459
386791
819564
354351
804098
773171
766396
761597
775774
566701
318549
367141
150603
810730
777446
324165
761543
745369
743410
149567
742771
752151
314708
747598
723314
289589
740252
722212
307873
351247
329451
367668
734000
147032
748359
322227
709679
140892
522022
304272
112470
373765
514831
509705
251227
461458
525152
468174
455730
493124
504350
540052
545477
536910
254332
548137
544654
545835
544516
134843
533043
410232
261551
253189
546451
259283
531165
545376
520334
523498
137244
264599
533208
205649
659966
99921
457902
144991
439766
1600821
1597840
1680155
876041
1613024
858660
847713
895290
686128
1300037
1923021
1917541
917957
1872031
1906559
1723747
1839180
973024
1989354
959870
1898072
937263
1868211
1605554
1822259
950156
1943767
2010765
2016786
946238
920639
945710
2029636
962110
1975130
1508952
1982403
2018889
975855
959957
1980669
963211
1995130
483542
1976753
478933
1896843
452384
913011
1901730
888522
1851973
1409945
1842711
1878893
1842863
1694992
458565
1795843
889423
1836224
1836171
833751
868589
880658
904741
1782943
852434
1839645
353037
875357
386823
896500
1863091
1807073
837840
1789994
381134
850913
366211
859886
350889
847131
1748445
353212
1324130
1488525
1548303
1530797
1474169
1115620
1512159
1526620
704226
1538127
1557353
673028
732442
299739
758235
1567455
308385
1126603
300229
729701
290904
1507234
288813
689842
662805
699429
287980
1493622
266026
1266709
1371640
1290622
1312836
578815
1318918
253097
1251276
951039
934999
554286
1301072
250359
227937
1029953
246847
609236
238541
603236
1212958
524297
1183540
219534
1163910
212409
553879
218926
553887
215360
533850
917508
783853
1093978
1057418
981040
438063
1003492
978207
940900
418647
950807
683424
180260
451988
416191
924644
176498
437004
175893
441017
888779
139692
170715
446054
874362
873954
863316
767190
852957
360158
402917
166322
414878
914422
168734
821009
609731
834107
348473
383818
162716
391906
162297
391892
841815
159850
774564
156383
377188
158457
388422
587570
156105
812274
570744
335308
781683
153451
670868
338167
744654
137966
361660
541847
380601
748811
726153
717169
301629
734738
727557
721374
333272
719482
301271
345059
524798
147449
351891
773023
320458
142995
137774
334156
534053
239639
484389
135536
531088
135834
511241
503728
507321
519269
530818
461788
410019
123665
36354
50387
66367
