510433
4280
1007738
2936168
1426869
6441549
9309147
4792205
18788871
5465965
2579356
21573632
23848060
17937039
6337319
24237210
24121474
24129636
24199121
24068393
23789589
24068290
24251302
8888373
15516118
1676449
22451181
9012231
15100746
36062515
2514395
2435031
6779995
7149342
1775787
7343868
1796313
3451097
7194189
3630774
4523672
3173336
3424171
1941653
5325025
7352712
7538403
7175930
3770804
3660667
7474020
3761866
7341717
7343749
3604699
7217507
3690202
7629159
5063653
2149552
3427737
1425263
3334823
2084249
3347352
6674601
2098903
6573242
1510204
7123518
6962281
3291976
6550471
1979269
6921224
1313640
3420164
5541165
3319813
5563932
1193204
7077329
3440259
6180099
4955512
6099380
3229090
6886455
6923705
2641923
6120806
4726182
3048706
3530848
3608034
3176897
982830
3020420
5572628
3546656
6379074
6280716
6716966
2942569
4458987
6084796
2986353
5119351
6141717
6870155
2895921
3517423
6295926
5866357
1917946
2819016
2882941
5709639
1578946
3477129
2349185
6212482
1140552
6044206
1237983
6495759
5542272
4244201
2048556
5886153
6538114
3164813
5664821
1294161
5749739
1430846
1063080
5094865
4544358
1129635
1147401
2874638
2922122
2684620
1449219
2740455
5094964
2871068
5340112
4292397
4219204
5432522
2035239
2022105
2051466
5169399
610733
3594727
785424
3448588
1447816
5186708
6353234
891846
5663513
2465111
6605396
1028738
6403287
1322116
3392591
722355
3508381
6038436
1724894
4920690
3966083
3436804
2563518
1214568
2710536
2785304
3201201
6252736
5398044
1948481
1551055
5985836
2688884
5793671
2726362
6282566
5271691
6605042
2453561
5787438
733580
2923717
2648623
2436104
1307821
2905592
6347255
1880793
6254184
5438383
2933466
4897913
1441201
2654324
3544399
5218821
1983022
5100744
4037212
4582469
2463517
5579030
673893
6246635
2598238
2586732
3518321
1196305
4822042
3955821
2027686
2541564
1425696
2268446
6081341
3017404
5219995
1973844
5400098
765390
3330681
3028452
2455949
1985227
1559358
2004695
2565874
5474982
5049137
2482370
2452014
6307918
2491708
5901377
998646
2930794
5631321
2614986
6448057
2532681
5656787
1395901
5984254
936987
3028850
1470632
2459251
1887787
2442464
6290572
596997
6215534
2346667
2578995
6443270
2499804
5562990
1112931
5400496
2336410
4955203
2931491
3416979
4589546
1554012
2533463
3635642
3347533
2822248
2416995
2668592
3400376
2157990
2309295
3953217
4716546
6320859
4938450
6233917
4952124
6124552
2554528
2375601
4408575
5697985
5638272
2419630
6225639
5060520
2727869
6085472
2410215
5746038
4430778
6435053
2329830
5521419
3159079
4534639
1203499
2619257
5264182
1369577
560807
1972182
2273668
6127482
739024
3161518
3104338
2440297
2527234
2833710
5903168
2412407
5865407
976401
2821689
1472468
2387314
1860897
5119898
6210253
1094312
2900997
4682968
2514204
4995261
2630223
4773695
5332099
2338362
2949306
3137019
2329818
4481623
2524032
2304836
3117480
3021543
762502
3241033
2779819
2361695
1821194
2422345
5045143
6153455
4971453
2765368
3204983
4246849
1879786
2345209
5990916
1703823
5693907
1011578
2655920
6022428
4819378
4428163
5491284
1056833
4200524
2321686
3109348
2866420
2373193
1833929
2433537
4239305
4989882
2541733
5925824
4266098
660712
3142240
1069315
2635168
5773011
4193631
2464484
2358116
6045629
755405
6102442
3795770
5372894
2307683
6077004
4819091
2686982
5850809
2395930
2262619
5997424
1762223
1345372
3666180
2126735
5429942
2807852
4825238
2778550
5398215
1205036
1015831
5424418
955512
2590869
4517765
5525933
1931953
5028382
2545516
5043310
2320149
5272928
1485349
4322707
1658650
4934941
5579430
3063895
4809919
1913414
2323038
2326743
3085441
1026158
2681985
5724618
4843473
3003545
3088044
4668819
2630062
3031654
2624245
2237815
3642516
5072488
3102349
4905276
2438268
5868714
659294
3137662
961893
2768637
5599753
4830478
3039567
5195812
2259779
5762060
922868
5663976
972280
2692717
1453340
2323007
4303066
2779672
2354184
5003550
5659674
2395699
4181010
2377986
2229184
3057047
3029175
3837242
1129370
2606464
1554292
2336683
2992163
3024415
2449697
2375130
1842620
2344532
5176444
3184342
4866799
1783554
4811037
1849491
2341785
1313343
2818554
759092
3020996
5225221
2388639
5699117
491584
4394951
5457799
1305820
2374965
3059937
5333491
4786013
4202621
5429418
2806010
4674481
4286230
2293008
2500827
1600165
2347278
5622068
5321986
4809355
1764970
2306564
5294805
5266137
2388825
5301148
1036689
2464223
1604793
2329306
1806529
2274595
4886341
3092370
5016552
2251811
5570200
554759
5823484
2586685
4649019
2694265
3749761
2624924
2863094
2771061
2316599
4179067
4788831
2290834
5690956
885994
5464652
1051853
2359135
1702763
2263500
1764849
2307982
4725991
1795522
4670843
5345519
5296629
2287122
4827042
1538363
2249560
2467592
2805450
1223204
5109139
2848509
2575269
2291611
4640563
4171938
4763779
2791149
5090181
1030020
3744371
5293601
2833351
5105399
4936885
4981329
2732605
2573437
745705
2721922
5107776
977768
5195895
860312
2729002
1070370
2271329
4021493
4887220
5249442
2220529
3734024
5014702
1920321
4613948
2312862
2370463
1139520
2161482
4187629
1011151
2072450
1739242
3186858
1064439
4134770
3191960
1075301
2026350
4216627
2043829
4165896
1069208
4109620
2048106
1079635
2068818
2122499
2016840
1074578
2040135
4091612
715258
6588207
3795949
4313113
9020092
2234140
8875212
2133494
6454288
8744626
3668356
4042319
4291255
6348321
6529777
9104042
9031969
4497198
8887370
2302830
8936298
9240357
4518952
8922899
2271950
4223848
9187603
8970438
4271902
8986523
8780633
4390382
8704896
4352187
8619467
2087748
8748476
2161272
4158792
8621398
4195666
8599786
4119166
8588694
4195773
3901878
2130392
4144726
1993192
4071228
8209479
2074871
8127164
2062260
3924647
1944330
3977754
2085930
3942716
7681054
3897163
7917083
3810092
8242170
3748207
7923415
1900924
3767966
3963084
3912637
6043161
4005697
3779408
5949251
1899471
3844197
1836347
5062859
4972561
10012362
5260684
9472624
7421105
9856927
4580569
9364434
6012481
10831693
3023527
4368175
10366066
8280803
10177128
2262411
10286858
3022886
5031208
5110068
6481178
5070991
5830944
2276171
5149714
2608941
9894673
2486655
4974635
6527116
5749131
2548545
2042470
7951076
3017817
4637531
2715958
5164247
9084407
6558445
10849510
7718408
11912004
6427255
9940877
8153484
4605438
5211213
1865436
6591322
2665270
5859545
10254142
2808575
10519667
2133412
3697964
12274417
8972785
5107574
11990868
5488321
10055880
10110639
4568569
10605569
10692667
5473324
10513093
2872395
5978443
4190983
6248388
4403567
3291799
11122051
5497425
4538739
2527833
5427123
12136316
5690427
9574490
9057752
4675679
5581948
4987298
11736707
3047614
5511841
12286593
5658116
10079707
2400299
4256068
3009371
6910036
2957055
4777877
12925699
5260834
12730875
2683044
5873303
4201004
11053531
10180675
6491126
11431686
8022601
3171272
6135810
3157449
6492731
11133402
3208572
2583719
7841856
2940229
5989485
3570984
12705778
3857716
4457184
5274948
6269681
3150855
7102854
3009158
5290251
10727115
2770488
8598278
3805710
6055365
12915959
4934297
5805912
5630083
5113507
8962271
3956724
10546678
11146077
6861933
12784008
2659585
4897630
2669617
12411059
8610031
2434689
4472838
5680814
2854398
4194172
3079524
11301353
6349471
10407608
11648119
11737776
12010533
9503277
5917793
5758431
3331083
5913854
11165760
2357896
4344490
12848557
4320355
10960290
4560759
12615320
3008347
8963379
3491800
5483763
1811434
5677763
11784407
5561500
4207485
3502991
4841867
4976773
2871508
10943863
11649342
2760862
7950518
2850090
5424268
12078028
4667917
5522132
2528540
5057300
10146968
5219223
6456582
2224172
5544459
4471633
5245659
8021160
11050214
5115238
8335282
6208862
12450240
2738583
9691080
5849056
5759661
2363070
5825322
2423252
2014309
5082443
2926842
4269555
9317258
3533281
10468157
5061415
5420203
9709582
5975878
9684537
3006877
4573760
2137908
6068140
12272367
5138704
9637479
10543610
5928871
5011470
8135694
2143416
5403222
7711172
5856167
9514159
2660721
5859107
3118090
5134910
5167101
10235330
10195006
4662649
11943803
4437232
10266399
2750478
5809065
4687723
4464536
5505149
3622372
3184085
4526076
2311996
11759376
2635326
4870009
1919268
5321230
9859989
4757039
4588378
9839337
2633013
10375588
2543440
4645171
2403612
4985321
10630100
4947882
5671151
1757963
4375480
10176783
4713447
8938095
5191597
9285676
10786402
8743842
4732231
4170339
2894458
8492916
4451495
4879150
1902526
4689142
9151593
5324114
10136428
2474909
9472282
7768427
2155244
4742835
2604753
5001816
9373928
2766576
10055182
2280351
4308498
2173625
5486829
2352776
4051009
9537386
2534958
8277457
7468562
2591836
4002844
9192824
5257635
4240898
2605511
2272154
3062588
9412317
11587110
4677231
4614871
5337740
9684640
8188294
7938390
2979484
5178656
10216668
4975804
9439863
1448341
9639265
8288667
4141068
4783961
8570077
3877792
9003576
9070677
4682066
4331998
8686388
3807007
9640025
4412523
8740338
2196985
9147825
4323921
8075190
2754684
9299666
3854837
8841560
1967167
8776904
5049822
7016951
8579243
3634147
3777090
1427577
4753332
1634739
3743125
7509213
3662526
6753261
6565894
1575171
3236028
6462902
3468474
6686800
6453129
6823211
3160746
3025110
6454693
6298405
3075876
5776191
3096121
6101150
5654628
3000271
2795662
6139309
2707662
6188365
1337689
7238794
3784188
8087385
8166297
4585877
8748052
8996116
4196305
4413325
2133785
4246461
7580216
9563795
1886295
7725703
4732712
7510451
4020673
5036787
1676695
8508830
3516430
3798397
8015140
9455824
1452723
2716552
8136139
4811306
8048130
4276985
4447931
8759975
4257118
4505217
7105774
2633253
2258892
3704525
4877985
4562261
8344146
3643335
7540551
1396590
7069670
3800620
8246553
6359853
3856209
7039769
1902494
3075189
7797867
3819528
8078394
6674214
7713128
3418245
5291050
3343107
7492471
1243604
6855453
3360453
8483126
6382248
3336781
3786954
4102553
3451844
4215050
3367940
2323816
3439699
7962749
2065068
6934211
2743291
7925741
3658462
6589115
5181093
2292371
4058691
7957670
1226254
7292337
3536424
8527992
3670442
3812328
3605662
1690494
7808287
3595407
8632762
2241777
3434412
6466655
2999806
7167674
2066725
7266612
3989109
3844663
1709702
3755383
5179628
7432161
3306281
8407649
2707168
7749710
6991206
4318203
8174400
1911279
3058841
7407586
7960150
3540657
6945926
3757831
7766619
4346062
7700739
6230675
7236258
7804860
3883994
7495524
7499560
4056113
7866017
1988687
3930224
2837790
4889723
8580997
3990305
9258300
2566514
3780453
1309767
2948671
2930951
8559135
3528005
7178114
7107445
7405877
8212429
3311139
4973559
4121698
3619642
7543455
1417728
8242996
1294466
3423788
8427259
4354379
4514899
7599170
6782295
2639089
7074670
6106603
2622822
4589026
6234801
6443597
3695371
7900751
7694482
1505341
3642124
1342833
4274145
6701327
1282109
7477529
6261820
7799898
2966822
3146729
5459533
5330089
8840627
2399799
8286120
7657630
3418778
6579661
1307393
7140872
3391893
7420716
2758248
6555284
2563327
6227871
2322087
2781691
1628721
2831098
1891263
4609089
5429133
1160159
6040964
2614679
2409274
1309448
3762690
1143683
3240238
4254629
2670291
2460973
3565200
2481835
5400590
3864065
1274491
4020104
6818871
3450229
1736325
3735535
3400524
1569763
3499955
1965381
2777736
7706581
1957256
5360932
3896190
6616959
3201427
6481406
3174757
4818294
1153079
4273059
1795377
4073814
1034450
2532066
6510337
2597630
6449661
1450354
7330207
6083076
2299868
2565671
2542826
2082711
3903167
4859763
2485981
3253398
3019410
1199137
6283460
2297944
4144286
4089779
2114437
1237721
6658522
2192817
3543930
2179494
2503227
6886482
7554052
2039542
4128118
1150916
4315640
5092148
4900185
6500012
3254163
5242685
2400490
3061209
5692746
3898478
2214800
3191271
2443300
6497864
2910190
5982042
1121161
6512786
2309238
2823519
1202234
4827982
3408857
5213547
7439441
4793949
4718772
2397398
6469855
1049921
2263589
1046418
2237327
3413249
3346498
3443923
3023417
5007435
1142592
8253557
4628706
2335477
5545560
8258145
3495072
4866265
2816389
2479328
4395279
2510806
4206821
2015095
1598305
3487210
1037297
2309786
5753998
5912208
3311766
5789383
4652446
2840806
6786019
3664873
7256026
2469729
7415483
1139737
3099234
7875208
3653029
5467718
2047858
6679038
5612014
1010835
4153145
1002475
2200432
6403449
2137285
5069417
5555612
3045328
3202298
2647310
2488265
4897897
6825195
4703808
3275667
3435218
4659105
2491672
1839617
2354641
3284641
3278194
4339932
1526868
4060843
4636847
1035208
6444304
6589928
4068515
5252194
1001349
6310495
4459794
2346284
1877078
1189210
3344551
6953036
2518268
6533600
6890391
3915026
4231838
2521523
6498452
2565020
3746731
6971019
4329574
2519156
7236523
1741076
3444585
978199
2128677
940549
2051524
4810352
4706923
5072121
2340003
4770361
1010910
2115847
7543898
7875465
3121310
5396394
2057479
4431591
1343257
2937049
6422709
1021777
6765048
1421228
4179517
5551532
2161494
7690366
1843008
4664263
2543483
6577230
5383769
2017472
3788427
4238695
4565018
4403076
2118093
4086178
4183261
3289460
8401825
1365757
6861084
2374465
4864644
6540049
2938936
1887497
4608851
4071302
7995473
6381023
1951779
3936421
4253663
7049972
3115391
1970669
1056946
2220185
1045887
2465668
8044602
3862548
5903095
3472709
4905770
1003698
2221024
2812476
2190634
4438685
2549513
2087892
2134002
3720807
8143566
2089364
7146863
1241918
4794755
3315083
949489
2049801
4174420
2167922
4264698
1003785
4503815
2294761
4116265
3733882
4306546
898461
1259875
2050695
3223447
4526873
1049439
2070632
4212169
1788773
2639523
891695
4541370
1885094
4347447
3989860
3965608
2101220
4234916
982373
4061759
1113950
2094737
1003944
2001770
984471
2054729
4967348
4365118
1994486
4853951
1279290
4276303
2193638
4472866
2009573
5070038
1175081
2505124
1897168
4412436
1114770
4573269
956320
4836388
4640415
3925633
2318548
1085432
2279364
1304601
2269616
3553582
1137330
2288291
3021838
983518
2433708
4598880
5468506
1870963
3953591
4056321
1914472
6989833
937358
1972729
1961848
2041603
985691
2317302
4142757
1859594
4289297
1998966
2159586
1082120
2271131
945840
4271477
4047322
2000291
4243498
4298208
2830629
6455830
4502996
1967379
2423291
4620934
2460138
4633387
1035524
2273622
2106928
2244038
4407853
2015897
5090739
6703442
2298383
6378970
4430547
1912039
2323110
5754354
2369463
3777594
927004
1956029
956540
953806
1911022
4103567
4566708
1909363
4608743
946732
2057798
1075423
1098113
955295
3076362
5869080
2058351
4094202
974662
4554676
949694
2141008
3041467
4332608
2053431
3898377
1918663
4528941
1039181
4024994
2062090
5311365
6026142
2071105
2029347
3731033
1747244
3751103
1755998
4319719
990055
1842318
6997052
1917178
4211884
2930828
923385
1913575
933226
2058625
4654894
6724704
2246539
4568627
4196563
1912366
1981326
1081755
1911086
3824665
4041241
3687161
1761911
4300948
1929951
4555130
4394882
4079304
4137230
1891037
969613
986757
2226015
935866
2046097
4456071
5053905
4808123
3099751
1019367
2078727
2131223
2062125
1242660
2311051
4812607
2348030
7423706
2095140
1965685
979597
4332763
2017930
1638338
5958661
3514772
4312442
1943175
3881144
2172928
2213701
5732818
3870058
7688251
1076912
5452818
4488574
7110856
1278486
1956616
2178387
4514892
4166964
2929594
1796997
6466933
5000679
8337059
7111340
7261356
3964685
4719003
7542585
4655998
8540850
1373119
2041337
945694
1922899
1017285
2266695
4379511
1188452
4387415
4888153
4850710
1158149
2239305
2539355
2303788
5037822
2329787
4834507
1396620
4448390
1423947
1030552
2119601
1108443
2059644
3232006
5676427
625064
3498202
4065060
3671725
3119215
5086869
6559481
2517823
2371098
3240762
634522
5954277
5162671
6638931
2208139
5354425
1645374
5214461
1500709
5806975
2295444
4801299
1756916
4732218
1652457
5261017
1083405
2513781
2998260
2246250
1487391
2538867
4637841
3111698
4913162
4141408
1130409
2878650
4531981
3170343
4472081
1834442
2040859
3896298
2579043
4373559
5446174
2209142
2640099
5350038
2253718
5658818
2155805
5601506
3947403
3846479
3008049
2214632
3969252
4586890
3102734
4915589
2518575
5210475
5491258
4873212
5648137
2274550
2209419
3224012
4612358
6128222
1875968
5810838
2344447
5654364
818756
3002208
713063
2872294
881047
2700662
4942116
1609652
4233663
1638451
2015843
1719170
2219010
2852627
5066957
1684853
2116326
1670519
4459653
5718879
2107769
5644675
4589021
3081842
4329752
3080644
4865936
2580629
4962087
5656415
681483
2967870
4899376
1522319
4896797
2753740
4753278
3008725
4652477
5775802
2249600
2690118
5384187
1586982
2547500
4899132
5592463
2017996
5745085
883846
5437360
4146691
2373304
2345671
5531938
1575172
4481982
3766869
5684275
2151516
2406268
1590106
1516213
3823918
3936982
3957525
3909575
1346406
2768457
3179268
2466996
1595417
2698169
4781735
3237683
4255784
3051169
4815725
2565477
5251451
1485384
2068199
1504096
1946379
1785884
2089075
5323566
1106033
4912950
1830796
2128003
1486173
2206415
5356909
2827370
4759393
1438882
1658659
2173369
2615768
1115782
2537736
5406253
1106099
5668181
4667798
4255595
2324690
2898346
2126783
2439669
5489612
2061587
5309114
4115345
867699
2624929
983296
2936841
4483177
3166762
4660738
2980754
5581629
1761544
4404251
3300116
4680711
3161326
2381126
5341850
2393228
4810704
1119701
2190062
2469852
5552185
2298030
4745882
2780467
2299318
1315951
2684231
4803034
3182934
4409570
5711672
2113486
5461970
1057716
5374085
2377909
2800599
944468
2595664
5062602
5230115
2531722
5110874
4911589
2343040
5750534
1623614
3719485
2892634
4621580
3015720
4276615
3014520
4571075
1738917
2132182
3328133
992853
2904817
3042469
2370595
4388698
4697543
3044248
5043784
5887082
2663940
5024870
950234
2896711
636996
5454003
1482915
2331415
1984273
3362538
774713
5096277
3025211
2475402
1570440
2709782
5285525
2174635
5678970
895010
4358710
2790935
4741868
1713147
4568876
2664527
4824038
879317
1980200
2197758
2529263
755102
3001601
3554865
3858758
827966
3303992
624657
3082431
4679517
2651174
5307689
1694908
4783115
1463729
4810924
1186901
2440704
5116609
2221009
4976597
4269066
4490176
6116574
4500253
1841033
2298149
1695791
2235533
5368905
1108336
5176153
4874282
5939828
917703
2548631
4860469
2289382
1166348
3498930
999823
2739230
2062907
2516939
1761985
1328995
3937300
639180
3188874
2760576
2040512
2277633
2477947
4579901
5030962
2183167
5214587
643016
5166972
4931887
1961894
5871720
1153777
2452863
2024083
2341625
1533679
2110908
1693780
2207291
967980
1777467
1880092
5690446
2641441
4696101
2939074
4556471
1351721
2291702
5616776
2467997
4766547
1200929
5240944
2518882
2220659
5239710
1323486
2651173
2341987
5205938
3829486
3294269
2336865
3846175
1997004
1801586
1672008
3172048
2497792
4358174
3875672
4646290
2675492
4874550
4306381
5683536
4294979
3086703
2426939
5303240
1152304
2690022
1567870
1589715
589539
5156802
2659820
4771544
2853969
5718047
2583308
2418227
3895418
5390649
2528192
5149763
1119958
2711114
3713495
3531053
4900676
2133936
5730619
747723
5707070
4732823
2586182
4598135
5362206
4872452
5658533
1190230
2757384
4666494
5226270
2292805
5725419
2264325
4810612
2890562
2285942
1285897
2902615
2080746
2106211
1340956
4850745
870113
2384007
1181647
2629839
4739565
2470145
4654597
1490597
2186590
3008322
2395056
1213396
2368854
4889560
2494537
3965784
4637782
5259581
3736817
2606154
2301049
2515398
3076110
798197
2874327
5044746
5289667
3606311
4711321
1851390
4473153
2522162
5288324
1151765
2674717
2260378
2293322
1893552
2256256
5439646
4542879
2622687
2571658
2508336
2578389
1404091
2368226
5411309
2330006
5229223
684068
2957017
4075965
4648943
4700946
2295938
5468313
1735587
4707464
4405726
4965253
1038798
2490836
3715279
1146997
2289695
5548558
4699065
2999531
4306139
2751380
2374331
4744107
4784087
5160335
3007328
4364511
2544730
4680007
4297441
4326636
5498246
2373806
2314350
2946579
2215489
1573414
2471592
2151973
2906579
753928
2739919
4552592
2834744
4541747
1256682
2344868
4645760
3323463
5080435
2705254
5835633
2474889
5090306
1420712
4093352
2330313
5390164
2422410
4734064
1435585
2099795
3904001
4336618
1618146
4844177
2850272
3823901
2631121
4988405
3831548
1374088
2715671
2475946
2347797
5514897
2248145
4516774
2579850
688414
5458455
1884749
5117006
4771293
4447312
4585427
2072815
4806347
1448225
4798875
3315764
1284540
2003717
1100500
2286830
3427597
2727284
2362382
1995717
5445615
4322035
1286286
2670553
4491015
2312382
1972302
3021061
4541163
4106181
1401963
2578091
4266875
823954
4605448
1494722
4690646
2778974
4977573
5161005
2374551
5032509
1606977
4677568
3871108
4250385
2538764
4652691
2438181
4604001
5022560
5025711
2743603
4619500
979068
5073596
2393008
4719604
2191450
4010620
2466801
4563476
2524594
2111597
2516641
1289800
1757091
2591116
2178012
1372585
2273302
1774670
2004246
4292671
2240045
4936784
1024323
4691684
1252596
4508868
4370177
1511797
4313397
4551710
2219814
4447509
1084272
4475321
2272243
3845028
4550183
5158622
1175507
2191043
4148843
1876190
5660258
708291
2198089
4448527
2129894
1099057
3342190
1827568
5083084
792029
4855477
3376318
1202017
1994348
1015178
2449770
4806155
2204668
4171796
921830
4568112
3309515
1168731
2198721
1169040
2194983
4463187
2269381
4328151
3387938
1147159
2299764
1238233
1721090
4309381
1075333
2175222
4482333
4753736
2311422
4518323
4430368
1077686
3382084
1143529
2201937
4356584
2223854
4686942
2882733
4315732
2751111
4599960
4380462
2220837
4384203
1142324
2135571
2913525
1145019
2172636
4399929
2286550
4222591
4390686
4312684
4337995
2181766
4415199
2152578
4342000
4487975
4279898
4383800
2072068
2192561
1142740
2171620
1140627
2164107
4390075
4461687
2248360
4355095
2273042
2192312
3414710
2261462
2187217
3232349
4420230
2176868
4415070
2103998
2149915
4468347
4445686
2248340
4606372
4503488
4323991
2179762
4380897
1148169
1039507
1145345
1146557
2175527
4393941
2196766
4417033
4272261
2219308
4396466
4467411
2163727
4370580
4465771
2195033
4447333
1143321
4394926
3377208
4464680
2193324
4402985
1144669
2180440
4444153
1011129
2156402
4396574
1039042
3387994
4408822
2244397
4460595
1140552
4302271
4472338
2181953
4354657
3381616
2262337
2179585
1135218
2175132
1150866
4322160
2225974
4383415
3362378
2261823
2186628
2266923
2171644
1142511
2180433
1152981
2191784
4419008
1130042
4315426
2219654
4344644
2291537
2086466
1145430
2157682
3385162
4295882
2213224
4454467
2261767
4396244
2190689
4409245
4511059
2213914
1027575
4488135
2245772
2101264
4359684
1153448
2182324
3372269
4342376
2173635
4408970
1155097
4330173
3371779
2229059
2161530
3397744
1144402
2201326
4364245
2200856
4398076
3363682
2120686
2101447
4502154
2177874
4447992
3365757
2225998
4405169
2261271
4462950
2244380
4422712
1138567
4393631
4478341
2250247
4428254
1144027
2150601
3381019
1141660
2171011
4395731
2287671
2163852
4399129
2193677
4383872
1142818
2155871
2246687
2170621
2238931
4404593
1149493
2163238
4436747
2251019
2213966
1125497
2147725
2242444
1144085
4286798
1144824
4347680
2275251
4388905
1144207
4398575
2238029
4386931
2181361
4439057
1148444
4416892
2242355
3242956
4400268
1133765
2164158
2281587
2181513
1142152
2178096
1138810
2165450
4383336
1142040
4320253
1078911
1151742
4431557
3376474
1129559
2195567
1140788
2149876
4815522
2205905
4393197
1145868
2177064
3385862
3276682
4476084
2224221
2193216
2155042
4446351
2224652
4452827
1148789
4368197
1132423
4366565
1142515
2192074
4290014
1129066
4306248
4292156
1133765
2146399
4264460
4392853
2198440
2178774
4483663
4358326
2209536
1123604
2165375
4225504
2194495
2147282
4461324
1132857
3258689
2222647
2103249
1152496
2164886
4414298
1141947
4038650
4123050
4610075
7625315
9816243
2500986
5325852
10748014
9233309
4254502
4113850
1102034
2053218
1095779
2012722
1124422
2044673
4422764
1449432
5821164
3943634
2251328
4350393
1014994
4684328
4491803
2194331
4283977
4207020
4812725
2438436
2551169
5597804
1474658
3055150
5961839
2834171
4482708
5352781
6873425
8462800
4715946
4601339
7163086
9011405
6825586
9182607
8161833
6909842
4684709
7375091
5046709
4919979
2487029
4960378
2495500
4951676
10170821
2449577
9907298
10229051
2159285
9922106
4536713
4899461
2434245
4765301
9670306
2345763
9500942
9725131
4086912
4803579
9034430
4558359
4646952
4636854
4275018
2193739
4312738
8963919
8668168
4188689
4260399
2011742
4232765
6426627
4003696
1898695
4059980
4108869
1829395
2132196
3944360
4213886
3898326
4050650
5983863
8003339
4023693
7833292
7831326
3686609
3766138
1863547
3979380
7688277
7694714
7670132
3727868
3506220
1780657
3823031
7384895
7648496
3540701
7533319
1866265
3721166
3523512
3761201
7591805
3548470
7310045
3636821
7177365
3533729
1611866
3474733
3497098
7238496
7314962
3550840
7013208
1753708
3564618
3274007
3296467
3381887
7147501
6833300
1671538
3304295
5083350
6830688
6968545
2960758
7003764
3215634
7143800
3052784
6934700
3287870
3503938
1581703
3276648
1600701
6928486
1547156
3323625
1664240
6989334
1667701
3324991
6650404
6726004
1691927
3191750
1590047
3580336
1676147
3286632
6992619
3291378
6770540
3343003
6276774
7153114
3340202
3361966
3371904
3487280
1560975
3441650
6759140
3317080
7346584
5894485
3567800
3540457
7602600
3901936
7686019
1537109
5820738
5629954
8438653
3817454
8086747
8024600
8138922
7914383
1754098
7649952
3957833
8171734
8124441
4022081
8184187
7148247
3722961
3819078
8026653
7637346
3417379
8379396
3450454
7180053
1551634
7088011
7682751
3240515
4167001
7608773
7191228
3306545
7155739
3005231
3478333
1516372
3528074
1708667
8086548
3403630
3639815
7717783
2406891
3099283
3512419
3100556
6753551
3594786
7717992
3152648
7109561
1556581
6935763
2852362
6931718
3504458
6283538
1366960
6366892
1466333
3574419
1377817
3036294
5020712
2809144
6149645
2784398
6248363
1171783
3076660
3163422
2945246
5243653
4702047
1426683
3527506
1371714
2816771
1230344
3164479
3143145
6070698
1254266
3000922
1315676
2886836
1250371
3194505
6431134
2787477
5732019
1285439
6252873
6640784
2685089
3197090
1308047
3230177
2980918
3251827
2992099
3166892
1363571
3066442
6655848
2845665
2316949
6015507
2530473
2776123
2804138
2993853
2814184
6073271
2732616
5936726
2798457
5684819
5958768
1120699
1466201
5752591
1232143
2787857
1195601
2764110
1185823
2757181
5810912
5432270
2400396
5235449
3988656
5423651
1103589
4101484
2245231
5079463
1036686
2502212
5111588
2274178
5065757
2229924
4808653
4778546
2191414
4799028
2133622
4800290
1043192
4680867
4679343
3479646
996986
2401128
4788548
2198927
4519292
1002840
4655434
2733630
4498275
4579692
1991487
4569552
991584
2261676
975904
2243041
993144
2214136
4831710
964280
4423638
2126786
4314371
4532704
4518677
2009554
2070242
4466919
2018130
4385183
4350165
1949023
4233084
3796380
3996901
1884940
4152688
4270583
1890045
4145374
4284029
1829808
2171420
3063339
1925666
2061771
1955817
2026814
1920261
2010074
4135589
4017090
821386
1937840
4017781
3946044
825201
878698
1033969
3934697
1872168
4085180
3642996
1774131
3812936
1759940
3933966
2867190
3736140
1742819
3830703
1801126
3742862
848268
3723985
3805435
1808418
3776791
844736
3835220
839459
1862879
750827
1071649
561445
1031538
2050883
1080906
2101825
2161813
1078731
2082368
1100060
1049505
6116880
2068537
1976165
3666807
6158860
3343829
6920008
5460631
3827806
5534475
3136188
3307114
5266585
3379408
6320542
5271507
6212887
5183644
5546255
2641596
6170135
6021454
5902250
4785609
6130472
3137226
741765
1977378
2611662
5174829
1518629
5598824
1114732
2093540
2718417
5308899
3493367
5764298
4188412
1491239
2986310
1092662
6056007
5082652
3036752
4853284
5827966
5586218
2446624
5964939
811032
3241005
4153820
3454085
6005836
2540310
5670938
2734065
5059121
6261985
681072
1616635
1501154
3745276
3107002
1227906
2578609
6348961
2709983
5327324
6184894
2582404
5151163
5773779
2385047
5578660
1440908
2441468
3232571
2756521
992422
3106539
4737800
1942111
4991410
4117894
5629789
3017296
4856924
2824507
5099602
1823131
2054563
1615617
2754203
2438394
2499252
2679033
2986755
3004447
2487225
1218302
2989012
5003782
5379423
2678652
4926207
2965719
5953387
4144727
3390039
2284966
5119771
1214010
2435902
1700622
4959549
1791490
2347147
1890146
2591619
1475952
3090226
5303577
5399118
3064940
1855022
5659060
4045194
2604254
3001152
4601680
1364931
5327605
2883900
6027222
698859
2988028
5320859
2727961
6517404
5720800
2566345
2794753
2824389
4995689
2615083
5794454
5257336
2585304
2437751
1966440
2543246
4486375
2605924
1323527
2790312
999868
3075836
5575745
2556527
5210590
6244653
2411437
2423027
1809044
2431180
4144306
2583407
2448333
5043172
1781345
2407215
2580261
2774480
3977561
4249509
4246057
2201774
6182250
4808001
5480630
2997840
5115316
2452320
5707167
1337642
5221499
3054645
5587739
2690992
5537181
5968300
5148552
2701958
5357020
2214242
5358047
4856461
5149693
5692155
2537039
5048781
3008390
5302723
2408106
5874165
5036870
1525269
3745052
1737195
2422123
5520177
1224576
5233363
1575440
2487469
5641488
1191784
6015076
1070209
2653360
1540655
5139113
1578653
2455166
1648127
2634860
2637429
2565816
1630992
2425803
5554567
2980615
5352593
1105850
1432855
5211241
2804517
2926492
1022799
2543747
5870056
963875
5695140
2701841
4964202
2490179
5838588
5279853
2591286
2894969
1553924
2616551
5517365
1581488
5179465
1935179
2502023
4200723
5047047
1579758
2414726
1575914
2407945
4377161
5169602
5289708
3156464
5582667
4840767
5797115
2930800
5052185
1837996
5197082
5466736
3035853
5802762
836250
5771474
5261398
2684549
5838694
1121076
2638094
3944104
1063046
2718953
4982605
2476299
5962976
1082816
5989255
6213850
2373173
5469157
5512920
2694848
5364728
2856488
5020562
5243968
4321655
5491042
3029286
5062269
5127981
1816381
2451298
5049943
1660696
2471730
5453280
890594
4336359
5057341
3138181
4382238
4579868
3120940
2614028
1029320
2640198
4818021
1330023
5124635
1687000
2410561
5409812
5149982
2687029
3086680
699759
3106695
774884
2873776
5118399
1329351
776886
3072934
4669313
2429192
4504126
4971669
3024744
4842956
5289462
3026810
4738984
2180819
4996073
1112860
2281891
1298864
2472475
1154607
4823222
4782252
2486696
5040079
5148236
2311336
2723849
4466379
2726877
2695702
1122626
2575225
1707736
2165961
5790044
2673729
4907031
1584846
5335649
4166222
778180
3104464
1481851
2543399
6382343
5303340
2597002
6120722
960121
2737089
1052713
2987850
5039236
2101673
4893768
3061096
4705258
1845614
4929652
3069360
5204091
2568342
5076364
1719745
5187727
1835137
2485949
1193904
2637991
4537476
2773635
4162920
2903391
1865318
2710140
2541552
4483764
2656597
2862045
4824214
5517152
3010970
2836682
3987351
3053191
2384783
4248295
2600473
2526979
1814025
2650835
1100158
5766911
5044119
4572389
2520489
4388775
2445985
4999986
706618
2815857
3342698
5382440
2468418
4962582
6030409
2505460
5205380
5588011
2209283
5384533
5040381
4634655
2482005
2115825
3601865
5518703
2410958
1308916
2408245
2109215
1591893
2324833
1622937
2371264
5317948
2524781
4524988
2597843
2379153
3702470
1260798
2366566
4632133
2318166
4677692
1208923
4313685
1219266
2441870
3949308
2552525
2526267
1911545
2432415
5102011
2365506
5228690
1042990
2537164
5672628
2545958
1930849
2337033
1226114
4621328
2361172
4739207
1196135
2276980
1198517
4482366
1398004
4669168
1653654
2274141
4574484
2239146
4602077
3541403
4657834
2352355
4654642
2288125
4627735
2350140
4489079
1196922
4636938
1177174
1187604
4633622
2254872
4715394
4805764
2318220
2215475
2354489
2244704
4743011
4662231
1119307
3244044
2357805
4622372
4657470
2339305
4595568
1198102
2271109
1211835
4665971
4712511
2290621
4586531
1195641
4588840
1211041
2280430
1208278
2305751
1209832
2275103
4612096
2350472
4511955
2297844
1130175
4684909
2356806
4501940
4668260
2255336
4585127
2387531
4639125
2225931
4572503
3539800
4647666
2227646
1190560
2255346
4466597
2333263
4675125
4573988
2196422
4642327
2269795
2340627
3568807
4502327
2315846
4653740
1195910
4592479
1098391
3594080
4643838
4581387
2309919
4578998
1188117
2272511
2388055
1065797
1195006
1197483
2281349
4557766
2318646
4655084
2160374
2284910
1188187
2277399
1192295
2250944
4564056
1189771
4530452
1191777
2249647
2358673
2288935
2353720
2260009
1207541
2293143
1191820
2269817
4612635
2368786
4530508
4771332
4707850
2294974
4548084
4695313
2307382
4574077
4604720
2227618
4658543
2279884
4649248
3509011
2286629
2229502
4623188
2311277
4652625
4614554
2269330
2197270
1206894
2304135
4615624
2361151
4512982
4702398
1187901
2277544
4638396
4617744
2262725
4594511
1196616
3420817
2324492
1187084
2300868
2265582
2266285
4716462
4629877
2324090
4591839
1193625
2255526
2376820
2297715
3533722
4597691
2309483
2251982
1198223
2256915
4573885
2319418
4633878
2370121
4579119
1205692
4575080
2342461
2266498
4637962
2260961
4653547
4718626
2282116
3381583
1198293
2330842
2399627
2284831
4592533
2236410
2291008
4716307
4587622
2317727
4601466
2334052
4547613
1188790
4562341
1188776
2273664
4672748
2347055
2241986
4691636
2255111
4627621
4668764
4654950
4586455
4564608
2172955
4545083
3553786
4586584
4701940
4674794
2311358
1190070
4679529
2321850
4634917
1195519
1094867
4568876
1194241
4585145
4713672
1199882
4595075
1208075
2282496
3546112
2320765
4599499
2379740
4574213
4662526
2297118
2204981
1185536
2249827
4542083
4599840
1200229
4630294
1202714
2293145
3516149
4549574
2400789
2182535
1200885
2249958
3556858
4520658
1207461
4540427
2345289
1185928
4498281
2323213
4635564
4590498
2272234
2202519
1208580
2300409
4655234
1197794
4552609
2280117
4654058
2255380
4639879
1204088
4598547
2234139
4613030
1185516
4580931
3524528
1191921
2278311
4710377
2237023
4613063
2394159
4637086
2281417
4636655
1186086
2245039
2365272
1080702
4600881
1203108
4589159
4682676
2357717
2283665
1199591
2289019
4587895
4624659
4684728
2401229
2282107
1208269
2322871
4632809
2327534
4610868
2381032
4656307
2320051
4633004
1199406
2288521
2348295
4657258
1204283
2271014
3534940
2361745
2264688
1188336
2258125
3373003
1129116
1202317
4666547
3515875
3425992
4667100
2330495
4547830
4725230
2261031
4608028
1199240
4629437
2220990
4639686
1212936
4492751
2321163
4617263
2328318
4557033
1194319
4558950
1191586
4583967
1174364
4583859
4671145
4543878
2168495
4580684
1202801
2256574
2325541
2260603
4646959
2281374
4624478
1195181
2260803
1197761
2292112
1198468
2286664
4654483
2317027
3459839
2250946
4646388
2280700
4601203
2402451
4650877
3524880
4630121
1191736
4600864
2373288
4588763
4627521
2331211
4584814
1202926
1066444
4618128
1197443
4595257
1206952
2278450
2339966
4619355
1192011
2258334
3554274
4601548
1190945
2262956
4681661
4592799
2261617
4619406
2381993
4601492
4688086
4554809
2157721
4568246
4591809
4664286
2219760
4676224
1193331
3445285
2328491
4538354
1189877
2270278
2260706
2248888
1204733
2276191
4559677
2337242
4645502
4673557
1129821
1188841
4623894
4665078
1198197
2322340
1190808
2270522
4553862
1180009
4501584
2274086
4619434
1195754
4668849
2416569
2349773
2209135
2393055
2291222
1194846
2279752
1190449
2252724
4561660
4648589
2297743
6226768
2680405
5735530
9541251
6643644
6651368
13158794
14819406
3572499
6959229
3578628
3149730
4144134
4266294
1109925
4036586
1105340
4224810
1161935
3156777
3639602
2122944
1447311
2805985
4266561
5085522
3403230
2866694
4534638
4842814
2483475
2325610
1066250
1265862
2443338
4844647
2482060
4059888
5102705
4922947
2574063
5286704
2599596
2540234
5253596
2649161
2891229
2819824
5875563
5731385
2867731
5611043
2868567
2805762
2866088
1489621
5617459
1456970
2805791
5520020
5328300
2659474
5639893
7492461
4020476
8777044
2268349
4530532
4524931
9482084
9782710
10143105
10529107
5487667
11241785
5461991
5708108
8722421
8762505
11494383
11753673
5633956
11607790
5767482
11656223
8823188
2860853
5810359
2900083
5758447
2902796
5809202
11779511
2879210
10970116
5783411
11694432
8851474
2845167
5761547
8787342
5686031
11765003
5516321
2904864
2796670
5854886
11441122
5713869
11741702
5656701
11564817
8760830
5532905
5635604
11791634
5464365
11505305
5740625
11522121
2778092
11559115
2051626
11415640
2578425
11046320
11337525
5338437
11347470
5141071
10991028
8029408
4890380
5140320
10768589
9991333
2157516
2148043
2347894
8962638
4353683
9129158
2120729
4300449
8999856
3782211
3863067
4241740
9028551
8961122
3296762
4200488
8673728
4136771
8809649
4159461
8765228
1891928
8107811
7862416
3597728
7853157
5844366
3415343
3577463
7420845
7444949
1475228
1855681
7260092
1447295
3532204
1593587
3581605
7616411
3410476
7306873
1009960
3361605
7240827
1295639
1818486
7087883
5304954
3398988
3612458
1523675
3495294
7258527
3233089
6850284
1444965
6693092
2880786
3254486
3043756
6217093
4684649
2747603
2992136
1324321
3075099
6579771
2910908
6355780
4579863
2793272
5005211
5812962
2637950
5826128
6015664
2582376
5759076
5821946
2570961
5507053
1177638
2512826
5586717
1178696
5383974
4024712
5382906
2549631
5341310
2323823
5084304
3788812
2564597
1110960
2482576
1094919
2454477
4282282
4920151
2019201
2451125
937706
4930971
1011514
2518869
1104150
2208544
5099742
2182360
2490869
2262134
2410638
3604331
1058726
2402882
3664572
2199647
4780849
4256921
2098625
2339697
4637425
2187204
4581431
1958256
4656206
2064264
3762086
3332065
975949
2258897
2139587
2220725
953685
2200571
4604171
4468045
928579
2145215
954548
2202167
4709735
912050
4408784
1986331
2207147
2067773
2218955
2100602
4479383
4273408
894995
1905410
4187482
895612
2042305
4382605
4195558
1599057
4055358
895633
4094062
4240193
3993955
1911886
4043474
4017097
1813829
3985725
4054057
1851864
817749
4289057
3900698
1843619
3959353
3913757
880867
3936809
2684008
4052375
3582665
3632170
1774584
3815540
2896566
1675300
1806374
1785231
1901784
829582
1863880
3973658
3781259
1950595
4686390
1991154
4170266
4059344
2106393
3973429
2009529
1054673
3597967
1747900
4031906
4241848
3044161
4099627
2151634
4260695
1089332
2046463
1090525
2087808
2061186
2163386
1097212
1782031
4267179
2120369
4227241
1092782
4187523
1092955
2058625
3244298
4210722
4164786
2125414
4221713
1084829
2052994
4258791
4162127
2090450
4203474
3070818
3736886
4176900
7285921
4057057
8649869
2208037
4312369
9235718
2376351
8668298
2385386
9849965
9064707
5266089
10934321
8532936
8233978
8309262
11006246
11090071
2836388
5818488
8795446
8790312
10801158
11563684
5648807
11599101
5469818
5613589
2814298
5689168
2834127
11363421
11534977
5271505
11114931
2411096
5463263
10761257
11154815
4701115
10886357
2284194
4873495
8248086
5580518
5497939
2466456
5681374
8700747
11481114
5264913
9628856
4884507
10571024
10508020
10516515
4744226
10877148
2562912
9645870
2454287
5668939
5236089
5652531
5667194
11102303
5503212
8336589
5364624
4968342
2543256
5549874
11465468
5116954
5048966
10569357
2479408
5216237
10099337
9623852
1409744
8831001
3961532
8637431
2032163
4416419
2053429
4449728
2051120
8961847
2046277
4352814
4316235
4377993
8911710
4160461
8768041
1897302
6461157
8573286
8627330
3930353
8231620
3708578
7833067
3791024
3706052
3739514
1701710
3651735
1673253
6295056
3358210
1550181
7315978
1343402
3550522
5436887
7413346
3380093
7381394
7164778
3257128
4599619
6319558
6810713
1468401
6891379
5155382
6925138
3025141
6723645
1423486
3290294
6753275
5033987
6086975
6111682
5712102
1185587
2971423
4525050
1332454
3082625
1298545
2975506
6231444
2792397
5738728
5901030
2772537
5881040
2722021
5839861
1239907
5693853
2675628
5670254
1207953
5594479
5463017
2450486
5278506
1146292
2667173
5563501
1129461
1212447
2406719
5414743
1115243
2519567
2271482
2535180
5253748
2350491
4947961
1008208
2407702
4973988
2272109
4957641
2312106
4885136
4892746
2211104
4599446
4619563
1971644
4658900
1008368
4715879
3501325
4766002
2032631
4671850
2223969
4511712
1900009
4600861
2025956
2240045
1005682
2205792
3402055
4601484
987621
4444783
969662
2197708
2080587
2233985
4520161
943205
2157009
965258
2197629
2107535
4693149
2090001
4441743
960407
2184077
2072114
2181332
950114
2139550
4368300
1991189
4280309
902359
4174669
882522
2024754
4296487
1949985
3889081
1794335
4132247
1819438
4161857
881258
1987665
1927799
4037454
1925742
3985805
1777220
4143164
1906657
3008769
1806315
4057375
1823818
4038816
867839
3952348
1773421
1909405
1887999
1994758
1926648
3960651
3960636
1840897
3855863
877446
3835063
3940443
1757123
3859542
1857414
3775488
1949484
842374
1877369
3972516
2677632
5284074
3149272
886125
2433629
2553845
1326596
2395569
1184568
2317076
5308901
1287145
3966527
4434722
4410295
2422701
2387789
2471090
2364629
1249014
2401821
2549214
4947587
1272119
2429916
1283359
2449989
4911548
2380203
4845420
1261909
4888015
1241033
2371982
2258656
2474979
2388143
1244854
2367146
1238410
2368701
4782132
2455973
5012068
2389492
4951703
1265541
4872308
2493774
4616437
9313259
4029738
4671494
2014031
6324780
1859505
3803679
8551963
8263573
8819436
4508565
4081969
7485744
4944839
2608147
5169344
2706382
5322165
10668043
5409846
5434035
10223507
5566627
11379836
8737057
10880781
2547880
7729997
2239991
9496849
10641368
9832336
11324871
11600760
11781708
5773517
11676995
2873974
5828942
8367638
5728985
2799169
5802780
11918882
5658657
11783042
11617764
5595772
11709287
5863611
11704680
5749441
11635812
11808806
11554121
11585742
5464469
11337094
11509337
5684572
11608659
5727926
5402827
11705605
4548456
5577042
2534426
5504391
8511988
11277333
5336484
10837510
5153742
10509246
2372351
10336349
2245650
4814279
6926345
8939849
4082487
4335800
2049725
4428978
9241717
4225879
8881814
8735614
3987023
8689414
1963908
8735137
7553650
3713522
8536256
8739986
6312132
3848301
7976676
3732486
7691017
7762381
3363559
3521392
1585551
3589504
7316420
3284178
7255235
1569214
7174298
3323217
7396374
7289927
3255769
7083942
5782788
2942643
6993607
1473068
6991040
1482182
3438166
1499512
3487181
5230224
3470346
6844366
3098166
6583286
4757450
1377989
3141025
1366698
3097972
4765400
3183378
1326024
3043103
4718764
3122130
1332584
3058754
1303758
3035463
6447620
6174238
2661506
5950146
5350864
4291887
4159397
5595689
1206853
5711852
5488351
5585768
1114364
5335261
2522238
5337173
939269
4195036
5263559
1138838
2517792
1142006
2516728
3840283
5056119
1107484
4928518
5011210
2240098
4820475
770752
4675984
1009183
2339422
4821824
2100301
4692239
1013520
2312426
3477793
3395793
4730524
4605258
4670448
1950757
2359863
955050
2247265
2123139
2224379
984369
4694845
4541382
2131732
4570423
4560480
2001064
4413582
743290
4354781
2002319
2288061
4387626
957744
4405258
4464192
1961410
2104527
2077535
2205440
963609
2181730
4622649
946674
4185968
903403
2050684
931793
4439841
4365889
1868467
4195498
911102
4165896
1999687
4227981
1970709
2835353
3777588
902293
4075859
3957005
1696971
4140643
1897399
3859412
4123373
1818513
2903062
2975227
3988969
1807743
4004997
4048125
1837257
3945802
869839
1891750
3948665
1766825
3880689
3878305
1383089
3835229
828788
3763863
2809687
3577167
819025
1883379
2841687
1971574
2846242
4191904
3672563
4142061
2111600
4155016
1029503
1975277
4119757
1874562
1726807
1873304
2960943
3692212
3262329
5113202
981033
2731517
6699113
8151199
3246672
18984428
