44626
2188
87756
2079
52391
2142
30003
2568
27799
2733
96936
15290
2123
379055
1093248
2866220
1539963
3521821
5496082
2512053
7954598
3663885
4205597
2959756
5058242
7987591
287199
7692791
7965426
7996222
5732625
2210593
3261779
4575184
4069176
3882557
8001633
8057068
7948225
7941968
11795890
1568187
2233858
2103583
1772018
1797973
2466009
1218601
2415726
1999727
2525378
2517566
1246796
2609932
765833
2715307
1291353
2019448
1398706
1326556
2864692
2278093
2858771
2852081
2983576
1384799
2833912
1379412
2770706
2683031
1380842
1409710
856301
2795302
680415
1432493
1450103
1350895
556495
1356889
1454719
2884512
1381474
2765510
605016
2942745
1441362
2590838
2512167
857864
1055947
2572830
691464
1189241
2183043
2541161
813337
2399715
1170735
2674742
2607631
2389348
2349495
2509936
1308920
2848519
1805447
2603321
553401
1193584
1990619
1390858
2580290
1183026
1277357
2141649
1196570
2413661
1184272
2608887
2462290
1165537
2324348
2490034
1333345
979045
2553676
2292215
1223737
2733888
511416
2512403
2437140
1174531
2802719
1263450
1148713
1531449
2149216
2272804
2304595
934566
1165040
2451024
1103519
1217073
422541
1189160
2307973
1261497
2215079
537078
2514657
367633
2148612
856527
2203176
2300439
1007770
1199601
1123092
1440236
401888
1282566
2192018
1442887
2339665
1029893
2781990
2290445
1209160
2433610
2266673
2228894
1284323
2361670
859462
1147934
2362853
1367636
2631505
2359084
2411454
575905
2540706
1079851
2768935
2284028
1161784
2164628
442677
2341259
2309375
863878
2305585
413537
1265876
689090
1130824
841722
1074001
2424225
2151204
1416763
1085842
2493524
1064077
2338627
653016
2322190
1651711
1146464
1296584
1803152
2774704
2183830
949035
2240651
504224
2419865
501539
1427385
2193785
822073
2214167
1623720
1490756
1212752
1126895
1092251
414656
1316936
2411500
966436
2011389
2753990
1056080
2429922
622548
2544128
440067
1332197
1751934
2790853
1088538
2316986
1423289
2305231
2433883
2489062
2175703
1837340
2592031
1110391
2332492
1430662
1937440
1889425
2049747
817984
986485
684127
1210626
2186640
433751
2285525
2271309
2593940
309684
1418980
1457863
1103055
2211618
2136822
1381266
1226312
2186125
2649570
2143003
2471919
2284235
1039730
1349144
469818
1187694
1835159
1206939
627815
1051638
812469
1059265
2459101
1285299
2177484
1191838
2191831
776661
2176580
812988
2152720
799181
1995882
815811
1940725
485206
1161375
2174929
2244128
760559
2160881
795958
1031712
1895872
360318
1345151
412444
1219771
2490855
1091795
1023963
296929
2601487
351783
1356359
2317877
1959257
1087456
2276687
1695067
1885917
1215736
2380896
536822
2320296
567662
1225864
2032725
1238704
2456996
1063002
2286039
1324802
2080919
1064671
2539703
2151353
1002972
635428
2214156
1083004
2065141
1071391
2138898
768990
1035224
652986
1116406
1978994
2603089
1025385
2061505
1352864
2209097
1014282
2486691
2149413
1010501
1220750
2334410
2036369
2427021
2017425
1244685
1264217
1041243
1017248
1806239
2090745
1298842
2130565
1025455
1202445
1296144
1012483
2117753
1315193
1152698
1802717
1227318
1184721
2036311
938973
289264
2199475
980958
2211422
1598625
2433209
1505995
2334530
917601
2070770
417615
2187035
660565
2158291
371003
1219996
1789970
2324638
1887183
1830195
2379962
2090132
1007234
2421250
330549
2427378
1979113
1018472
1232253
2151957
1995241
2332160
1962467
2162660
1454563
2334463
303268
2344844
1939106
1002892
1214722
2084433
2087809
2259997
1959933
1096523
2209538
962282
2064348
1588520
2306514
1003977
1888803
1161444
2164388
859830
2148087
1889964
2079484
2259871
1981695
2218102
1879022
2223815
2019266
2050513
1154909
1901827
2141826
1088932
1970117
2164413
2193984
1851574
676821
948907
2189985
2204713
1973906
668447
1854065
697987
1907360
1653813
525609
1956859
1956294
2160207
2022659
2038978
929538
2043815
1097097
1886800
1984051
607028
1868720
2159748
985035
1877797
677769
909299
547648
1034206
332844
1098698
1976540
464841
1970579
1532105
1847146
1559597
330346
2095100
321859
2051090
397364
1930942
1063929
850581
878068
1926357
1370997
936697
994563
414281
874022
2004582
342368
1953543
1001976
1713863
1774876
1990051
1789895
1706893
1973018
1803586
831312
810015
1916616
1875828
877180
1665174
1881820
907662
1652769
505154
1709870
407408
914046
1690686
826124
1678283
1424088
839970
789416
533664
801623
495372
852438
1618012
846166
1728732
1679438
1586973
1566403
1368953
1308480
627988
338838
1107339
287630
1093011
1092689
1032716
1051979
1008413
281281
530643
1036653
1039182
540310
1026166
1059110
542851
1033242
1049494
517834
2286409
3508192
2385035
5455310
5116894
4934209
5304156
4178048
5077013
5612891
2768197
2528607
5453349
5298181
5517979
5658154
5522003
5527439
6948928
5525806
5623771
3990409
2821527
2748357
5607909
5416815
2626213
5560708
1328335
5443341
2681802
5204134
1356224
2606058
2645461
2692750
1290572
2504161
2625263
2694835
1344121
2511423
5282334
2572057
5105791
2712733
5065176
1259203
2445648
1220363
2575027
5184161
4845896
2493475
5075800
4978284
4772238
4967139
2404871
5040597
2480440
4748782
1192925
5424191
1663350
2985454
1332069
2726885
4355996
2619763
1489014
5736656
2936198
5285618
1170698
6424654
6426678
2970702
5383643
2699865
4901979
4678008
5626714
3263437
3174329
4586974
5088669
1448012
3263714
6134517
3085808
5537124
7411423
5733555
5711075
1605570
3118200
1666302
3344971
2479416
2456901
2672813
4596714
2459147
3967851
7282751
3165162
6151137
2652136
6664572
6638850
5846092
6019714
5318654
3630976
5971616
1022524
6726857
3192195
6447947
5405409
5496230
1685952
6345647
4513657
1705895
2925114
6471725
6002789
6120384
5961693
2813643
6110991
1265555
3316328
7079426
5631380
4677165
5258842
3662914
5727573
6888647
6713490
6698288
2635634
5680015
1567868
6861381
1434861
3493545
5575418
6335802
5746936
1770593
2385134
1578181
2811031
6024551
4621051
7183264
3076531
6850995
5579105
3898421
6361046
3270571
2807637
5135987
5988829
3339953
1858353
2203392
5547078
7543630
4696584
3442785
5748548
2419105
7574790
3507968
6193670
1807246
3219264
6604876
5937465
5859864
7238330
1943204
3788730
5970007
6944242
6730585
5806852
3106920
5442894
3490806
6751510
4625486
1446238
2821237
5467029
7041251
6311706
3068584
6691482
5403638
6110159
5829653
6853184
6019280
2719514
6837738
4949037
7321145
5683640
6573847
5858232
4744191
1656394
3457818
3274569
1503990
3463610
5911832
1886748
5954150
3546577
5966700
2884781
2868855
3210932
3087672
6232663
3146133
6011719
4909060
4569445
5341017
2626884
6955898
3794804
5982136
2935739
6628229
4596546
2479027
3193372
5012302
1623944
7185627
3865813
6654843
5572544
2791243
5926086
2511912
5390013
5350079
6386162
1581796
5712820
3248157
6228526
1571245
5992670
1433341
2981143
1635204
3003713
1787136
2484036
6083804
1900995
6024563
2904023
5616427
1571903
2818676
2932997
6811279
5135979
2756255
6805508
5925714
2817129
5506538
2724041
3363380
4799788
5839631
3182199
5172173
5789743
6091569
1373519
2890730
1564628
2810504
1258883
3226429
5800072
2837511
5939160
2286568
5991913
5525085
2819816
5457454
4649800
5540280
5221456
6074453
4111492
5499120
5148541
4433675
2734071
3196212
5730393
2535404
5780231
1648320
5728238
5754959
2973563
5748328
1416515
5756860
1352431
4725070
1381200
5648492
3776479
5886228
4928173
5903110
2956741
2766344
5864819
6895018
5582233
3320844
2365352
1535268
2414849
1430675
2615503
6330480
1482590
6035635
2637958
5717299
4852431
3185482
5731131
2943493
5120804
4830816
2743276
5270360
1516412
2699461
1256385
2671160
4786447
2677671
2804271
5271753
936364
5530382
2623497
4730781
5649209
2844267
2140713
5531187
4867906
5297454
2098400
4957667
4722458
2151240
4559894
4630850
2179590
1988789
1037773
1668558
1209587
2003274
3624790
4073258
2011262
2133226
4065782
2117592
4181446
4211764
1906303
2041500
4100504
1936639
3525343
2042888
1845213
2764828
1898081
3844089
1630916
4036003
3690904
1876616
4428974
4825933
2310103
2515196
5259804
1133714
2076009
5698210
4055641
2735959
2621503
3916721
1871565
4283078
2726466
2072469
1399268
2116308
2830044
3319801
1418495
2887855
1280635
2498217
5002263
2172235
5120043
2829379
5113792
2755301
4927006
1267517
4954226
5071335
1312444
5037785
5541653
3907119
5277557
4584474
5304342
3318238
2113732
2147334
4361153
1066944
2272336
4061815
4999643
2069062
4252566
4599588
2378748
2064825
4749283
2109391
4298368
2127476
4532236
4445525
1596616
2494575
2859685
2646028
2565333
2353886
2652347
1886877
2266332
2089256
5025412
1749029
5204655
1704827
1982300
4361845
4596793
4222354
4602434
1822101
2644689
1963687
2473819
2118585
4627029
3391530
2198772
4748034
3415856
1276635
2139709
4380686
2568082
5051963
657402
2271208
3787357
2239063
2259524
873151
2562587
4216218
2327390
3816312
1448715
4547954
4922152
2223045
4764976
1032479
2011625
4582525
4742224
1983097
2200396
3159025
4678870
4553908
4280683
2072338
4909807
5030518
4677361
2057827
4794614
3832622
5039857
4542499
4254429
5103626
4756185
2613759
5300554
2226541
3395273
838182
4728484
1264062
2209552
4132169
3958233
2431326
4601090
1088620
4240003
2312994
4489893
4159012
2160113
4199759
4455610
5167611
1302456
2276794
4458304
3246999
2196785
4519862
1083698
4450417
2905088
3592433
4470434
4277447
4020310
2167393
4225065
3015148
1400699
2403593
2807048
1815772
3418920
1351412
1474602
3878451
4195561
2039988
2839995
3011463
2483828
977557
2268536
3188791
1863555
1313368
1547087
1155264
1725853
4063042
3939992
4051714
1583264
3789076
2098778
1882685
4708796
3301023
1431071
4400121
1436183
4165063
4342023
3327773
1699909
1435366
3243510
3020704
2272901
2403228
790834
3949700
4200958
2071387
4550652
3159664
1469061
4846808
3300627
3888850
1861069
2778365
703576
2852496
613359
2305980
664939
3559638
3891791
3652971
1732263
2263447
2922706
1373828
705354
2287447
3643152
2728745
3887535
1399413
3667026
5002160
1684855
3731320
3902993
2106681
3531924
4260472
4395582
594601
4116934
2860256
1394318
760083
1946070
1852158
2918342
2886472
2386046
3335533
1712695
4708759
3748144
1364418
3482369
2366065
3683174
1309580
1875858
782949
1999094
4082911
1954659
3955983
2267922
1319525
3820417
1185353
1141221
600530
1307720
2505906
4165445
3930733
4386014
1918663
2734467
1663069
950976
2511793
4629432
1234064
3314870
4009436
1902878
3745452
1173597
1145751
2056317
3601392
621484
2269707
3389942
2674563
1709188
3633525
2542083
4153947
2764642
3602705
1785497
4528817
2546912
2708418
1254235
3795593
3100838
1577726
1619662
2404685
3319089
1624520
3816693
4121828
2897061
2867107
3855761
1102519
2172252
3798885
4282441
1220030
1827125
4656184
3828325
560858
1381649
621705
1974863
809181
2266253
4335293
1468653
2505232
2909203
4052144
1249452
3529889
835287
3985076
1269787
1682624
4200948
1762826
3905103
3203144
2972251
4423112
2821262
1327600
4201862
3763768
1215973
2627659
1283132
3858176
1460493
3280095
586585
2663715
1693615
4033039
1008351
4315469
3000267
1335014
3171184
1447467
2447322
3346043
4741857
1210808
3255246
4253143
1150345
2109866
4273443
2902149
4410959
1032315
3906887
647091
2620051
2321287
1107568
1257016
4095744
4694799
2018002
1610877
1927557
4194966
3216849
668272
1393256
2839220
4623107
4470865
2119548
1849082
2940808
3926834
3867646
1197269
2788741
4706858
2035697
1352117
4047222
551945
2853042
642101
2661380
1454373
2353723
473516
1164868
4136229
4433613
3995178
1424424
2795657
1135329
2429219
1175692
2382996
1205675
2440714
2790760
2375734
1523324
2627784
671213
1168460
595686
1369032
569011
2494583
2476230
1384536
2555160
2461856
1097417
3034517
1099830
2494405
612581
2440319
582104
1352449
558949
2503412
1193661
2743249
660105
1185655
2685467
1253685
2773799
591736
1348284
593470
1250130
2603733
3110554
669185
1151621
2666288
1297798
2469854
736357
2657676
1351948
3584642
1404007
1364608
2026181
2670476
604919
2387614
1966821
2765629
1596562
2319399
510136
2325631
1155486
4157905
1116077
1086003
1785010
2587023
1068391
2176630
2663069
1261437
2444129
618528
2385590
1150854
2356632
520933
2584983
1184306
4055210
635338
1230613
2693248
1255752
1826011
2832016
2660101
2441248
533040
1284351
604347
1214126
3044706
1716577
3419847
4043723
1082867
2151438
1204021
1296332
3760363
1192941
2288595
521212
1093274
2514162
2326548
1193322
2462715
553500
2764865
4112175
1037251
1215239
1175269
1174171
1140722
1290731
1857277
2285174
1094031
1303737
2399571
558099
2554249
2279958
2299871
1185834
4132796
977818
2267830
998929
2100402
2147171
967087
2392782
1035335
4053120
2436378
1105864
2234848
1032167
1178643
2017477
3137047
3286181
1310539
2388943
996381
2363761
2127317
1063292
2186994
1072274
2236691
528501
1170698
515951
1080341
595501
1391840
2530919
2384106
2248726
2224776
2219921
1070777
1457246
1663695
1916085
542648
1176409
1173282
2564119
606711
1185657
1293063
1294428
2466173
2518409
2194398
1033279
2645001
2085669
4370059
1014777
2398153
3462164
2392337
4350813
2792807
1658188
2661849
2778484
3787519
1499081
3288038
1480531
4705559
488789
2151249
5667471
2417622
4891049
667339
5014896
1291447
1647923
2758849
5408713
1907337
2877071
1107605
1138003
1701497
2391042
1147129
2609191
600778
1963775
1392715
1214029
618470
1306234
2645791
1324384
2794120
666094
2701602
1517563
2488333
738980
1455709
391427
1453258
1119866
2058240
1100810
1989972
1375498
1995253
1213625
2409826
1029361
2375216
2285231
1925184
2397349
1867375
2103852
987550
1742183
648554
1718295
627251
800399
1457507
376522
991268
279584
985797
1866387
853807
365250
856194
549352
436529
1051386
826823
570932
882169
1698463
1897783
380299
1003307
829082
819477
632088
806655
2032006
800752
2007647
1682228
1101137
1612386
1070380
1753007
1457854
838930
1988482
1682789
1202741
1876010
553498
1729640
552893
771485
2004589
1353748
1767690
1985232
865374
1939600
1864299
1980512
826680
828429
642962
830745
2083718
2023423
463032
1162271
449403
977067
1110001
808874
556109
813841
1737228
1004543
760182
1936098
1656601
1414109
1926150
1649971
1933705
468408
898738
463861
1762645
782394
2050745
1662185
1064467
1668358
1014928
1832209
587241
1718199
1898019
1757804
1793558
1940203
802430
1966154
806234
812658
1192891
1899631
1962136
804830
857854
2082898
375616
1800559
2002936
795165
827854
623033
870655
598034
798144
1854343
976274
1751035
1964296
785628
1758800
784339
1008489
953595
794939
1451797
1916796
1940143
2020813
2038893
1925013
869561
2007316
1430552
393553
930892
1669502
1916544
780352
1839664
1787840
860292
819161
471726
859810
1918483
1829848
939394
794282
2001888
1381747
1778627
1020010
1601119
916104
1863658
522237
772975
473513
879010
1735849
1102979
1589616
1019268
1666853
911113
1734918
1944843
1575489
950025
1774337
601049
757311
1999397
909932
1981502
326490
1005680
1906751
1881175
1784867
1884804
1769566
723966
1912434
923773
1749675
572662
781555
1806493
822209
2081592
372400
1875407
1351087
823060
1001574
1413813
423747
954531
1763735
881611
1925328
1647957
549014
718852
1791448
848808
983777
369051
908727
515728
802340
2141435
802329
2028991
287795
1841391
498044
721611
543415
805930
1387638
750118
556944
843679
662744
828378
2060660
830939
1759160
562801
1735739
1829312
840741
1118017
1841050
869139
919431
1744045
931795
1683446
1914237
652099
2144952
1739037
1170125
1790188
1133351
1628931
1676523
970883
1548046
1282198
562387
821100
628078
596375
2079480
386737
1640717
572440
766124
1961285
741832
1946196
1625671
1944397
1721498
881852
1627866
1857357
1602534
380536
899928
431927
1806162
1294785
1797588
556564
1666099
609416
1605158
1022952
941522
1724177
901534
1740544
2001431
1277010
1294140
672583
827981
1659719
993019
859018
879906
827979
374960
990333
1862584
471726
1569252
1575790
864061
1685025
385701
1644720
604843
746846
839423
1626608
1010711
784811
1511573
757093
1791457
730978
1657830
1327325
1497112
2015313
1607555
881047
1512171
880353
1763750
814570
1730422
1614288
970351
1636307
976864
1271711
966122
1575345
1412286
596277
875965
548830
879576
410273
827956
1527614
916152
1858432
393122
1935677
1572064
1733416
895328
1876327
1797079
1624682
2153351
756072
890363
645390
863566
1396502
1856035
1622037
1874485
895053
2056952
863776
1788416
434174
796096
1664305
1811655
1526931
1713147
1512588
1822110
762231
1824891
1589290
1742388
308317
969957
1210589
1719004
1794663
1687831
844191
1797456
1562997
1917704
1517005
1797872
1457835
880956
1470942
791683
1484111
1760749
1588163
776007
1681381
862299
1588553
1800613
893337
1599255
857208
1559586
1852959
1755441
782158
1913713
271300
1729142
764804
864055
1462150
640956
751009
1639072
882878
1397265
1879910
1681596
902070
1626859
1641029
964497
1691262
1764047
792568
1840820
274900
891241
321817
939824
1019972
800054
414186
1672293
655184
1120114
1262902
1673442
611775
1604274
876738
1749938
310009
885964
285361
1655603
406046
872937
369895
1799268
765279
1608499
1500440
879506
1428278
1827584
1571737
1724326
1375549
711849
687250
1620586
1492157
461844
713748
1608467
1619116
1722950
681453
1544806
1223057
667200
806429
427529
745071
1407210
451476
2040099
1815696
942992
2061895
825100
1599795
1353506
691527
815656
1568801
910475
876203
1389761
712295
1552568
1612447
1739198
1729952
1476031
1592742
469918
1740172
461175
859838
1492926
734320
1244974
445763
749483
1542995
614227
1313750
498499
1172011
664102
685746
1368659
856962
1373456
1373895
727966
932558
1231739
398685
712228
356616
592385
344538
844397
1560719
810416
1515056
616773
1582773
721001
1809300
360192
1687586
1554168
764564
1367460
1483752
492076
407728
1644488
471484
622309
366025
761890
1689997
1135001
1481422
594687
1758579
1497146
733763
1188720
265413
755239
383806
874721
1733566
625461
830980
1241131
1578359
1120514
1121593
1111639
581486
1266745
1301510
1193911
1501204
781998
844265
261719
577329
1086342
577032
1468232
1318279
1187942
1390072
398308
334582
1311789
587787
562788
295176
547417
301135
551421
1127652
1106932
533203
635199
839194
814618
1218860
398836
553490
886991
660858
348012
800600
1473954
529907
1322324
1149869
312493
940737
1459039
700854
560364
582497
550133
638588
556535
458246
677950
1300186
540310
1073674
588112
1106776
292724
1054005
1069922
547385
1065163
576841
289098
531835
1135778
1088668
547392
1071826
1114747
720540
1250759
331483
1068151
523667
1076114
549156
1051071
1160062
1658336
1453721
738903
1157895
290646
1066211
525861
1071819
289693
1054729
287571
534101
284429
533532
1084875
531619
1077242
284402
1063622
826667
557272
544886
857285
284267
535500
1051362
1119954
1086564
1053247
1070323
530481
1058992
1057635
533496
539280
558209
534354
554637
531381
1075890
531482
1085577
1052936
1086695
1036836
540236
515356
1074317
556461
1202881
300576
1199744
286309
538074
282531
531978
282315
529075
1043720
547374
1074866
535711
1067672
286479
1068480
828523
1058189
1080907
547016
527007
283990
530121
1056590
1067399
1082309
548909
784379
1076544
521934
1076971
1076009
544806
1061898
551758
1050368
553879
1031814
1076482
531456
1049740
283014
1051788
554383
1056624
547003
1039639
286536
1053208
557595
1054833
547022
1052250
289588
536044
285142
539594
1079966
527105
1068832
1074934
1093452
1082212
1054294
545179
1064106
1083958
1061309
544728
1050415
283215
531043
824962
286750
540302
1065317
551675
1084846
823420
533838
522288
549916
530238
281300
523962
283589
532821
1048270
285145
545769
1092564
550596
541561
282449
528878
1076051
1048828
1067839
536076
1062800
543646
1048473
1075086
1034703
529135
1043136
1081556
549352
1056747
508025
530426
554425
531714
287450
540095
287112
536111
1069381
286755
553809
537489
512458
540525
824407
528097
823310
1049781
281982
1058996
282231
528107
282244
526559
281806
1055470
286587
533668
283583
533484
1053575
559850
1053535
817561
1044259
1074256
1049366
549251
1057408
1093742
529787
1055427
1083373
551412
1050534
287920
534338
823883
1053059
1083139
1053119
1068350
537527
1056006
546298
536713
1085868
552216
1041750
550204
1038304
562601
514958
283935
634545
1308641
283375
1043259
557592
1058025
556489
529689
1069242
553361
532606
281609
1048461
281859
1052093
1090925
524418
1061100
283857
1056371
1073403
285146
533659
1030886
284910
1044592
1075629
524045
1048611
532950
1061905
532050
544208
283946
1054733
1078455
1064226
503890
1063190
286604
533075
1072413
554102
1064002
519516
3325700
980500
3861148
987527
1864089
1062818
2068480
3275062
3469717
771306
1320753
691267
721218
685700
1385692
619865
1718692
1329199
1106443
501958
956976
1019153
499810
1056112
512823
973783
982402
1081684
623480
1314398
1020931
1027076
1309887
643553
1318941
3578940
1051626
5313001
5312380
2940738
5852669
4329875
5311719
5169823
5152462
1339133
2675154
5427192
5773782
2898315
2800874
5819140
2760287
5740392
1426125
2818643
4361499
1413747
5504789
5695675
5625908
2670839
5581070
1347971
5527454
1355933
2744456
1326368
2729526
4218453
5312066
2661024
5464605
1313045
2709098
5496803
5149252
1233021
2645975
5135986
2492478
5281908
1247266
2580766
3864692
5078629
2441250
1108220
5189486
2392653
4960580
1189002
4963279
2426088
4750445
1198620
4815893
1186395
2247922
4637686
2303976
4860458
1173062
4700194
4919149
2180067
2390444
1171208
4795446
2308819
4651404
3735507
1091903
2277680
3689291
4468185
4628743
2347720
4690139
1076045
2339542
2217572
2161379
1019847
2107899
2147631
4323341
2030321
4421265
1066265
4397140
2111255
4340832
1976208
4537451
3390672
4478374
2030547
4330457
3254283
1010802
4316590
4277150
1015129
2183107
4267657
4225829
2085972
2078513
980168
2198195
957771
2175457
4327031
4283846
1953386
2117896
939586
2061148
4180471
4288630
2026165
4172694
4064000
1938369
1868698
4278888
1939900
4455293
945756
3804215
3101323
1153376
4199515
1002694
4312564
3032345
1031044
2072533
4512800
2372970
4170868
990289
2080731
4449429
1962266
4290076
962419
2307542
929347
2456415
2791442
4452835
866207
4781540
991146
4646709
1053165
4679107
2064851
4150019
1020906
3502479
2076282
2055565
4317518
905864
4840543
979130
2300807
959631
2411761
889503
2219456
4266261
1936169
4296509
3237422
4181626
1876218
4147014
2005871
4047883
4295658
2022467
1927568
916448
2134663
4312079
3426662
1909935
2246636
2721104
2004121
766976
2205027
3757831
1861955
3434622
1814026
3892578
3807836
3789530
1723661
4180204
1496364
1806820
807057
1955019
3863546
1817296
3644269
3559067
2514224
1632797
3740161
503252
3765819
1684819
3967831
825899
4205874
4133902
4001622
1613699
2133126
2842186
3902663
804231
4112411
793910
3897892
771906
1888166
2745315
3646936
712004
1723000
1587068
1836842
707049
1768170
712938
1736740
3822023
1591197
1440785
3672593
3361428
3384695
1313904
1759182
2458740
1474951
1661207
653983
1567273
3205423
3044082
3003081
1302800
2929533
1289740
2972686
1347466
1237405
1406853
3238958
1307001
2966198
527158
1383045
1788465
2062044
1274330
1433637
549738
1360080
564491
1380840
3048590
1266967
2681547
1165486
2740215
519711
1292003
544023
1324956
1963955
1299633
1207904
1334702
527211
1278815
527010
1261815
2804642
1172503
2475189
2531475
2453334
2373687
1093090
2233356
1073104
1117684
2470434
487822
1056933
2359790
2464505
2290656
1746811
980749
1123215
910265
1151992
456322
1096941
2432899
1017625
2126735
2276561
964753
1103852
2209269
439402
1642810
390356
1433461
755090
399890
1426677
702603
1448460
387459
1440614
1470827
1054179
2803634
611572
1159238
2991416
1129002
2291088
2384754
871439
1050653
2483031
1413997
1074105
624794
1265464
2043089
978639
2252371
1805121
2106280
1147603
908267
1525897
1941246
1117734
2621233
1140167
2153246
1263808
2036997
478229
1036778
1768853
847021
2154791
1967044
2080471
1232277
2057800
660644
1697825
744860
997870
615632
924232
1306176
1864973
584203
836695
2009727
1912038
868792
934681
1153157
1008110
1835910
444553
1325788
2094951
1038018
2002220
775134
1823431
1090354
1912480
592508
1800322
1035210
1915125
907800
2054113
357257
1031024
579105
796866
1884573
1858798
1072737
1091847
1859844
895490
2013028
861749
1791514
1058620
1763980
560487
1888636
991600
1062359
890907
1811127
1755342
868150
1932172
889760
1664108
1469842
1709812
1396735
1813935
1699387
1901239
1070913
921810
378767
1096021
1950933
566808
1205483
1711432
728254
970614
478149
855182
2063396
969792
1890779
599341
1790988
785673
1862346
852631
1752286
1680765
804811
931374
1324930
1834924
1385754
782467
845967
595938
922314
2110053
1317879
2135155
1902858
1870025
828871
814683
882897
962475
1861108
799811
1750481
963650
2089861
828857
1805856
609634
1732734
603161
1626352
1929968
1015055
1712469
804611
1763738
1220998
1896924
877234
800233
477222
878535
860959
824293
808674
934669
429835
1729031
1090490
905607
861841
827142
490256
846180
579314
830819
1683306
1006309
1798019
1311205
448384
1733421
1014643
997869
320663
1039304
1916676
1737118
1964555
816585
1610042
506923
1587913
498133
724612
569955
822896
1712007
1898623
1635010
553521
792977
1566094
1109334
1889583
1688894
1000062
1786326
786715
1743180
489842
1656774
1480961
1869668
1994399
1651642
1794748
1768897
1755891
1803059
820391
807268
524725
858995
860454
1745085
1802604
1655151
1660919
1875371
1699782
805966
1962557
324960
1917309
1257760
1913981
1644135
847489
1770733
1931973
876270
844655
467686
769231
1241899
1614638
1907046
438431
1534068
871594
791552
1749022
905430
788333
815759
1773295
1023665
1800608
494234
1802526
1372745
1626155
519943
1773098
1791061
886322
1881063
1422649
811883
1517327
1709873
836563
1680254
618057
1999496
2012556
840155
1681783
1941324
1600617
1738109
967793
893769
299511
945226
378660
845704
1879183
306964
1755229
320958
843883
1739379
803303
1698541
532223
1521143
489118
824779
510631
786406
410745
801832
1285231
1294957
1719435
860019
1517821
1578062
1805705
799650
1570738
391949
1761950
1602092
788285
1456682
879139
1465428
1554835
782708
1441467
276842
656571
1120987
458342
829546
448972
777355
1619131
1532686
766928
1283464
339172
646237
323054
671179
998671
765451
1034709
546789
640526
1340258
536054
832714
366448
919065
337261
863308
1866955
329210
1679581
335985
845091
1293097
1681071
788586
1677530
1464201
888786
1775226
640778
1731515
612632
897416
1859583
1032647
1719088
1223930
1544508
642042
1453817
296839
1559171
461971
1595809
901545
1649970
839810
1583445
1791975
911606
771548
1475361
340798
583505
1071966
916488
420968
1433195
965489
1176185
1244321
1674351
1739928
1669870
1814187
934176
1607536
1408537
1684024
953983
1761802
726523
1495266
945085
1267490
597286
1521060
1427651
652214
1450959
1297039
455750
679401
352338
1839511
341836
1012932
444426
855423
1745677
1482762
803130
637801
1585213
610053
1247287
660788
289516
1661069
338120
879434
1169346
1455843
1619088
1533423
1427602
605386
1197447
1204300
574507
1105183
299808
555394
1086645
298721
1205966
1017414
1767341
1602879
1482939
591702
1598211
1730886
1435793
1204818
574334
1160458
301839
559779
1151340
1090124
298458
1081711
1143065
327584
715809
311294
923507
1100900
567716
1115744
1119366
567316
1112532
1116171
1113392
584110
559034
294414
558133
1106039
861659
1113844
1104044
574841
603567
909527
1092341
583534
1096306
292315
1110357
904608
1142863
567316
1124986
297180
1106357
575356
556986
586120
557761
1127715
546679
1103686
552665
536501
1118323
562104
1117237
1134469
551559
1109549
1120580
547959
1094586
1127557
1094180
294349
549311
1066281
576388
1134725
576524
1106118
1112818
548248
1074192
300626
557556
864528
296585
560292
1099184
565333
1118013
583898
1109291
298882
558993
576625
293674
1096291
581600
558402
299112
559151
296887
553317
1091982
560997
1105425
1123001
527030
1106925
570369
1090128
296823
554244
292006
547367
1133319
557144
1101767
552573
1101079
574109
554156
857124
1123935
1104163
1106103
563872
1097848
559456
541989
293436
554777
1090533
299774
562857
294211
560045
292440
549450
296790
558493
1098447
574895
1090316
561857
558418
855283
1089795
294151
550217
293853
563290
1125005
543323
1122262
293381
1102159
1112311
545528
1094901
295617
1078540
1094726
560611
541245
1137899
553189
1117294
569410
554828
870239
1086284
566746
1114092
294086
1094215
1094063
577820
1107303
1069844
1094376
570383
557363
1108863
571094
1094409
298699
555304
297676
557363
1128977
1076807
572943
1107761
1114758
554670
1096633
560710
1116985
298204
1109885
562656
1099936
855696
582773
556439
1128709
545214
1101062
548214
1112289
5214
847318
582849
552873
296072
564407
1098744
1102508
560709
1104715
574873
1089489
857887
1131954
565878
1084918
850927
296870
553472
864282
1087641
1074241
296640
555108
573937
550529
1134118
549487
1104333
1132890
551060
574274
295870
559625
582487
557176
856625
1099589
297247
1095663
298647
562720
236709
614534
1105121
853114
298731
553327
1083604
1113164
1110037
1110957
849732
566233
531479
294663
553573
296824
556605
1097989
295432
1074751
293612
545051
291656
549295
1118977
1091064
1123652
553069
1112248
575533
1104235
297176
1100357
299296
555891
295647
559560
294870
1100455
293035
551843
855648
1098052
547270
539144
293536
551358
1119577
546726
1111209
863378
1132730
576681
1103444
1130200
550706
1099648
298127
1104185
294870
555646
290310
545442
852483
1066349
295230
1088690
549573
1129036
296224
1090315
1107096
1107938
1106682
548632
1100145
577972
1092780
546291
1117410
1114835
565627
1101581
1100957
555898
542628
292749
561932
1084118
565268
1115551
856487
297820
550947
1086314
560761
1102230
853656
293455
554086
293682
550141
573459
548743
295969
549888
1098291
577762
1079594
551707
1108336
299153
563001
1108911
566480
1125411
293296
1100973
553312
1119168
1134157
569788
1105332
579599
1091914
580152
558030
295402
559557
585129
1101081
295447
552682
858754
1130468
555641
1104674
300791
1104005
549922
1116389
1087612
562520
835315
1105746
859719
293954
557436
1135955
554375
1112773
580281
1108714
554514
1097955
1121949
1096078
572420
1097850
853498
575821
1098068
577871
559468
1123013
549959
564317
1117547
1090386
562028
1102447
294492
548854
1136303
1106580
555551
1108292
1111315
544859
1091855
297555
559523
864087
557148
1136846
576950
1115717
297297
1103702
295884
566073
1099314
564606
1111612
294710
1099495
293567
545524
293037
551168
300806
558879
1107282
293996
1074716
853302
1072009
564208
1095746
1062180
851102
1115287
549572
1107579
1119726
569314
1095622
295755
1095662
1112158
1105555
575271
1073446
1088953
3917708
4719321
5154961
3552001
2690340
5777321
2770518
2750457
1329528
2283798
1426924
776060
1365789
676254
1380868
368560
1363609
1393608
1415742
726870
629930
2095287
2028534
1019657
1254154
1125978
1045082
281577
1158089
302158
1061705
1033443
1189654
1218995
553132
1212939
310896
596704
312746
1189440
296173
653614
1314668
1283007
1240309
1243834
1267689
1272812
1205116
608785
1246196
324266
620086
915168
2717641
3731302
3720486
4389533
2297354
4753965
2415002
2386620
5019977
2333237
2653942
4111133
5358381
2750756
5592720
1421327
5590268
2746534
5644472
4296145
5623972
5703055
5673653
2660947
5728939
5667407
5622330
1430546
2704686
1431696
5312648
5727195
2801598
4230940
5617541
5671170
5449525
5674480
5463385
5695926
5477074
1385562
5643134
1406041
1394832
2802658
4308015
5527508
2758163
5705738
4281603
5521125
5660102
2116479
2772858
4049197
5443798
1270938
2572486
2750216
4192075
5547279
1201245
2593490
2715910
4155706
5425372
5323618
5316566
5366091
5422246
5296719
5257806
1042959
2528898
5162497
2233731
2407725
1108608
2460180
1127897
4250883
2215266
2355661
3658889
4835049
3635155
4844111
2299778
2175556
4718448
1027196
4744389
4656361
4427833
4310519
2474190
4757867
1857349
2330649
3275676
4218578
4101051
3964327
3839675
3055129
3703426
3896907
3795497
3910778
1668938
4116844
4001107
3953898
2898092
3747710
3655084
3535732
3559886
3602529
1435428
3590161
711145
1795462
2556092
3511374
708333
3748903
3062099
3313067
3084392
601217
1464041
2936442
3170231
2971872
2756973
2820292
2917113
2923600
1161381
1559877
594025
3135542
3037422
1151052
2833486
2949185
568138
2665631
2845000
2321946
2669156
1225033
2618280
530296
2697397
490717
2639564
2449026
2428057
2412356
1019045
2505572
1000708
1274023
493565
2668213
1864604
496604
2671016
1896852
2590034
470860
1277656
2585422
496094
2034567
2446630
983353
1204574
1735416
2526628
486597
2306868
467316
1154629
2418723
2308053
430925
1106399
2400367
1027829
2330855
938629
1804773
645074
516719
225351
520777
1030046
1040821
508875
975081
498683
1041552
1027791
1048331
1002120
510133
1010816
535951
1002695
1048641
1097569
1038507
1024103
1030550
1018151
274690
511553
793065
514667
276402
513938
1041306
515812
1035498
281759
493559
1023678
281353
488933
515522
1922318
2030049
3868396
3859880
2207946
2263882
4564555
1199111
3526319
4891798
2308083
5142032
2728816
2667931
4173871
5468834
2619743
5615526
2601211
2800984
4226345
5263285
5576969
2835697
2785402
4331428
5652837
2761455
5676928
5717478
2773592
2634818
4260986
5515535
1312604
2633147
5301595
2422445
5401110
5259065
5251045
4907654
2403741
5471163
5481495
4902662
2751118
2581889
5329292
2551142
2657229
4837073
5172105
2327210
4980401
5086648
5037207
5213450
5543747
2577247
2741323
1263363
5658934
2569105
2743027
1300988
2785049
1347034
2779993
5744005
1340885
5491370
2646559
4860208
5336544
5168923
5297472
4051044
2624815
5353377
1209948
5395214
3814129
1143932
2459434
1141932
2429797
3665444
3764240
4980155
2357447
4888670
4788920
4713186
972008
2092306
4677746
4805513
2918616
4833853
4596762
4397208
4435982
4418843
1837590
4501673
904571
4438260
4290226
1750651
3984866
4186389
3994733
3945779
735275
2000231
801562
4240939
3055588
4084688
799469
1947738
3942332
3398941
1565996
3652842
1632976
3629114
3695209
3576412
3474872
650759
1586215
3595669
1440397
1692884
3449919
1379348
1835230
2060137
1692725
1514215
1684716
653126
1634879
634100
1598049
3452723
631931
2995375
1657527
2952301
2161470
2219288
591468
3128149
597573
1474772
588776
1447727
3091762
1351687
2930101
2916645
3006036
1208095
2826981
1200839
2801366
538240
1366435
557758
1361276
2954854
1189778
2765756
2715552
1973903
1037797
1245532
1544296
2499980
500507
1251534
2584561
1066390
2545788
1082162
1164761
1120524
1262194
480994
1225162
1836546
2566653
493928
2313196
2460332
1046403
2449086
1746448
1027635
1179028
2354814
471263
972268
2330858
972961
1097524
1699658
2272348
946150
1186935
2459499
2435451
1617160
850025
667360
1179013
600871
1542510
603086
1130756
1163374
924125
1185990
918740
1189276
627505
1195683
1213426
1182337
1211966
1181050
611750
1191691
1207268
316312
939044
1176621
1212229
613454
620982
320527
602318
931296
1167444
320117
1177093
637608
589241
2506404
1962924
1450993
1602917
3890838
3985315
4268236
4632067
4362060
2446249
4923738
5134156
5074938
5248831
5167608
5399716
5517337
2639492
5445646
2756647
4018436
5600339
5745185
5774668
5771803
2617091
2854782
1429909
5722443
4357499
5817326
5824608
2859016
5487645
5747593
5674971
5529563
5519930
2842761
4252949
5622531
5493622
5585171
5496645
5517862
5457271
5524522
5626864
5597067
2680963
2725239
5705164
4942850
5513142
2626132
5598668
5638780
5597317
5224810
5191880
5247459
5186665
5235000
5168607
5195148
5164424
5043281
4746452
4767061
2197947
4887415
1905129
4787509
655560
2295857
4850593
2195031
2482677
2243190
2374624
4814314
4621257
4702163
4160631
4314115
4452981
1891561
4377135
4262334
2115532
4347918
4115033
1873824
4017612
3849076
3969844
446714
1535438
2107086
2877717
4021956
1779166
4109506
1870276
4039833
833389
3901190
3823728
1652210
3871354
3669691
1480953
3448374
1618808
3587587
2621227
725881
1801441
718385
3743972
3523404
1452544
3443578
1915304
3462767
555541
1450956
2355634
3407467
629070
3049156
3115940
1391619
2991726
1224344
3045805
3062794
2949423
1272161
2965679
583816
2937295
1342369
2950707
2154148
570534
1417585
2914378
1252992
2120657
2658564
2501921
523247
1171813
1186364
1338096
1915663
2620846
2618125
1078428
2555231
1902769
2653636
1086185
2580916
503338
1235761
1744716
2516670
492220
2229145
1001919
1302534
493039
1216999
1806432
2244993
397875
2406650
2369214
1019709
1187574
2340907
1726003
1003331
2506280
954914
1140370
2457759
457087
1532754
326965
525379
908800
1036106
524028
1019065
518300
992271
1048260
536718
2169578
572331
2131
2582165
2241479
583073
2002
27880
1918
27864
6234678
3336003
3313267
