32275
285
22350
57790
30298
123719
175583
87095
164997
48338
25791
187804
204479
152273
54511
212601
208947
210128
208621
205573
200955
209599
211599
77838
133425
17083
192644
78535
128990
308630
223810
466149
1380706
1466159
354984
1493238
358342
681266
1409564
720980
883036
594834
654974
369595
1011064
1409448
1441996
1366807
708708
680823
1401187
702558
1377493
1372714
666408
1339103
662743
1309850
926097
378551
619771
266523
614539
369678
607924
1237476
373865
1218172
276682
1300566
1288504
607323
1204496
363739
1285276
259569
621465
1001323
601732
1005467
242733
1296687
611157
1161337
921164
1154475
591276
1279075
1270674
500152
1171769
873250
583147
641459
667289
593430
204313
542618
1060254
649850
1194848
1192469
1230586
557974
837772
1166986
575349
938256
1168500
1255253
551538
690916
1166692
1118011
339305
536842
545097
1064617
294835
632612
458672
1137407
230579
1120785
244825
1231487
1080248
807675
369509
1146667
1231048
597456
1098596
238331
1090053
271941
196352
970509
851309
209354
215927
548431
562759
517853
260269
509298
988630
521528
1028625
815392
798949
1030674
352036
402348
360094
1010009
140222
637024
184536
653791
275655
988410
1189433
197455
1069082
482012
1240947
218078
1209876
258455
624758
173149
642948
1171383
316599
960650
749241
629393
504285
222084
521072
540349
593015
1188195
1038848
349177
292554
1115039
511880
1082660
528129
1176466
1030613
1219695
482152
1102999
173757
520071
514389
464406
256670
550773
1198459
391335
1153262
1062220
530557
969882
273076
510204
634005
1024371
351647
988796
766519
892831
465092
1037523
164161
1163986
517303
503937
637592
236969
941659
758509
355925
494397
255792
452321
1143727
560906
1023617
346648
1028519
176804
604271
577373
485472
347989
340835
349367
503744
1039982
970526
499104
487752
1169769
492107
1136382
208907
552202
1068278
518954
1194097
504288
1098351
271640
1143669
204309
568453
278837
487650
341852
491231
1201706
157713
1173414
478466
508503
1205191
499168
1072102
230996
1039742
434722
1007808
564161
627132
926591
284278
506103
711954
609188
547393
485232
525498
619817
437483
443016
784058
932740
1202285
1001791
1190525
1012805
1185798
514669
484494
857445
1110308
1098848
476764
1180646
1027805
537680
1178247
485505
1122030
910385
1220311
473377
1080960
582343
938751
224938
496968
1040051
246922
117866
352014
457011
1174080
174297
591250
599635
496179
510419
556993
1147381
475581
1139176
211319
546086
283656
483358
332488
1033995
1187621
224776
550467
928294
511526
1008309
526432
975388
1078393
483033
571353
598869
480720
881938
513430
473354
604123
586964
179676
610568
554350
489457
337269
491564
1034851
1199255
1021222
547446
609823
888625
345952
481061
1192552
359561
1127647
218458
541976
1184082
1013268
876755
1096727
225721
837254
482381
600620
568186
488422
347412
502636
852635
1023505
505070
1164605
845797
164515
601738
231231
538672
1152651
829551
507087
489495
1204641
177369
1208523
786363
1090312
481690
1186186
995657
548046
1187895
510304
479893
1233880
385900
271591
769086
458248
1136584
571959
1031156
566207
1134852
259280
223943
1118448
210676
538855
950975
1156560
401414
1029414
533507
1027431
478496
1092089
301919
899984
326192
1039563
1148634
613590
1025324
373883
490967
487904
610728
220878
551476
1173105
1020803
614700
612924
998402
547428
607904
550411
483268
755995
1069533
617936
1045770
520389
1220430
160911
626521
215302
573998
1181478
1048528
631723
1110447
491317
1206758
210617
1198429
216058
558307
297929
499886
898266
578503
514049
1073712
1197806
508310
874552
503873
475107
624233
619725
810843
241560
545489
313301
497709
622670
622388
529874
510847
371590
498298
1092132
646975
1052486
358017
1051440
369689
500226
274241
594379
179380
626422
1105984
510658
1186040
130199
912070
1162571
274517
507103
636336
1145325
1039986
892198
1163030
597386
1032943
902605
507045
538380
336824
518251
1198132
1158998
1064373
360297
507461
1153665
1143892
530497
1156802
233870
540889
338272
516684
375888
508949
1081878
648583
1106486
503245
1204537
142538
1262455
561094
1043500
594077
832796
572297
615263
603545
520754
917364
1093404
521940
1236560
207827
1219632
242543
537110
368190
517178
372973
520780
1083873
377309
1062076
1221385
1205701
528524
1113872
340407
524409
570824
635292
275790
1160685
638269
577451
531291
1095904
953135
1112132
637537
1182003
244853
876528
1228741
642201
1190969
1168606
1184441
635731
597693
195172
636282
1205573
242172
1226335
217798
632071
259322
554947
962655
1191103
1302425
561657
965309
1378528
572893
1361643
769144
782688
400272
768492
1550923
381664
756039
582922
1200078
403542
1576797
1208135
399177
761989
1607870
767337
1588606
398705
1566678
769272
403243
776342
802016
760002
401678
768087
1564858
220512
1446806
1192713
1550730
2661678
668389
2545042
637086
1743119
2343922
929641
1034267
998225
1627163
1719929
2618033
2462599
1247811
2178283
564509
2061134
2036539
901710
1846797
422631
916158
1792908
1722170
773877
1707105
1580602
919926
1539815
759981
1546320
405743
1514340
361588
663871
1582578
734131
1444033
740018
1461057
696512
675882
454242
702181
383014
658108
1451998
374036
1354605
303844
725123
336959
753422
354662
736693
1215659
696728
1406204
637093
1393038
695433
1418045
301006
613673
672711
810033
956075
581298
667723
1007098
402729
664801
345188
366987
244174
521830
243058
479416
401249
506016
248431
523599
271667
525758
129891
283665
580409
526312
610401
125454
496044
139977
243865
259389
248744
250331
237777
141035
267900
126195
488739
143162
242179
310097
322133
121439
111638
356442
116832
241968
119044
313368
374951
381813
624188
337485
382654
346483
531712
393999
286385
218574
142681
241627
124117
225979
533207
134812
497651
130090
257832
492022
520327
267418
543621
342889
563146
515775
251549
530766
497154
281481
514477
123164
229920
252809
232816
283730
143452
547107
258123
254191
126837
243766
516470
250538
547404
596109
264506
262683
257581
594647
117917
247666
586381
240345
527437
127165
237058
120535
229297
122889
267435
535069
272518
494187
232642
247024
239294
481507
560133
404728
498046
388575
138890
275667
119829
242100
519934
121262
103371
418686
128893
230021
136157
653260
118862
295629
258674
217109
139468
234270
116443
271612
524194
187163
606863
114141
277027
702573
247006
252519
251429
250843
397893
246186
561542
483608
250905
550876
127663
275508
124267
485949
366747
138721
268791
258752
169882
295137
143063
594273
309880
576362
491407
551342
485507
516574
265992
282250
113891
259506
570386
126144
296529
496820
238891
524838
278464
543736
143403
416000
169727
297251
166800
318804
592073
239257
298687
120488
283761
285374
118493
486260
484315
121102
388054
127519
246715
562775
238757
281323
124583
256512
534809
281958
261147
145724
293565
313633
261356
418183
538516
255310
572062
260117
462755
168552
524482
260260
234412
130187
281621
144665
150545
242296
119482
298332
524037
112958
550352
239954
284700
685286
285266
489967
124811
262312
171610
329108
540142
257190
614753
513757
238103
250125
383237
135233
243609
376611
247107
532949
166060
240876
115896
327534
259638
522953
585130
274293
577836
292483
552192
131736
235589
254827
251665
267397
306292
117136
244905
123666
529813
127440
238246
129649
244340
521814
254731
274845
577738
126507
550361
129517
250302
128406
254001
539992
234460
262307
144663
305615
513095
301610
575861
280290
590636
664776
565985
332496
249510
113673
396704
273434
245778
164546
255009
552307
247049
492659
133612
589919
408656
168107
237400
128209
291162
531509
120806
550718
127763
267619
182251
246970
127685
357772
561854
127318
593246
386161
134685
324705
583919
240762
249090
124474
139863
183705
506562
566148
286824
277748
245646
567779
521034
394497
132803
250033
572041
301361
519059
169833
554740
363705
408032
246524
732300
306699
656109
759619
281732
268083
549082
270216
645725
277439
684979
157467
558707
364561
593187
131259
570556
371761
554725
135859
532698
279032
623582
607967
267016
363715
197007
240869
173845
321159
820711
304973
607720
793748
147191
290522
869428
279568
751317
669407
605044
304939
340070
705953
804693
314765
853739
327581
776063
876700
375530
334124
956922
350449
684993
351484
858893
368126
646373
793384
529910
599195
589381
279745
266122
165966
312991
882359
627747
139086
694539
259469
613162
463227
309003
147766
845596
430128
331390
831697
791231
209334
281162
604427
267063
741696
294690
453175
796200
356641
416354
465603
489092
334173
404471
291053
500152
1133063
264777
572475
222113
639406
395173
683955
407321
312434
555494
176176
381262
657517
344635
639453
647313
621581
432013
698958
353885
675713
308158
985652
359902
810063
387073
364183
411419
283816
320107
309795
340309
135301
402745
816853
129196
577348
650262
708209
347226
1023544
665602
128951
248641
854747
197357
926083
344712
523893
284472
417239
372991
129580
735308
273217
664657
129072
251383
1013536
592692
696329
129023
614252
255006
306908
178583
330936
882592
699479
637535
516353
125674
724655
1169405
251369
880423
141942
431047
881141
779149
294057
1057939
534129
622615
367743
682913
638281
804836
585182
355597
1562895
836647
275732
605402
131559
252385
667116
812512
640231
683479
745236
133958
419538
216510
732732
723605
803865
331243
1358111
842817
794075
924236
451987
815112
411912
892395
1243415
163814
984859
316647
743725
853806
297812
591429
1121701
1351010
662383
762937
865420
649399
700632
953243
1111421
544732
1106787
1746968
174095
562186
170390
343117
1322215
315618
648970
906226
1281241
536161
537460
958448
904166
1156200
510487
1577954
1236042
517770
812313
321709
1591320
415473
1544523
553654
799062
653932
1137047
190818
588321
402561
725739
459881
652864
958785
313540
1495767
142312
514184
328709
472568
276576
347005
542173
681849
651918
434499
606809
784241
414097
324830
1057499
1062272
665569
143141
366408
538521
190142
860558
478495
707827
1396656
472007
1379809
404629
926445
430652
944674
393302
1282673
299348
731352
176018
416258
223543
644048
1113259
625759
965879
268726
790735
1532699
605513
578108
133796
545142
372563
1289000
638043
523881
382588
286906
1017222
328912
263257
283474
534487
312483
1674384
234667
295279
137116
638827
1418238
827168
534241
369657
287885
610985
1097612
1285440
1001753
420930
1137400
616386
473721
1011254
450651
503552
197245
497077
1018979
754370
898800
280281
849732
127546
580660
298615
1195025
266521
614711
611209
1188789
1231490
600031
977182
265754
600085
277084
588977
507411
440335
413607
349472
632849
289359
597673
1217846
612823
1206375
742305
378618
1064243
709931
614027
329450
645442
357183
449205
199677
253707
274326
608994
1126722
917344
322544
1494731
1227413
723065
889450
259879
1016770
131454
729029
297256
785854
1077200
382134
1199789
555098
968045
601827
203023
269500
252490
582779
743881
562602
1282103
596594
443934
327072
699726
648024
1262441
946036
408192
771745
524225
234391
122202
492298
619079
623096
131612
327028
143199
249779
1225654
271718
1234778
731410
240928
948725
265898
1576833
716634
131158
495057
294013
834160
1002826
551709
835769
844880
310436
842275
641788
993877
120527
264026
824054
1150439
616990
930916
158222
264755
229423
531404
251578
542004
1226062
262827
1273446
588080
1218999
251218
487676
596799
585888
378389
898339
529084
1103192
326854
718673
707867
241086
710861
203655
239380
1354807
531855
889455
477885
1182284
599842
677144
429278
161537
264934
1065737
262560
976667
509102
1061514
1038183
444280
534827
144496
786465
548568
950521
416270
115218
429884
1120337
293180
822073
852312
131888
883197
279628
914584
294717
450795
250489
519202
244826
567600
645747
253396
854617
350770
1135999
233826
493568
131298
124525
227296
380600
479606
142802
249726
810572
470875
698572
277397
1097940
745157
226174
472559
965362
509423
983430
212773
1026657
521865
948057
817201
965214
203408
275260
464989
719924
1021191
225894
466524
938923
419887
576747
209277
998904
429239
961071
856414
897283
461000
942244
210697
916225
227971
460741
207601
437984
215017
460016
1070245
963798
421892
1003356
259803
947234
461920
992175
441439
1043534
244351
530913
433215
935641
235971
971639
202217
1038034
977016
309268
413431
228700
483579
248031
470113
753974
233166
487620
655768
208821
494306
998993
1101620
422334
867779
874241
399227
711271
201727
430440
443608
430547
199471
485723
886507
417411
926668
420828
440169
232198
477759
210706
915286
897116
418793
905357
903819
388187
799565
951491
419745
502806
989003
475015
969487
219296
474381
454284
467373
939190
432990
1044456
794411
321687
648656
783062
421390
501994
768551
126406
814422
206290
415139
193951
207571
415268
904402
968197
413071
986839
204303
437106
224212
222217
205320
362130
682997
428118
884801
208956
980796
214540
461004
643837
928652
427986
862763
402886
965024
211677
881320
436951
821141
671120
424126
443418
838742
393151
836484
396855
915177
206862
410025
545442
402144
884788
630513
208567
419408
200660
433905
978510
638092
328550
957583
912352
414116
436241
205862
423597
845126
898387
817945
387688
917612
423191
969114
943173
884632
874589
411713
214052
208938
467202
207795
440461
950408
252023
815682
667252
204656
438655
444801
443801
241304
483606
983983
479134
565827
438421
422252
192401
237541
130516
368979
749772
259198
923602
418102
330850
126222
294089
740147
249473
573650
222504
824298
245728
597485
150699
396087
145164
249613
271108
116465
359693
406806
229703
496007
532117
348065
232805
718713
646852
229910
519391
146541
368366
181972
371535
185848
384273
772891
189193
740563
780915
790208
186916
383891
395188
387988
798364
382676
778310
196987
727977
480208
432615
922796
467825
887804
986170
1021800
163393
639113
779823
633148
556285
970071
1171865
492897
443733
583859
163017
1143452
1069205
1308399
478852
1137494
331318
1137101
316487
1259946
531621
1117558
373828
1108221
356141
1187029
250903
564649
654074
516090
323414
570637
1077634
669086
1144566
933608
262988
634350
1060892
673112
1040755
375090
475877
885428
563052
1022595
1214682
517509
593330
1224526
537270
1250336
498131
1217091
888995
849451
661601
523930
899739
1071036
670041
1123567
550332
1176032
1224377
1094842
1248409
519653
509723
682198
1074946
1323692
422890
1233473
542835
1256603
213279
668107
192932
636028
222233
599329
1123001
340325
1013943
345344
481303
366330
521045
614763
1131136
358476
494030
345774
1040881
1228550
500645
1226280
1045578
664576
1028647
662979
1127675
562505
1090397
1251752
190472
649112
1110888
311722
1099922
596415
1111521
646880
1071372
1249335
519198
599865
1208958
339991
569749
1134582
1246691
479989
1277238
223122
1208916
938549
561667
538536
1228604
330893
1060550
858970
1273274
508457
553048
335028
327721
837616
853404
874035
862423
284633
584964
656783
550729
330313
591097
1096221
676992
1002665
661577
1092165
588600
1179557
313283
472576
314715
462575
385551
494220
1168388
254986
1107552
389002
501808
313593
524931
1230287
609399
1094003
316955
333078
507126
583168
260969
590847
1226915
259900
1279316
1109647
956586
543505
615130
500347
562682
1254573
492806
1196008
940919
224165
580711
251579
661924
1035429
676098
1079448
658142
1245310
368079
1048430
692141
1076704
647357
554970
1193527
528751
1080484
255287
478723
563192
1207240
519999
1062169
590199
541941
305003
590765
1101209
667268
1049808
1275886
503035
1193314
257916
1218071
552173
610572
235137
600626
1173728
1206201
572611
1153521
1144584
534629
1242501
346518
864558
645749
1092426
666766
1061428
640521
1096021
376718
497883
701231
243650
643332
667090
554821
975472
1112451
670335
1177803
1344041
610679
1146163
235694
610542
185401
1215705
328995
521367
472440
673196
206897
1106835
643032
571237
344186
609584
1166362
463481
1237815
228352
1002930
600923
1111853
379671
1047977
621993
1140087
178995
391104
516020
534671
205964
642135
811703
862158
217976
696363
172997
665679
1114870
606062
1199181
364793
1113645
309195
1113619
280572
569150
1167579
529933
1133245
973345
1073462
1355526
1074618
395308
539422
362507
537409
1214270
267162
1148913
1137512
1332641
231413
565187
1144664
510833
260496
791923
236011
609513
494155
573232
375428
301832
859102
186674
693784
628188
495306
515750
547544
1037311
1122274
522139
1190227
177616
1150546
1119701
463226
1308293
282557
573965
500781
566050
345241
509977
373751
535156
208225
368673
454000
1287849
592760
1125989
664489
1073392
291917
552067
1279044
573560
1112988
284196
1196448
588418
527777
1207627
311589
606622
569079
1228802
882956
716356
545274
887669
473010
386582
393038
692082
578404
982402
887483
1102864
574793
1142508
981363
1244236
1024561
641767
539861
1210139
267142
613523
337381
336248
161592
1149767
618612
1072917
637713
1293077
595196
569215
895986
1173319
582140
1181622
277596
620316
907049
861299
1170016
523724
1316028
205696
1262566
1150093
592664
1109556
1238067
1161937
1298946
277768
622486
1121973
1223343
554203
1280507
538989
1150609
672434
549224
306280
651785
503835
507079
288537
1102891
225472
523242
264747
616270
1097738
593272
1151461
344857
529227
678368
559963
281895
550319
1161432
557115
911302
1129533
1219514
884330
596370
547973
600730
683391
213887
662283
1193334
1248439
860241
1132877
371757
1101561
606132
1260406
275792
609361
541844
542807
409287
544118
1272435
1119863
598030
567614
589181
592036
313653
558892
1265574
562478
1241528
195568
659195
941741
1129732
1137787
561052
1361659
495282
1218747
995235
1167206
256035
591318
907944
276534
563075
1263499
1161552
739236
1113628
642116
546701
1107835
1157980
1229586
679250
1138338
667871
1212566
1020728
1066031
1333058
571790
562857
748035
537226
359408
624130
589174
701036
211496
738481
1179391
721801
1193311
345474
531854
1090200
697780
1113828
576658
1250256
564501
1314524
395772
1187935
598800
1303914
571186
1171597
337585
511586
1086022
1079292
356217
1150679
656107
916608
635173
1271532
997793
319271
621149
595921
568100
1335249
604810
1366481
702024
191003
1306301
573771
1522867
1391467
1387854
1327993
519694
1158680
342654
1392437
983803
386474
628679
311475
759135
983153
755029
788808
544317
1251986
1053387
326490
744609
1217466
548062
471478
666903
1108407
958730
330597
618396
1079465
217764
1149696
368510
1169506
675602
1292479
1331034
574994
1342975
373208
1324308
956102
1071077
586018
1378209
759120
1294710
1232676
1244661
620567
1136563
255103
1219477
602027
1584236
757416
1360874
804550
1581422
716959
592896
788997
402814
551808
736641
598344
320107
549371
400097
584238
1476549
779250
1597022
260456
1250014
395541
1529833
1184539
354159
1086546
1575180
771151
1519990
335148
1577254
779761
1182224
1562209
1241119
314004
755391
1387034
456501
1357071
199085
676462
1496111
552051
281122
821591
416299
1326276
227382
1592283
1189714
401963
541423
271596
596686
1366273
781252
1465839
299821
1577720
1112011
399306
777896
402749
774936
1597423
806771
1531295
1193844
401681
767320
398031
557779
1499375
385417
754817
1592566
1357425
762996
1516807
1581860
384888
1201635
401163
779142
1565118
787956
1222410
696454
1116840
769901
1601362
1573595
788486
1577920
396726
757871
997450
403241
770303
1582647
811956
1517141
1580919
1542737
1551987
764199
1566009
764407
1564947
1586835
1442818
1578138
733522
780569
402782
773639
401863
766986
1579724
1607624
799961
1569434
808231
778494
1220719
801927
765135
1091897
1584441
766612
1587213
744266
759929
1610395
1593547
748712
1400938
1607604
1552932
776415
1572819
404389
372428
403180
403977
772375
1581794
781217
1588202
1527955
786100
1574034
1607414
770774
1571679
1605534
781621
1597679
402901
1580182
1204126
1606054
777730
1581099
403465
774179
1598994
364135
765270
1580905
370938
1206659
1578089
795653
1600195
401925
1547194
1604452
773775
1565770
1208702
805389
777229
400342
772620
405338
1555285
792639
1577615
1198093
806473
772665
800658
765259
401123
768159
406393
774520
1591402
398730
1552686
787854
1563586
814537
742383
404100
766911
1211630
1545186
787250
1600148
804333
1578755
781875
1584616
1626663
785676
366000
1600103
796525
745374
1565410
406645
775671
1202858
1562205
772336
1586542
406268
1560286
1204763
793149
764376
1214014
401889
779952
1571901
784736
1581292
1198551
759303
740431
1612679
767462
1597717
1210653
790961
1583119
815359
1604707
800093
1593848
401776
1578406
1607555
800322
1594586
402584
766003
1206954
403244
769909
1579624
805231
765768
1580883
774827
1574784
403041
766456
800557
767712
798989
1583483
404284
768838
1597790
801734
788286
396212
764522
805008
402571
1543836
403625
1563301
809591
1582296
402173
1573543
794322
1574902
775647
1593800
403731
1589443
798528
1165788
1581461
398692
768403
814177
776226
404047
773549
400425
769738
1577683
402053
1557424
388815
403318
1591422
1206066
404721
774858
397636
618251
1455988
783911
1578252
402451
771756
1211629
1178224
1612374
792585
781087
763941
1601877
791586
1602191
404259
1568354
399279
1569787
402962
777008
1542752
398277
1541781
1533172
396943
762229
1532434
1579989
779387
773665
1614359
1567205
785930
395219
770933
1522983
789777
761381
1602959
398371
1172525
790668
745536
406054
768804
1582302
399457
1433868
624773
1083915
1793070
2423273
610270
1171758
2365857
2062474
1003565
982291
257998
483070
256494
473987
261378
479382
1867598
626073
2561662
623232
341151
669563
155649
724986
721295
351942
695085
681100
754247
361657
380436
836485
218682
454495
884389
418291
664394
991160
1272414
3079809
1539134
1468902
2297256
2836801
2252237
3248815
3073025
2592829
1708150
2630193
1756818
1607747
848521
1662702
792606
1609250
3304131
798083
3124116
3315205
676294
3113562
1405288
1530856
816726
1496867
3164096
781729
3133923
3096150
1283119
1543598
2805864
1419066
1411564
1358590
1210968
627573
1288672
2569424
2453858
1157180
1249710
543193
1182361
1826981
1050304
511038
1118468
1105628
500682
516247
991350
1124525
952983
946542
1542810
1939969
922027
1974056
1761264
917069
954635
416485
932206
1779040
1891042
1682902
807530
888632
416030
868632
1715571
1672832
678159
1772428
436237
729982
863487
863211
1656589
902825
1705186
914575
1725553
892591
391423
837064
780128
1767045
1707124
869667
1614669
431756
756143
668920
773056
702911
1392579
1404589
334599
677474
919640
1390148
1400154
523909
1322601
635304
1300028
613150
1359991
661550
615536
322147
648243
330752
1320239
289118
576935
252255
1309198
282532
743378
1272836
1297125
280158
596899
311394
629409
296882
612321
1211985
592130
1284203
676604
1242222
1577358
685853
736362
759432
863992
341224
847836
1437285
901424
1974387
1643183
855566
830158
2242894
1220255
2116836
377089
1629596
1608471
2586908
1144488
2379338
2418239
2591418
2433292
543608
2235397
1334788
2569866
2601579
1450117
2710661
2455268
1204339
1213539
2720094
2481452
1152796
3101910
1221201
2210885
435381
2225619
2534025
1125280
1509659
2644235
2391523
1064225
2401205
950735
1143822
468610
1146027
637935
2925263
1105996
1178812
2590855
758508
985085
1106551
905514
2244605
1323256
2747806
1086704
2486913
579085
2343349
790546
2507770
1315264
1979420
505191
2095071
543076
1337623
319082
899497
1774651
863578
2033360
959888
2174031
347936
1058483
1075444
1010980
1844926
1632436
527716
1241100
277182
936914
375033
1085239
1032732
2064149
472008
1000637
485912
840104
345175
1187400
2060406
1037115
1522629
342181
2242487
2400361
984337
1187502
482498
1201626
1108948
1208696
1109249
1175475
501783
1137163
2494567
1057536
857966
2246443
933017
1027846
1039154
1107188
1038826
2266894
1009611
2209046
1043284
2111773
2216842
414963
536398
2138169
448565
1023967
434916
1015854
431339
1012595
2158617
2013606
880505
1942164
1470750
2012990
400124
1521248
822738
1885622
372532
914863
1896352
832791
1869446
825930
1778296
1769285
800145
1776324
776313
1772717
376619
1726784
1728982
1284092
359150
874802
1770386
801742
1669673
361646
1719091
1000437
1661115
1691449
725387
1687662
356854
824228
351488
818331
358597
807606
1786080
347292
1631328
776793
1590886
1675256
1667176
742593
751782
1648994
734368
1619326
1606947
703907
1560550
1400495
1476370
685856
1530892
1577370
685968
1527411
1579179
666040
790006
1120050
702362
748612
713668
736641
700521
729803
1523745
1479321
292968
704912
1480531
1453696
294415
321518
370717
1451733
681272
1503754
1341424
644014
1401806
636462
1443657
1044037
1370737
631323
1403483
649868
1365564
300038
1358423
1385227
644236
1369908
298863
1395568
296122
664902
315708
449964
234438
434794
892549
458554
913263
941873
459019
904603
468514
443604
1082398
311236
330086
633628
1150390
623872
1305350
1093113
679727
1064967
567187
605605
1046311
633475
1276210
1167709
1316990
1124892
1180374
568065
1284865
1193306
1196376
977096
1293013
657081
183939
411439
589245
1171378
331550
1202781
249606
418126
579697
1148339
701058
1195009
888143
324199
607701
239809
1281904
1120323
669908
1126105
1288947
1230197
562334
1247604
194944
634056
856011
678512
1267242
545415
1267359
617565
1161924
1375179
172579
351286
335869
874196
693343
277420
577738
1404785
602047
1186752
1318580
568778
1139177
1255001
544811
1230050
311015
547182
686764
620132
236699
679725
1095280
419048
1143613
902746
1257346
671864
1102784
616017
1136576
394027
470851
356640
631077
562544
562805
622870
679545
683272
577327
284527
676575
1156617
1234913
616295
1141678
664057
1341780
911683
681604
515579
1211330
269744
574888
380750
1153074
398107
538714
397857
576830
325862
660322
1183951
1224182
677471
415520
1259062
920825
577078
638989
1048445
294998
1197313
635780
1321613
178520
631792
1196922
566802
1309100
1213490
560223
605729
616845
1179646
610783
1335003
1225671
610544
560927
412990
567628
964038
561904
290304
587922
232832
665732
1243622
578852
1188460
1366771
545293
537265
396668
566689
970247
604572
571488
1185567
395456
557775
596875
639596
931828
972615
981961
505140
1339607
1120944
1278601
679028
1165012
565774
1306578
305530
1218176
703066
1275537
606426
1256659
1345403
1202522
629758
1270413
520982
1262726
1147976
1205764
1278797
587637
1176953
683419
1266220
534408
1222858
1176414
339756
857484
364572
542178
1239489
279039
1199248
345508
570296
1245598
257841
1288848
251191
603549
353591
1208546
364658
580217
363460
597690
596208
579335
355027
556561
1278056
672564
1255210
265211
328254
1221561
645483
691829
247465
604194
1346718
228020
1248535
622815
1148434
563390
1305297
1220036
594148
652166
345255
600554
1281592
358922
1212699
430258
584383
956255
1177145
370927
583422
390601
617474
989889
1179779
1201622
690414
1296859
1174987
1350751
652173
1168819
385704
1176163
1255197
684225
1356089
219940
1318487
1217710
623112
1342286
264271
636656
1054923
268568
679818
1242407
610150
1388353
258918
1290534
1295505
561481
1242997
1229273
594846
1215453
667203
1176983
1225734
1010504
1268887
706317
1219628
1229506
422124
598299
1196952
376148
571535
1310634
230370
1014957
1234955
816669
1335154
1414922
770332
612656
251394
651865
1215154
302904
1214612
390987
585735
1372136
1237707
624339
780240
186160
814378
200467
813200
1339325
328272
207303
826696
1286134
701078
1386635
1472596
706949
1142343
1256218
788524
1398050
624100
1591411
333839
678916
427985
812088
307513
1279557
1682833
809770
1312388
1227208
557513
612346
988156
619658
663372
266072
595257
381609
586792
1329800
625408
1190715
384969
1423633
999787
200177
694668
331799
585762
1438640
1235102
605413
1405717
233080
647824
266430
789377
1428231
623636
1441555
816806
1226769
428589
1178530
765611
1242889
621458
1212684
380915
1225623
417834
596158
291837
725937
1469273
806284
1315257
820844
499867
833184
828327
1461791
639401
664122
1135291
1293487
696879
669824
925322
705077
582449
1045868
618181
586392
406206
616747
263757
1348304
1349121
1428581
819369
1423264
651864
1330886
187921
772138
997508
1349541
622383
1424887
1380842
566376
1181753
1404246
570969
1453072
1326861
1479678
798307
690501
1123627
1439622
593608
331706
626495
566380
425920
609095
405762
602897
1377687
624213
1312724
859680
827957
1287272
434441
837580
1693787
831603
1693946
429983
1446184
413675
821966
1042753
619438
593421
429468
565065
1474136
832849
1326946
244870
586296
1483498
805880
613652
837666
422236
1619058
819345
1636901
417942
802299
420650
1541339
355221
1492233
411362
536978
1438095
814543
1685429
1282966
1698521
836125
1699853
825327
1696825
854441
1652673
433606
1692997
430468
427762
1696948
817874
1722172
1686867
810291
787985
855384
818458
1736017
1694395
408453
1016958
852364
1650380
1668805
807378
1636635
423622
810376
431432
1700338
1722277
825312
1685498
430278
1682368
433820
823298
434262
829883
426827
816549
1690644
858559
1656652
834355
414811
1728812
862860
1646431
1717393
820027
1672766
855739
1679879
810234
1681749
1291215
1702214
809331
422350
813681
1618770
828910
1639107
1641921
785149
1690843
821003
839600
1296504
1652939
844593
1705309
428957
1676566
397308
1294954
1705693
1683801
843490
1691666
430899
827295
864457
389479
428968
429104
826325
1678472
841153
1692627
781136
823107
428561
827814
430438
819382
1679556
429343
1657291
426968
808204
853003
813067
840016
790855
414897
789993
417068
803021
1667101
854807
1651371
1742004
1730106
833528
1665756
1716252
831434
1671779
1695788
807459
1713768
831315
1712858
1283450
825743
807042
1704247
841236
1691252
1684017
829734
801182
435728
834943
1700435
853755
1650310
1705489
419572
802318
1622138
1659102
806326
1667596
428401
1248708
842938
428176
831635
823103
818156
1722995
1680720
839134
1690274
430508
817294
865904
834646
1297010
1689651
838909
813190
431831
822999
1685177
833205
1691730
854894
1687829
434153
1683050
853940
815896
1696822
814080
1681426
1660793
793601
1216563
423104
832050
865997
824352
1677632
808037
831250
1727212
1682919
839306
1676027
847487
1666979
428501
1676457
429821
822398
1728456
853222
807843
1716636
818949
1703650
1701058
1695294
1688298
1671322
787396
1666035
1291391
1674252
1686362
1639260
815080
420261
1690017
834294
1691309
427391
400080
1667691
429525
1687864
1724464
429631
1673062
427444
822024
1292574
845276
1690976
868135
1692398
1707875
832226
798104
427443
819654
1675149
1670269
430572
1688782
435070
837467
1282652
1673391
865809
790243
428625
812944
1282784
1620752
415975
1597953
843985
418825
1631441
836083
1692609
1680598
826851
802111
436835
835003
1704178
431442
1655091
825754
1710596
820058
1706444
433854
1701231
811983
1685086
424487
1684773
1286222
426916
818465
1716616
816589
1704435
871923
1706733
825664
1696758
425180
809410
847646
388293
1627147
407990
1641236
1693804
847418
824236
428708
826865
1682188
1700199
1722190
866462
826130
432816
825512
1693740
845282
1698610
872172
1713296
839694
1697883
434158
832371
855909
1694783
430931
819452
1282623
863842
822536
429234
819266
1242538
413614
427887
1709280
1273375
1235901
1648955
809520
1637913
1711790
817774
1682002
429941
1696082
805845
1706609
429301
1640249
835029
1679960
846878
1680694
428339
1679087
430443
1692814
428125
1677258
1716417
1674802
779266
1670798
427312
816997
850996
820613
1709598
833662
1691115
427852
814773
429254
820984
424570
813548
1636778
812704
1246214
804627
1695405
821822
1680926
869421
1706825
1286037
1690450
427953
1669423
859731
1681679
1702673
846707
1693106
434704
391738
1689793
428072
1685001
434632
827918
849374
1682602
425542
812378
1301981
1695421
428789
824794
1711733
1684347
816375
1668336
833201
1618192
1689581
1658369
777111
1672039
1680606
1715035
815671
1709152
429314
1248633
838693
1661089
428487
825155
820864
819140
432293
830151
1684063
843895
1701096
1721547
416455
428999
1685485
1702219
430024
848042
430790
825342
1676623
425918
1646559
824945
1686689
422915
1669170
832270
823232
783962
855675
821271
425754
820396
425915
809314
1670664
1711861
838199
1312448
536468
1197894
2047908
1421687
1414343
2820998
3096532
746900
1446296
807993
731747
980085
1015948
255896
964197
259706
1000696
271480
744259
850948
497968
559836
1216809
1862281
2276325
1520732
1143548
604224
657691
338869
323022
150262
170921
333466
675258
344570
575642
697439
679375
355728
734957
359215
347130
738255
368478
390749
383680
807797
782580
389851
771647
392293
380646
393807
200817
771979
196788
381318
762237
741736
369268
1894900
3618729
1850094
3960387
994634
1978812
1957984
4086612
4134932
4191774
4248112
2194969
4458481
2142529
2231220
3398267
3406511
4475274
4566107
2173651
4495000
2216288
4500190
3389608
1092825
2219555
1107208
2199721
1105594
2217493
4523490
1094470
4196581
2200204
4468301
3367277
1076263
2192794
3345106
2157452
4492387
2097671
1097229
1056121
2232194
4378463
2174542
4493991
2148071
4422334
3343229
2107826
2139596
4512484
2078588
4394627
2183374
4397803
1051194
4414429
775569
4353297
971979
4216229
4323345
2023584
4328467
1948705
4186773
3053399
1852634
1950155
4103389
3802288
811275
815421
882838
3410884
1644931
3470537
796075
1634966
3416605
1426561
1455756
1600519
3426447
3400521
1237856
1582569
3290515
1554388
3336351
1564811
3317852
704436
3067404
2975659
1348510
2969303
2197937
1279046
1341057
2803657
2808075
555576
690492
2740438
545124
1319158
591628
1339852
2869571
1277576
2752967
371104
1257116
2726843
487484
675053
2667540
1986498
1269103
1344954
564474
1303539
2729733
1204866
2573815
532207
2515456
1070430
1206931
1130112
2328934
1745916
1020824
1110626
486893
1139192
2464872
1076839
2377385
1700365
1032828
1864760
2171890
972982
2170849
2241281
952063
2142580
2165856
944816
2046332
423463
923365
2076149
429105
1997753
1484739
1996930
936604
1980947
850982
1885103
1395463
941220
402762
908207
396287
899531
1586966
1823055
745672
897829
338693
1822805
374987
921235
399060
806335
1884435
796989
911468
836967
879246
1322604
382767
876520
1354503
800568
1767625
1569436
765064
853855
1714360
797783
1692313
709908
1720489
751719
1392178
1221050
351146
820157
781822
808642
343429
802066
1700293
1647452
333192
780845
343617
802828
1741581
334760
1625259
717942
803740
752205
808461
766592
1653270
1576380
321064
694045
1545202
329676
742704
1615915
1549248
578737
1496781
321282
1509733
1566561
1475054
694596
1491663
1481826
656689
1467672
1493646
673492
301685
1581036
1436383
669202
1454666
1441772
315435
1446944
978048
1493366
1313675
1333234
642876
1398010
1051514
602176
650103
643966
681803
294406
669061
1451087
1377443
662858
1289290
645263
1550342
1537631
784952
1495787
750853
388688
1343115
650607
1526380
1616203
1149613
1557970
809893
1618014
405574
767383
406112
785536
737074
774030
408039
594344
1588205
790717
1602206
404595
1588567
406767
771323
1223404
1602334
1584316
796917
1603028
403556
770338
1617715
1584359
788073
1599270
565975
678921
1213031
3446553
1917385
3959651
975926
1902066
4047651
1017233
3694190
1006735
4103404
3661595
2107850
4357828
3370008
3224605
3228815
4297761
4298561
1088334
2249342
3403862
3381631
4177548
4461024
2151806
4450618
2075948
2148047
1080936
2173923
1079447
4220887
4382431
1963511
4129492
870282
2047844
3990903
4204937
1669660
4097207
816229
1756749
3032447
2101813
2075520
909585
2166953
3335438
4374345
2008542
3611718
1806533
3934704
3936264
3938462
1746966
4133415
941854
3535830
928581
2156302
1960841
2148395
2155568
4208427
2093153
3180331
2035862
1851438
959264
2108327
4375430
1952802
1914817
4029338
933567
1976971
3844969
3661520
526521
3361941
1493489
3283100
763491
1667569
767681
1676544
768963
3404805
767831
1641314
1627916
1648610
3382794
1565989
3324128
717033
2438177
3249542
3266673
1476877
3116690
1392394
2959834
1418887
1391493
1400817
634447
1367096
630374
2379648
1258913
582782
2760648
497799
1329515
2042775
2796458
1265853
2781880
2701538
1217579
1726961
2380542
2562853
542679
2592703
1928296
2602366
1125775
2527120
526065
1223821
2535278
1890604
2286856
2290633
2138905
436645
1101055
1685141
490090
1137276
476512
1102749
2330162
1032086
2141545
2200951
1025612
2193859
1004818
2173504
452552
2119132
985218
2107102
440161
2079674
2029008
900360
1958540
417174
979393
2067207
409679
440877
883129
2007028
403287
923121
831709
929614
1947954
860363
1835971
362092
881439
1840838
839269
1834165
847218
1803713
1809722
803903
1700889
1706550
718760
1721061
363388
1742510
1284975
1756447
740493
1724549
813636
1668476
692013
1697828
737296
818601
362139
803810
1247972
1697924
356523
1640938
348835
802140
757525
813659
1669396
347361
786903
347604
800687
770091
1731689
762822
1638560
345271
795298
757117
793921
342148
778686
1611986
726258
1579308
324100
1542154
314397
737734
1587203
710626
1434079
657281
1524785
662113
1534445
316736
722607
698901
1489949
700328
1467997
646679
1526643
694953
1106033
656823
1496041
663688
1487559
310475
1456891
640979
693322
686591
721966
696875
1458346
1456172
665370
1414545
313226
1407481
1443072
629914
1407201
670029
1377207
700080
298807
681097
1335164
596449
934674
614308
221334
753200
755996
390918
744762
371854
717585
1290265
385530
1224751
1363997
1388516
761681
744201
773914
740327
389909
754081
799711
1567102
396337
760434
398232
766094
1556618
743297
1534159
392042
1546210
385393
744618
718130
772723
743069
387597
741439
385589
741742
1517487
770313
1588460
748302
1569104
393709
1544408
783858
1331342
1803519
1387982
679789
389648
2604472
902568
1801349
3924296
3664448
3855928
1934955
1714969
3161168
2048739
1068422
2107215
1088780
2138617
4260840
2129111
2134389
4002299
2168137
4445490
3393907
4229314
976233
2994764
853550
3637590
4105897
3784026
4364976
4463921
4527013
2206907
4478509
1091384
2222403
3195580
2183759
1062013
2209588
4564730
2157381
4512341
4452241
2133429
4487575
2238731
4488017
2202861
4461909
4527972
4428861
4438012
2077714
4338792
4407196
2161819
4440406
2178391
2054620
4474785
1721852
2114146
957684
2090207
3240274
4305317
2026962
4132956
1955274
4002045
894500
3935203
847026
1821241
2626603
3400660
1543289
1637160
768647
1673889
3514132
1594237
3371674
3314623
1503869
3294954
736867
3311040
2862883
1394681
3232790
3310460
2380559
1447010
3017282
1402893
2905994
2931690
1257847
1320449
590112
1344286
2758943
1228031
2736969
583014
2704521
1244303
2789064
2748079
1214851
2664165
2177765
1095378
2630292
544060
2628969
548808
1290361
554267
1299898
1957068
1293039
2570356
1153278
2467903
1774831
506733
1166878
502833
1150344
1778402
1180635
487325
1129874
1757325
1156837
489236
1131250
478791
1122288
2410230
2304863
980469
2217215
1990716
1589238
1547115
2083133
440034
2122752
2040439
2072966
405351
1979315
929098
1981819
345841
1548352
1953291
412601
923645
413937
921524
1414015
1877500
401096
1826165
1856129
819394
1778391
278600
1728663
364922
854801
1783247
766787
1732558
365067
844602
1278509
1253734
1747646
1703481
1726281
710970
858816
343966
816686
784986
811485
354776
1730690
1675696
777153
1688844
1686250
728063
1630829
266271
1609270
728639
833774
1614002
344564
1627654
1647522
711374
765425
759161
803358
346982
793690
1708025
340775
1543634
330148
745354
335346
1636983
1607722
681050
1548628
328001
1536459
728985
1559102
719149
1045852
1394640
320847
1500324
1459878
616078
1526559
690906
1421024
1520283
661934
1062157
1087607
1470752
655777
1474109
1490579
664472
1451875
310744
694342
1455286
639958
1425813
1426414
499679
1409095
295684
1376469
1016004
1304406
290642
675974
1027297
708089
1029601
1488625
1350785
1559563
783021
1562518
376799
726111
1549079
695417
600736
657075
1098149
1384538
529334
1424604
252898
169073
309844
122917
39601
220615
