4103
32
1867
4706
3050
11937
17698
9200
8768
3218
1506
8308
10258
7618
2478
9621
10184
10053
11005
10250
9714
10830
11095
4163
6976
1082
8174
3800
6108
14052
65749
119506
167843
170209
53627
169288
34879
85523
185250
89792
103486
76624
81256
37927
132348
170522
171266
166816
91579
83357
172000
89310
175614
174844
82933
165467
84274
169619
134203
33690
82519
53792
79856
34335
81394
162134
33402
162096
48162
154624
161024
83771
161731
41523
158663
55297
77609
124023
81376
116602
54451
158025
65977
159123
108976
160775
84455
157067
152742
77128
160703
107751
82624
71239
78077
74908
42532
58253
133840
76247
156074
161266
135730
78684
106657
158070
81657
110505
159139
139141
79943
93468
133726
153698
30602
77384
79755
119239
38786
71195
76242
139672
42822
127029
46291
140608
152825
101133
31598
155658
151451
68079
153544
26395
139313
38433
21140
113288
96516
24041
19695
72125
79369
74260
27522
59495
126709
49026
131032
98475
99538
137292
30009
69181
31255
130458
35032
48840
48428
63423
37843
118578
130870
44449
121641
68649
137120
43546
134888
40622
65440
47459
64198
141589
38128
134206
83925
70287
70597
25596
72164
77543
67104
139719
147170
30406
36296
141406
75555
123802
73605
133313
142255
128094
72612
124674
44138
47669
74060
57436
38214
63304
137755
69155
124974
148952
52834
133571
36444
67559
64789
136707
30238
130804
94297
118403
60694
124253
44667
129558
75832
72750
65429
37779
118511
95415
32027
71430
28842
67398
133520
67738
144888
30739
123909
43469
59824
68769
69789
30652
65351
28517
70972
121841
115500
72961
72587
127166
72720
130965
40420
64278
135667
75064
129078
73685
138247
35886
133480
41266
65955
36491
68845
32841
72049
127040
44976
128605
72386
67222
134622
70725
124108
39327
130847
48142
142832
70430
65552
139060
27220
72149
101323
58162
71206
70325
71851
60055
66082
48160
107876
121369
129883
143548
131567
143023
131319
73155
69682
104152
134129
138899
72105
130864
145435
71977
135663
75975
134273
131791
132535
71246
136896
63859
142129
25598
54927
135431
27838
18401
30894
70008
133453
42263
62148
69956
70647
74801
64469
139001
72910
136103
39624
66215
35607
71185
32408
140968
136165
38945
62058
114239
72131
128756
67645
129769
138632
72913
62209
68283
70091
105142
74732
69645
68099
63556
41935
62670
71758
70888
33622
68589
140438
136897
147174
72619
64315
135281
32783
71212
139292
60476
134684
39107
68288
138945
144990
104042
134962
38895
99369
73296
60605
68644
69422
34034
70112
102236
146727
68388
135934
106285
42465
61925
38783
67058
137588
101723
74926
71351
135626
41535
131763
109905
138193
72325
129573
141769
71997
137087
73759
71201
136010
66297
25490
98899
71103
139708
66015
144566
66698
138374
38900
33921
140467
39910
67410
127410
138839
59572
123901
74200
122917
69183
139652
35513
115508
32933
139751
140360
66944
144224
32440
70424
72158
62177
38083
67699
134476
144863
71881
64836
146947
74399
63049
71820
70732
105991
142307
67457
139965
75468
132632
42919
64222
40355
67721
133749
146241
67706
139002
72689
138410
41137
139919
39944
67254
36013
70684
105173
67105
75097
140862
139510
74266
104851
74028
70636
71378
65198
110124
38028
67434
33824
71507
70998
64058
75947
72411
33266
71082
139807
68159
140431
33329
146483
32596
71816
38716
66549
43058
64957
139899
74765
137517
39971
106815
144637
36229
72321
72272
139952
147131
106908
142003
66311
147213
106674
75370
70183
35682
73832
138960
146872
149177
33544
73501
138250
143346
76818
139910
40263
71435
34766
74517
33273
72989
145407
66205
146107
74581
139882
37039
140612
72582
149173
74870
109017
76475
66892
75035
74531
111247
151949
76378
141828
42627
145409
40578
74287
35292
74245
35319
73962
151204
34515
150330
150913
146830
77552
149038
36332
75274
79610
70548
39698
147959
75319
71633
77356
154482
112141
146109
74634
151070
43778
114739
154410
73960
154870
160854
156950
73433
72214
45861
70277
150404
43848
145403
45090
71745
42453
77177
117308
151768
154235
82678
116804
159504
85872
163441
80835
83019
44387
83432
167985
42854
84045
86727
131448
45544
171821
132576
45329
83305
175427
85080
173799
45053
171133
84414
45410
85428
88755
83655
45288
84349
169725
48183
442706
170945
12144
38243
11973
50442
13693
43716
63390
30075
29301
37146
47957
49494
60691
64370
32671
72345
19588
79552
84025
46283
89666
25485
45127
95714
99244
53512
98603
106222
47726
105493
56391
104040
28038
104493
28384
55150
104533
54508
112198
56899
111381
56849
53967
25216
52979
28822
57151
109741
28388
112524
31561
54021
31901
53579
29355
53250
119042
59159
113752
62462
113012
57126
116085
34094
59378
60946
52389
92408
63298
58045
91726
28783
57564
31923
74416
80667
169657
86874
178700
129646
167608
84774
175479
74868
162686
39227
86360
164417
176382
163758
47533
168114
40297
82702
86380
71201
91257
75899
43798
79152
44374
172141
44090
85665
70564
71650
44430
42350
129838
41592
83273
43686
75027
119131
137610
163989
58660
93618
68795
160646
123389
87897
76453
47010
69212
45228
78437
165484
41702
158757
48831
89726
158138
169105
80720
151000
78333
167370
173346
90918
161326
163767
79296
157040
43365
77614
93812
72482
91983
38024
149881
76559
83559
45859
76511
154244
79865
165798
165212
83360
72755
88567
151754
42193
76657
148692
77848
166523
45878
89530
42432
71694
42603
80162
144435
80825
155972
34874
76586
89918
163681
173035
66172
158959
127398
39242
71686
41316
70202
157708
39899
36013
128999
42547
77271
36059
142666
36623
80616
83732
75047
39472
69170
40996
78371
158297
37249
168070
36247
69774
142978
81053
78969
83430
78320
121201
83576
168087
157090
70832
146965
44997
79718
45072
151184
119972
37069
82233
77955
39886
87469
40014
155059
70930
163468
164661
148895
161349
173342
75898
80482
39466
74241
163692
48249
85098
159174
88415
161747
90855
145789
39570
118606
33173
75721
45792
74288
154862
84873
76223
38126
79546
88618
42631
160120
158064
38957
125227
43360
77494
153730
85709
78168
45866
79916
172092
77370
74553
44901
75825
90155
80089
127938
165243
78628
175515
79965
152168
39410
176723
78180
80107
46705
74332
42996
45463
79869
43586
82283
172106
39309
159205
87218
77018
163853
72025
172529
44537
83796
42581
67958
149456
89818
172827
164578
80052
88878
127716
50202
82434
128525
78999
177713
40459
78001
42389
77462
89856
177367
161995
91213
149199
88974
165072
43110
82548
87910
87015
84915
83004
40852
83851
48327
153146
45932
85869
47271
81072
172933
88407
82359
167061
46305
162368
46657
82939
47884
80867
168007
86780
79777
49326
81352
166011
82162
172916
79977
174606
161837
173552
82218
85938
41533
125174
89756
81199
44471
84722
172821
83173
182445
46337
165882
130660
43636
88582
45819
76880
170652
44965
171536
48393
83104
42398
80088
47934
79063
167640
46732
175682
128774
42657
80696
175190
87570
88357
47314
38299
37617
180288
156112
89958
83342
86738
172014
173813
128769
42959
85028
157263
83896
176218
48103
165722
131365
81114
84106
170390
86544
168675
159754
88430
86807
168241
95419
166085
85967
168123
43255
171099
83770
170920
45485
171288
86451
174777
48402
175163
86812
178207
176086
91784
78368
45443
85629
46472
84383
166519
90003
178364
171795
49875
89541
164322
88726
171426
177614
180483
88313
88065
182163
170376
88402
165913
93271
175295
161045
87682
84456
160404
85590
178370
32722
152481
81984
160141
154590
69629
162457
171283
87207
82381
43452
82457
149903
161441
43852
169898
88514
168786
72815
75557
47168
152454
80344
77924
153923
152802
41071
35872
168029
91213
166022
83371
71204
160794
82117
67966
127001
74902
30141
74217
86431
70598
146708
89631
181501
40982
172636
79686
168534
137200
89132
180752
42856
81335
173715
80520
169119
178801
177758
81947
117077
85035
173213
36049
149376
81485
158662
141371
90158
76286
96559
88035
91455
86200
47519
79517
161470
47314
175717
67676
162658
87351
149439
121687
47092
89695
160293
44426
157931
82602
183404
91303
82122
79231
48669
171624
93347
167523
47806
92743
142872
74685
167000
48310
178067
87204
80827
43410
86372
105311
163349
70150
177202
45783
173740
149771
92331
154043
46578
82296
163439
169289
82028
143356
72800
164190
73262
171227
122811
165717
176642
83239
117141
165252
94325
176755
49727
87809
68161
54511
177465
59878
153637
47694
78596
44161
58689
60073
155257
89315
130783
169177
162242
152063
77094
109328
82469
53619
141652
48258
143088
36329
59673
160300
81620
64933
142521
126101
66398
165445
108825
71114
58982
160887
143798
69681
137903
110669
48046
70964
47279
81244
132621
34984
168404
157315
131095
72382
69641
106257
105417
135837
74254
115007
138335
75022
163932
35928
120698
88601
118340
71388
172530
65707
139408
41048
69383
29967
60744
26492
60512
159036
36517
119039
46793
76377
34825
77005
28444
90640
64006
67514
65244
84667
66685
112581
80448
29661
99282
149779
61410
41948
78732
69855
45133
50258
26169
60944
127566
26172
127414
80763
156737
91203
153770
89544
136082
36930
55996
43179
76880
43505
65429
145068
68708
158648
38803
164087
120129
72869
68716
47769
76164
74679
140139
66487
75253
90159
36471
149096
32565
97695
99683
69468
36759
111255
36191
89854
49207
65533
126371
160321
74629
74931
37362
60691
154373
129661
151403
81324
145388
72519
76638
157674
85279
74207
35262
74175
154639
62557
167602
38575
166845
49176
69640
36408
86980
89091
127168
185904
142696
138922
70778
155009
39918
68473
38804
70695
76520
72764
84238
84317
123042
31575
177044
147763
70175
143603
165583
83188
152948
62753
66493
87891
68099
85947
79299
43190
91813
40261
70483
149357
166875
94631
127765
144054
65046
162852
92135
150969
49763
172251
37724
57131
147635
83783
143194
73022
158129
134045
45475
87689
39867
70040
170342
73841
140163
125692
80470
84342
68440
65539
141761
161343
80357
115251
74508
88437
47632
77227
74411
64255
41168
81705
49156
88755
139036
38868
134777
179325
95028
157989
39562
118245
120103
49560
79162
37199
54711
155755
78177
166790
164285
90758
107301
70081
148611
47326
94406
163395
153441
66937
156325
47651
90570
41751
73365
40178
73030
140891
89950
141614
73574
141415
40476
75819
177591
182786
83586
165059
76541
148109
34846
63108
172552
40659
165517
43277
85300
127168
75079
157781
77299
144938
68822
178182
142964
42651
89393
156563
86916
160854
78024
156549
158904
80789
186679
50578
160493
71427
159228
139734
44855
80047
143360
92487
165014
162145
51050
166764
90052
156990
96567
72289
41570
76585
41635
71015
175660
95993
164089
88616
146404
42735
76554
41522
48534
90291
89037
77793
45825
89895
151811
80350
171844
38709
152584
120318
43236
78205
157530
80625
156092
43314
153862
81045
163005
115238
150900
41379
39176
78194
116881
156560
43396
83334
164896
83369
67728
43824
160253
81118
162463
111136
160592
82147
159545
44150
157383
41840
78039
43769
80619
43617
78844
149461
161698
83911
154990
39899
157971
85443
161012
84646
153967
41752
73102
83754
160782
41240
155949
45118
153301
162927
85725
85616
42351
77998
40093
76983
115331
42524
80975
131540
45211
77034
157348
150140
86172
167246
170063
83334
170606
44810
81795
88068
82389
43561
76611
163659
86617
169060
82059
75964
41990
77468
43850
161427
169456
80835
163298
166776
85315
171569
162679
76938
78408
162874
78727
160733
43270
76350
84635
78399
164258
81216
149227
174540
93838
183257
175973
87711
75212
174558
49602
173778
45272
80779
42539
45185
82399
160009
163360
88989
162041
45092
79061
37360
42078
45522
85325
184207
86746
162753
44384
159078
44304
78955
129446
166587
81448
171266
84071
161055
45081
171445
86806
172000
182451
86572
81609
173735
85485
174533
87021
164533
44546
84506
185762
85862
164324
131481
44824
83180
45240
81114
156891
182375
93933
159362
167831
88941
80387
43854
83721
169481
175352
175714
85567
163619
90751
161871
166511
169903
166115
88566
45130
46351
84507
46530
83289
163128
89361
177093
128030
44577
81243
86352
80362
41325
77895
160492
76732
184053
86476
82930
45553
91660
51301
91687
173722
98090
166093
90457
86858
50591
93519
175566
93766
183270
44242
168460
96876
186505
50491
84743
44764
98092
88164
45294
89615
130903
91237
195065
194608
136200
94096
179063
184733
93688
183867
50924
84721
47386
87125
47914
86376
178213
45394
171421
174494
177003
46835
85266
87088
82883
171530
84005
168594
42537
165972
172730
170906
363462
185574
352292
324035
133019
47751
69059
111466
72706
72077
154435
142378
81689
67051
61299
45710
141771
160419
146077
76786
156564
38019
155403
38803
139488
81024
159679
36522
157094
36224
146590
42209
69932
70249
75930
36265
73867
155182
68430
157341
114974
41112
69901
153572
64954
150283
30074
74403
108767
68742
142097
137909
80793
70550
150687
80859
138681
77798
135615
117625
105470
73608
79313
110264
153270
70042
151154
66030
146877
153134
141393
138323
81003
72670
59108
154128
135596
71295
131243
81079
136456
46739
66801
47391
64481
44114
67688
145911
32707
153816
31607
76738
32523
78699
67388
147655
32312
77770
31526
152885
135938
78432
135829
149274
65074
155059
68337
150920
71753
137762
142822
49436
70700
144583
27520
143644
67115
151743
62169
154418
135150
80036
67426
146822
35877
72923
153608
142486
76967
140939
46506
139695
113207
84026
73833
138104
29997
156865
109028
138761
78878
78531
30738
28910
113860
101803
120665
114805
31365
63998
71026
78968
37085
74994
155039
67464
147542
70085
150250
80704
138241
29856
73749
26884
73993
32191
76669
127372
41153
144033
33231
77228
29507
77876
157068
63172
150412
38228
28362
77823
64488
38485
73652
142688
42313
141837
159818
112621
81944
54607
78353
71155
145972
79484
132080
112359
45413
61070
46246
66988
152503
57819
156453
70472
147889
30165
155573
61178
152442
56732
77435
142620
69638
124842
35017
61596
72650
138530
68775
138059
56215
74629
39673
69984
154153
61147
155056
140533
77385
132408
45499
147520
80355
60493
45793
73353
144856
141699
78220
143000
153387
73323
139076
31140
116168
75749
149892
66914
154858
54356
158590
34448
74916
65623
45254
67868
71094
80195
114389
161321
68492
149036
146434
73097
137391
46161
54427
51051
135970
38154
71202
78905
52702
49213
130353
55714
76882
37246
71029
146265
64125
144047
45686
128790
56935
157709
32195
144432
70708
162033
25061
27431
79323
51742
47732
56504
106546
109011
48661
65057
47092
58052
155106
75887
142568
36955
155851
29663
145279
43514
77642
143221
80518
137391
115353
157885
145723
160750
33041
80044
32320
79047
146194
43926
136895
160549
147209
46768
60605
150820
62430
29533
100521
39529
66991
81464
77729
36372
35651
97496
51159
67665
75629
78610
63730
65911
123752
132476
79319
140615
48523
134865
130060
78293
137083
40141
73220
81352
77010
37866
77454
33557
79723
23252
30020
76659
147506
71898
163010
73995
149677
30053
79932
143987
79409
149813
42996
139939
82619
79065
138960
41515
70595
83681
147663
118849
68411
76216
115580
75807
33449
66161
65617
78311
112237
109888
160413
56649
160831
115364
136349
152571
64662
78522
149252
44052
74515
37097
27769
41521
139732
78464
133693
75673
149526
84930
79378
112944
140502
84456
130595
45137
68528
124639
116684
146110
82464
142674
49255
141929
153168
66561
156877
144934
153534
153887
38347
73058
155051
146451
83548
142480
80152
161347
72184
77106
43572
73173
82443
79480
29997
136358
45180
62119
32407
79257
138050
80094
163355
36766
79143
64354
79022
38039
70795
152023
67558
111349
164271
145628
116737
78183
79934
85346
64192
49214
69528
150742
151784
119139
144578
32194
163252
82892
148752
40187
73366
84428
77927
33329
79896
141710
164322
67320
68926
83746
75710
35122
74277
145919
83270
143705
51863
65354
119807
166126
141934
83572
154211
82998
143895
114710
142814
47641
68790
113818
44364
80017
142013
164922
68806
166170
70764
70440
141323
162129
157481
74918
168802
69129
165861
138057
142751
152026
85052
81281
68837
81836
39156
78878
89281
66060
50512
67375
162011
74628
168106
41645
56409
153299
74983
154165
71886
150518
84988
152385
37956
155764
88214
155307
76412
165638
35379
66558
118827
165458
33278
164060
80119
122492
82838
154512
124860
39042
75134
86368
83136
161649
77854
164508
68635
46032
154466
90176
152750
162159
170145
161652
80937
147139
41299
156312
127963
39521
84718
42953
76310
127701
69980
80353
84709
145004
156967
35569
72261
154096
81390
74833
65194
164761
117370
42157
76696
140715
46215
148927
32988
169376
78271
160492
151635
84381
156649
34995
156537
119915
165396
58567
163580
76304
165002
165734
164346
65753
149041
45848
141083
87977
158228
78013
172022
81276
159310
74042
88578
76155
40531
89219
72632
77626
42552
80526
35275
83858
155865
80908
158120
48289
160747
40778
152498
151797
40432
161443
159613
79894
155470
35663
160345
80212
153052
156416
159969
42597
76472
147594
75628
153078
50911
71271
154906
75131
39095
110537
35584
155611
51866
155827
122583
42529
70862
48317
60346
161253
81652
168288
48376
160293
116102
41851
79611
42775
79558
161693
83426
156826
122974
43149
76782
40808
90523
152370
41004
77745
162329
161833
78482
152389
162382
41132
123276
42766
79643
159836
82868
168303
74512
168903
74302
162876
159913
82751
162164
42462
77521
137537
42703
78365
160380
84296
156325
161835
158014
159203
80030
159897
80479
160252
162012
149708
161723
76504
79761
42571
79233
42715
78630
159823
163390
83332
160538
84148
79634
125519
83687
78654
115581
162114
79631
163381
78393
78253
164415
163929
75908
168823
164532
159546
80874
160396
42987
37628
41457
42950
78748
160280
81942
162366
156720
81909
162005
164505
80509
161050
163933
81929
163231
42682
159792
124318
164281
79852
161058
42722
78960
163421
38066
79242
161104
39603
123053
162313
83020
164315
42905
158888
164036
80758
159833
124038
83894
79341
42759
78975
42649
157670
82232
161234
123662
83946
78753
83590
78287
42359
78793
42978
79385
161839
42423
159207
82095
159587
84932
76458
42776
78169
124327
157297
82082
163089
83049
160729
81443
161683
166344
81824
38519
161918
83056
77874
159978
43396
79339
123597
159428
81084
161479
43163
158875
124463
82768
78097
123808
42426
79011
159146
81560
161896
123046
79263
76054
164309
79622
163315
124734
83022
161890
84521
163931
82701
162189
43090
160457
163498
82511
161920
42718
78271
124202
42964
79278
159622
84283
79427
162122
81607
161537
42784
79233
83167
78951
82840
162482
42651
78502
162784
83994
80219
42218
78017
83031
41129
156366
42724
159328
83965
162039
42756
160867
82144
161253
80601
163312
42924
162849
83151
119744
161601
42216
78044
84813
79588
42703
78978
42786
78540
158905
42193
158496
41120
41764
163122
124484
42781
79030
42650
75141
159220
81925
161732
43344
78798
125353
120793
165517
81864
81100
77581
162492
82480
163487
42536
158801
41983
160004
42784
79149
158957
42107
157406
159400
42738
78227
155948
161893
80981
79482
164894
159660
81075
42526
78639
155132
81677
78533
162138
42538
119812
82132
76569
42777
78949
160062
42460
162624
173317
183175
299591
388066
99028
199987
404668
415395
345475
333764
87758
164298
87283
161286
89390
164039
642584
218069
891133
116074
66553
126069
29969
131887
126970
63338
122586
122960
139550
68436
70348
158701
42404
83994
165012
80543
126513
232075
227942
26813
26455
25372
41526
57919
42655
47466
29833
26810
18275
33074
22592
26765
13285
23403
16142
26921
53822
15964
61555
59749
18223
68267
36167
34506
15988
35089
62318
17511
61161
73173
38531
33723
84786
42629
40178
43628
49426
25193
44290
89110
100688
54464
45833
27878
48536
77936
54396
31038
53443
57498
25971
29606
61943
49523
66040
59838
94265
124120
65882
121447
140087
66213
62509
38298
63290
135678
132799
140521
69558
64588
37234
68354
139059
139487
79909
134471
35285
71627
70518
65730
141383
63837
136572
62213
136304
65052
31321
64612
65825
132759
131386
68061
135739
33511
56219
56442
56483
54888
116264
116794
31902
57139
94433
114184
118308
61513
115394
59729
116950
57030
117147
63265
61144
32221
58531
31569
115091
33864
61827
35437
115068
34000
54205
121520
120890
33297
59747
32668
57353
33706
60970
123836
62930
120851
61511
118523
108735
61924
54140
57949
48499
32217
50643
116294
54517
94895
67457
54899
50741
88505
38607
92677
30866
65231
68099
74496
42893
79076
79822
74589
79541
23404
86650
34387
72665
77764
32583
69396
81505
43315
37495
72452
84114
46296
60950
41463
90772
29073
90564
83445
45164
31840
79423
83701
46355
84841
50818
40127
27918
42093
21673
66088
48479
40860
80697
62099
48484
44620
53209
90224
38384
77691
47478
86214
25327
92668
61495
85571
44352
104916
28963
102272
26947
40512
34656
54854
75618
57041
108617
55103
100787
34336
49364
52851
51298
115300
79238
28248
44681
36522
53694
27641
53064
51928
106982
29736
51073
28770
57125
34502
44563
102730
54808
127332
34608
101103
95428
57987
45403
29374
45386
54400
45736
53165
46399
29025
48222
90970
53507
65671
99887
57217
49852
55738
49067
55775
102124
55362
104365
56758
104817
109251
31442
27738
107938
31960
53761
32138
53415
32572
53327
105547
114163
61857
115600
91361
110292
33849
130585
64623
118606
36515
59944
117154
64525
123109
66627
124320
128330
65629
124925
64646
127094
35698
126787
127282
96692
36257
62734
119818
68749
126945
36463
127979
112368
134526
132330
67327
129781
36560
62567
37150
63797
37133
64749
127071
37030
132228
72056
133209
133552
135157
70642
68127
135790
72350
135047
136230
71680
135469
142072
144869
71725
137043
139766
72798
137931
139690
74035
69938
107546
74475
67302
73847
67843
74408
68027
141940
140496
39878
69112
144249
142241
40150
33962
36233
137204
75723
145734
154116
77023
142739
73839
145973
111897
146711
72307
147242
78159
147744
40563
149274
150353
74676
149764
40339
149543
40819
72230
97731
177559
92173
172018
352530
181368
360176
370026
180448
357005
185135
174812
164690
23888
34574
67939
146191
71563
131243
142359
55935
146685
63291
55705
146831
63717
143174
155118
140286
143263
140768
80127
140736
136924
146429
108632
142388
66834
50113
30864
77557
144155
36514
135377
38410
28782
76077
148141
64542
139597
104859
38083
64775
45193
133011
138576
71276
153178
146774
144630
77823
133977
49474
61932
115483
61242
150108
77106
142597
69946
153068
128776
51177
24549
35123
120837
65471
43141
77247
139765
73928
157544
136068
76118
155554
133374
79114
145452
40531
75134
62270
70971
47538
60793
152886
30360
155026
106970
141627
65409
155316
62646
145868
31995
74652
36723
71234
80913
77936
80087
66719
72416
78389
43765
68190
154891
137945
73590
155864
75870
140093
116559
71612
75990
157091
31925
78423
31081
150570
32581
77605
29618
77989
40304
68542
156367
154360
68556
66255
149656
117285
72301
63399
154543
28543
159209
78119
141069
52147
55975
160824
77813
135731
152185
78968
68078
62663
158978
83488
145210
155200
84461
78994
31351
79530
110978
77642
42523
64584
48620
67617
152455
81474
161126
139889
79279
77068
30484
79721
117404
75189
83092
158617
32845
79306
83333
72877
120146
112093
113482
78420
139058
153834
154953
71383
150400
81660
152214
41608
157557
76232
142491
80608
151096
141621
156846
69628
142765
78518
143193
151949
155212
140852
81694
154075
76743
152329
78520
135175
156039
30030
124786
34030
78778
146821
44215
154016
37413
80193
145768
43025
138286
45693
68791
37294
157590
31085
79267
29571
77757
82049
77778
30806
79115
153130
73043
160208
47471
36270
164716
74856
72046
47618
79885
145681
48475
136419
80353
160374
74749
141647
162490
82543
71067
39557
80644
155267
38096
161340
31974
80026
111710
159934
31093
81051
36006
79167
111389
158156
158456
71593
149986
161754
151517
70823
160726
31841
157568
163363
72910
149147
49815
140033
160496
82745
143265
46042
75854
118906
36578
75181
146360
83626
151916
46097
143180
147059
80048
146703
152357
81642
144991
71067
161904
159176
119380
153420
68140
161095
165184
32359
83147
157639
33352
80877
150139
44236
112939
159571
71580
151668
158408
70277
73160
47406
64221
157986
36452
157971
35809
81406
146322
165199
83157
60490
53467
63055
53315
66691
158418
30029
52296
65051
154860
79884
153091
156158
65435
156687
158775
68661
150709
89694
136140
45720
78054
37476
68847
45692
157453
145898
68912
145449
165109
82467
77278
117636
84998
67759
45464
80935
31982
83293
136529
81164
157990
36194
147613
113626
51089
67668
38634
76849
133075
156818
80565
142899
48606
63726
45960
63667
152370
79503
156418
71624
167213
31506
152532
71667
163895
85942
163062
31390
162407
32484
81176
45767
72416
160366
66060
155643
67321
79629
71725
69034
161531
66256
75702
161432
160443
69980
73530
118534
75094
79250
112724
83610
79222
33019
77509
46580
144740
147436
155723
69318
157355
58713
149142
54127
65428
113407
150002
85075
152450
142866
78910
162444
143569
82865
152494
152555
154306
69264
74815
114847
149778
81098
33625
79983
83198
34964
80732
36824
83615
147273
85009
148556
72715
70571
110439
38308
71840
144850
73286
146387
37899
159788
37674
69543
121327
85905
80072
33597
79575
153889
72317
151556
46850
79383
152235
68065
86966
76673
36780
138800
72676
145845
38456
69753
38229
137826
40443
149000
32976
79034
157315
71730
145425
111564
146157
73674
146558
72052
146510
75669
142434
39035
146204
38600
36980
146301
72051
148787
144835
71524
68137
75303
70613
149909
145841
36727
123865
75309
142005
145517
73192
144785
38105
70509
38294
145715
146996
71847
145743
38303
144992
38338
70549
38511
71789
37971
70483
145052
75240
142891
72660
36627
148194
75309
141347
148462
72187
144179
75341
146265
71436
145241
112460
147575
70723
38512
71061
139521
73340
144951
144582
69221
145202
72494
71927
111424
142759
74066
146810
37940
144200
35452
111090
146885
145772
73714
145350
38590
71397
75309
33545
37046
37941
71333
144765
73318
146728
69364
71725
38265
72136
38196
70444
143802
38461
143269
38283
70809
75426
70878
74367
69456
37953
71146
38204
70641
143942
74836
142538
149131
149827
73223
144155
147251
72885
144392
146867
70857
146996
72967
147935
111056
72342
70279
146424
73103
145940
146719
73265
69170
38787
71908
145832
75029
143085
148805
37825
70652
144144
145821
71366
144152
38128
107090
73389
38654
71922
72362
70570
148022
144755
73629
145693
38653
70651
76112
71408
112736
145209
73401
69896
38770
71885
144156
72901
146936
75641
146157
38732
145035
74866
70901
146919
72256
145901
146442
72171
106668
38467
72181
76103
71244
145385
70825
71782
149205
145253
72920
144561
73625
143916
38325
144930
38401
70494
149004
75303
69971
147252
71976
147222
146738
147318
145763
145980
69236
143053
112093
145784
146717
145510
73500
37478
146264
72931
145623
37958
33867
143720
38725
145811
148437
37882
144566
38123
71015
111778
75686
145886
75361
146044
147389
72748
68488
38258
70951
143453
144921
38820
145414
39233
71960
111523
144322
76148
68485
38340
70787
111723
140796
37983
142936
74191
36894
140023
73424
145297
144704
73072
69217
38766
72093
145102
38228
142408
72707
147100
72263
145744
38523
146360
71218
144979
37755
146261
111721
37950
70892
149213
71290
146674
76095
147630
72302
146541
38348
70226
74530
33703
143331
38040
144502
146959
74941
71393
38065
71072
143200
147454
149075
75470
71128
38800
71486
145363
74535
145979
76421
148055
73279
145610
38839
72176
74452
146228
38504
71393
111585
75734
70969
38088
71066
106960
36679
37417
147577
111775
107603
145462
73497
142992
147632
71822
144084
38124
145804
71575
147391
38380
140382
72933
144952
73982
145281
38210
144006
38250
145205
37988
143960
148474
144749
68578
144826
38491
70730
75124
70889
146995
73089
146028
38511
70945
38594
71018
38160
70943
143750
73550
108726
71056
145959
71834
143910
76277
147586
111932
145449
37902
143759
75559
145433
146739
73876
146033
38812
33794
145971
38088
145798
38959
71641
74085
145471
38527
70602
112926
145624
38428
71038
147806
146108
71680
144682
74006
144120
147288
143324
68620
142504
145401
148915
71270
146905
38274
107983
73635
142649
38442
71641
71953
70385
38386
71401
144628
73439
146335
149276
36994
37046
145624
147848
38635
73368
38403
71346
143548
38220
141972
72236
146104
37983
145389
75056
74332
68658
75718
70871
38132
71246
38011
69699
142114
147955
73588
265949
107040
213402
348836
240042
234519
473636
508527
124864
241913
210341
254530
336991
345673
87616
327842
88148
342549
92396
253767
295454
170450
189585
423137
648936
775548
518943
388156
132695
132575
65025
62195
30790
31900
62758
126504
66497
112203
127238
126680
66435
136426
66960
65608
137470
70616
71023
69491
144693
143647
72001
142032
72661
71138
72790
37238
142500
37380
70962
142482
140085
71232
198301
5068
1822
3106
888
2801
1659
3410
3825
3958
4001
2613
2385
2697
1160
2361
2633
2919
3569
2693
3435
3176
3956
4681
2985
2084
2574
2413
2562
1955
3445
3178
14686
5994
6140
6366
3795
3248
7062
4319
8658
6216
3144
4823
3028
5648
5308
6813
6350
7525
6944
6171
4580
7703
6681
8901
6568
9229
4858
8212
16930
9558
7844
15174
14713
9530
13110
11830
18464
17970
16151
10223
22570
33154
14460
10612
11882
45311
27275
48849
15708
25920
48469
33526
29891
30239
47985
52627
45568
26727
56581
29016
54053
31704
52278
19155
60725
69816
36980
73174
56818
41698
37597
82028
79808
24132
20883
81346
26770
40702
25082
40135
77505
45081
82711
36023
41844
85085
24251
21264
82976
65638
46986
40575
26426
41471
84586
44742
88523
27430
88979
54284
45262
51944
91889
75153
53557
47235
29449
47756
91300
53645
98727
77744
54312
115122
108286
57546
103957
105824
56043
106374
108794
58673
110202
32852
52940
104904
32777
111692
88304
113180
61422
114044
61675
119991
93033
58038
34091
58624
34331
59176
131009
126101
66896
61254
36868
122189
35257
62765
34273
68576
121718
67976
62371
68109
61410
96963
35514
60900
91188
68461
126752
131353
70028
61809
129378
67823
131470
65136
128539
66331
142338
102359
37041
63965
69698
63266
37485
64116
132624
130888
37312
64715
37226
63827
125519
35654
131005
72113
63788
73167
66332
72431
136393
138069
38483
69459
137019
38172
66714
139136
138187
78539
138618
38880
138357
143375
141209
73704
138843
142257
72923
140713
143151
75720
36606
141735
144061
75628
144367
144747
40282
143578
107269
139514
149465
151029
75353
145416
113908
76288
70129
78149
71358
40572
72084
142203
148665
86234
163434
70700
165612
162382
84555
162317
83157
43342
148075
69855
165535
172157
124829
164661
87094
171459
44059
81760
44254
82706
81512
80971
44553
86889
164328
85184
169584
43871
168155
44077
81927
130009
169238
168153
85777
169771
44334
81299
171124
168040
84222
171989
132438
210335
378447
23417
1550
1949
1806
1137
2668
1487
3107
2068
3075
5273
3018
2641
2007
4328
5786
8948
7729
2912
1368
3421
5735
13387
6797
6926
8626
8454
2421
3505
3050
3649
20872
15461
14955
23135
15900
11080
34396
23477
35156
25900
18059
27531
22177
12730
9258
12569
3472
3590
14586
7483
44268
24321
35570
37472
35508
24838
20191
12104
54535
9706
3998
17836
4240
7536
19946
9814
9745
10533
16886
8441
5859
9520
13526
14806
22322
9416
10806
30374
40501
28005
49819
31405
50506
16684
24098
16551
23718
16567
48766
16980
25835
30042
25392
53295
28492
54225
18388
40543
55406
52451
33322
62216
36091
72738
40045
40409
34965
22678
37495
23107
94352
47045
25274
81567
29426
40291
65363
82820
42735
81216
82764
44130
112923
96451
89405
26849
86345
68108
85948
48701
88962
27733
44256
94621
114795
96370
101265
100798
31399
48870
78288
30276
49791
30047
48920
101420
56733
101717
102614
56811
103373
56062
104695
31230
107470
58857
108828
31990
108827
110736
60678
114855
33567
56326
111409
33360
32102
63563
113823
33939
57935
62919
57902
124157
62701
126708
36157
59973
125230
62600
126799
67291
126948
127509
66732
127395
127583
66235
127030
35899
126249
98725
128587
67150
129270
69241
130273
64728
130380
67740
63458
36668
63368
100643
124066
36713
130503
37090
63782
70940
63727
131989
37289
64168
37470
64597
71575
128573
70568
134207
37934
65791
71627
64700
38239
66637
137082
68050
137118
38633
136481
39068
67814
129671
71726
146081
72967
140364
72057
139461
39189
67778
73970
132197
74437
138234
72688
144203
75083
107644
72095
142069
73569
142295
39484
141467
74583
67813
75378
69021
75199
136159
143931
74428
143148
39780
144266
146907
73649
145479
76948
147076
70748
40677
71181
179208
89081
150429
76734
41709
83718
83271
44657
84215
44540
82675
160026
45297
144844
158322
161660
87505
83837
88650
83846
45220
84510
91181
176409
45557
85181
46349
86854
174224
83971
173297
45340
173683
44999
84027
82815
87480
84017
44972
83943
44413
83084
170412
87998
177896
85996
176274
45295
174415
88906
179214
418944
474168
119917
95936
121855
2540
1451
3293
2841
2598
2004
3135
2877
1133
1130
778
807
863
3503
3274
4558
6781
3702
3763
3153
6926
5191
11009
6885
8636
11417
20729
7020
5519
4709
4080
5474
3331
2067
13288
2863
4364
2360
5685
4148
5911
6536
5074
5420
4437
5172
5695
7664
6815
6885
6760
7378
7383
8264
5883
7061
6754
4671
8995
21999
6965
8683
6566
11189
8693
10755
19909
15172
23154
10822
26006
12951
17165
36080
48492
29194
23254
16351
23658
44572
29272
52031
53286
30486
53984
17731
52882
73014
34545
56174
55898
46975
35643
67217
40169
72608
74268
42916
38303
24662
39441
85493
45988
81504
25265
81638
43342
81387
82929
46180
83061
105368
48595
85840
26848
85194
26849
41727
26789
41719
68030
41620
91969
49310
92772
74739
28649
46660
28928
47033
76623
47294
29436
48117
76944
48125
29431
48198
30154
49012
94640
103855
57800
104307
118679
83691
80076
108790
31711
109889
111268
111809
33558
112213
63060
115061
31986
84904
117613
33517
57613
33598
57867
92175
114659
34836
121257
124749
64195
123960
43287
127141
36094
61879
127693
65761
126759
36213
62062
99527
95152
129454
133858
132546
67444
63433
37143
64516
69681
63274
36901
126977
132112
68198
129540
130684
67779
131532
44702
133078
72362
65087
134795
38077
131581
133239
69796
62720
71784
64704
38120
66533
131082
37837
133764
38040
66250
38143
133833
139956
71517
138296
38580
137017
73827
138134
73598
104933
144947
40147
139354
140178
74731
142210
74450
138706
142625
72327
107576
110078
140677
72109
142935
143569
74666
142328
39356
69177
144335
72049
142157
144436
80625
149057
40669
145846
113619
151502
41571
72957
113839
72622
114034
168619
156874
173900
87122
171927
44094
81689
175207
80388
80124
86348
124149
157036
139647
453688
74862
62879
103666
18168
9126
27189
