21648206544957
21648218469665
21648246544623
21648254562082
21648274544081
21648282547081
21648290469456
21648314557790
21648322561873
21648346544123
21648354549414
21648378546289
21648386558373
21648422470206
21648434545331
21648458478414
21648478551122
21648502466831
21648522562455
21648546494497
21648566541289
21648590481955
21648610547622
21648618560622
21648638546622
21648646492080
21648674550580
21648690471705
21648714566038
21648730473163
21648746558413
21648770480705
21648802470538
21648838485204
21648866541246
21648874562329
21648890467537
21648914549537
21648938476329
21648962540037
21648986471745
21649022498912
21649058466787
21649062561620
21649086484787
21649106550162
21649122469620
21649130549411
21649154548370
21649158469203
21649178478953
21649206550286
21649238472036
21649270480744
21649302479161
21649322542536
21649346476244
21649374549994
21649414495119
21649438469577
21649458550244
21649482467327
21649506556035
21649530468493
21649558539535
21649566543743
21649586478535
21649614553451
21649646473618
21649670471701
21649686549784
21649718474534
21649734547284
21649754466909
21649782550284
21649790559326
21649814478451
21649842553159
21649866477742
21649886541325
21649894548242
21649914544325
21649922548783
21649942481033
21649962548117
21649986480450
21650006543241
21650010470241
21650018472533
21650042548491
21650050560491
21650070544325
21650078547283
21650082474200
21650106549616
21650114555741
21650146471699
21650158550074
21650182473532
21650198471366
21650238488866
21650262469032
21650294468157
21650322546532
21650338467032
21650362468032
21650382558490
21650414483032
21650438469948
21650442549406
21650462546948
21650470550240
21650486466698
21650510548031
21650526557865
21650542477448
21650562543364
21650586467906
21650610549073
21650634467947
21650654548989
21650678485114
21650698549822
21650722479780
21650742545864
21650750559614
21650770540030
21650778495405
21650798546447
21650806559572
21650822476780
21650850469447
21650870562030
21650894480946
21650922549696
21650942540821
21650950497696
21650970547988
21650978563071
21651010471821
