18794334483010
18794362588635
18794386497426
18794406574260
18794414578010
18794434496926
18794450482551
18794470572301
18794494498884
18794522580343
18794554589551
18794562571342
18794594482509
18794606578967
18794630499301
18794662481884
18794690513592
18794714501634
18794746481508
18794766588092
18794786480925
18794806583508
18794830497466
18794850499258
18794862593591
18794886483133
18794914590008
18794938501924
18794966584466
18794974588633
18794998578757
18795006573674
18795010487257
18795034575757
18795042577924
18795066575007
18795074572091
18795106480965
18795118591757
18795142496632
18795162577549
18795186482923
18795202490215
18795214573548
18795238504090
18795258588215
18795282500131
18795302576923
18795310573006
18795342473131
18795370569048
18795378585298
18795398564673
18795406556798
18795422477506
18795446563131
18795458481339
18795478567006
18795486571006
18795506565172
18795514566881
18795534566422
18795542556339
18795558473589
18795582561547
18795606490422
18795634557963
18795658518922
18795678594297
18795686585838
18795706598088
18795714201171
