338573
405930
547721
141079
279486
539038
555898
528203
273226
248406
136627
264116
130783
80452
264115
239410
177836
279620
261502
137611
261022
236960
76488
171512
56196
77693
237796
746395
282013
853921
96608
233963
333265
168851
343213
450215
89911
44958
447372
129902
260020
176461
36046
121807
360798
318283
13446
278118
354643
204401
36467
470183
295792
151413
20142
230206
172180
348466
318071
477612
485588
180143
217763
421245
446789
166217
387005
269217
160605
293514
289667
279542
643297
564119
169627
434633
61109
141618
138085
143293
142343
138784
103446
38767
140437
92205
35209
15288
10963
12291
7043
11243
11353
32187
103356
39260
14562
102718
103417
102722
105452
75817
105382
26626
4950
47905
103905
82209
105793
52262
106475
101764
28525
103051
106664
53759
106648
106555
78049
104780
198065
288767
484397
411081
702825
496798
201796
318638
191680
103953
615173
310389
772176
672301
972378
376727
209478
113494
71464
277870
105013
462249
336229
165906
575763
410467
1188046
497226
192464
304245
280966
436061
167979
635471
214626
818700
1065497
512023
106517
197431
339583
477652
160799
757398
929021
281317
547909
277577
551855
364123
470537
368121
291553
281767
285545
102014
256212
369054
546140
179327
213371
294105
295124
375279
305751
107704
187680
187704
396442
181541
287818
342542
533930
128479
238184
460884
251431
195828
192732
206291
182932
294368
456048
533783
161350
394073
295069
367993
294581
391428
397011
395314
496259
178663
566408
234285
478296
481136
387399
192981
386269
103713
115134
173193
341159
686539
392167
385476
193422
374798
308653
370192
104664
378848
253077
335894
436557
470356
226429
230693
363699
385538
103436
195311
375304
311944
703478
183501
345899
190162
370694
292519
378539
396907
194107
384217
551919
330885
129686
237169
483956
369100
337651
200622
378373
296887
536286
181916
178228
620910
187659
381100
294805
380578
305617
394668
389407
558835
469626
463675
127448
475803
344370
367999
388677
99685
98408
434047
179059
680034
230801
93444
96456
187625
389602
385827
209444
191508
297064
369659
198621
701679
377930
480530
370289
346097
385413
297848
379436
177108
686111
330001
224197
386411
190002
188438
292779
376453
389087
216342
548684
56890
327329
34282
437515
389543
53211
148110
275335
176683
180238
168985
185212
279177
196815
381828
484668
81542
93833
314788
84426
4533
379446
261259
101552
146511
383959
25828
191909
188837
295335
298993
382674
627025
242142
479447
370868
441911
301668
304180
401101
675700
357716
292308
295113
367446
195064
380744
308007
390746
297537
106128
559851
848945
382509
473224
365771
456901
288623
291665
184014
338157
536025
343308
178800
245057
292683
382079
199631
80843
96695
308925
365506
199848
391002
405568
594069
248475
465274
239565
456665
106376
369182
192076
383459
320101
339368
535455
335445
101258
191291
365136
197373
390273
193898
188407
394450
300215
479844
547846
130129
225526
465710
462209
188714
376911
370024
276155
687217
570725
387045
193248
191483
388642
397954
102550
387508
183666
520792
165627
291306
229374
477272
454315
130113
188570
180137
379318
379948
356076
710984
365889
383440
101407
96157
187131
292047
381874
198427
391426
203237
532551
549505
245299
237571
487412
427945
297049
381795
466304
341797
703574
126960
87981
97121
293699
366618
197397
391670
186489
103523
96649
380523
474088
538820
251296
240292
239887
483224
202128
188071
294656
366739
468546
688344
166933
386502
190566
372271
385910
401545
189852
385492
185614
239745
491932
507597
460181
488386
398254
188342
194347
299340
414993
686753
334437
200210
200501
187531
199115
96853
295126
379495
200426
103935
87240
96775
278273
95814
386745
591238
128516
475434
227178
227439
456196
372500
392889
196911
664267
668633
202286
376213
386531
197606
181977
309701
184028
296835
389946
289109
315309
406755
455780
244223
485993
105875
384662
393591
439862
181540
340204
339719
500252
197878
190217
293701
100949
387570
295742
296232
94686
288851
103156
255092
618991
523318
590767
492186
239512
445184
295658
370649
197936
577947
547913
517699
385847
201818
183929
377603
118212
377518
198706
379737
106633
298523
485316
369859
232065
364956
367664
206083
293118
296871
185906
316777
538415
673660
306136
366500
199740
183078
189643
392935
298506
291695
394153
311403
318091
378291
230730
366449
494471
193892
383053
182322
388800
499987
546452
507446
383725
187362
386073
403416
204370
194157
294608
417893
339736
227867
234191
166857
194664
415683
191009
96506
185890
185019
185277
637516
197515
180334
330258
324239
193427
121493
156061
62438
123485
209625
173360
377453
195331
263666
34902
119831
44410
100820
10228
536939
561807
250598
258215
224744
371167
380131
194237
52644
379960
539208
69452
289457
354569
215086
179689
306601
201353
191277
294792
298555
200461
193984
193211
392113
565527
306978
261264
253467
98746
463408
105097
264519
308458
366403
200011
194119
256395
531230
635765
373482
52867
185012
182507
294071
400331
367221
168426
191451
186748
103161
306799
582826
102481
10111
460883
232543
465459
199331
195000
184799
293097
471300
357930
348132
334945
297624
382907
364743
291912
396900
297603
372038
520411
336395
241011
237435
487076
250265
243089
300106
394309
394164
617549
538101
466475
382234
366199
290365
404682
396388
198905
181106
449091
168874
288155
458381
243098
481383
326788
293288
389757
433371
717406
359377
388410
368396
292913
295759
399052
370730
201114
456284
169703
305957
451396
721443
368275
460357
251035
430800
377351
193099
99430
317089
795786
694281
212219
429664
327216
213742
188607
295653
370364
247260
787117
372754
476612
476334
214692
374105
292879
366638
376370
786205
536953
324219
324824
324167
338036
368930
102369
285210
199680
523963
587989
464755
480495
232799
429274
184602
187792
298984
298607
740888
392666
572668
328607
325464
406326
221599
388646
386177
400098
369008
694450
484931
483311
246650
390806
185389
186121
298393
422859
774158
380418
441058
413335
326707
327727
310185
295895
293804
395863
401253
381827
259897
369623
366704
469412
201890
382826
296313
475251
766300
545865
329467
426521
219909
207963
335760
297216
366465
386908
282101
739381
373494
476396
361429
418780
388761
204084
192190
435644
601639
677590
408465
328599
329271
327211
401041
370972
104718
197467
257916
394609
521852
457420
244154
235012
235940
402077
287065
196193
94619
530863
406291
389941
349629
326984
329355
326832
408295
408667
199195
377887
431401
401262
617400
229585
238616
239137
247796
120869
392283
201568
192751
192224
300276
596884
760960
249348
210908
209330
433764
435072
213632
391535
300022
302424
730551
334193
236386
366418
457042
250285
384302
104106
177081
102174
169399
384163
802508
455011
213980
209749
428191
414050
388620
388451
200791
636557
707210
575179
459225
507360
443945
434082
215743
219881
454826
135485
98988
105973
102955
30025
105467
103099
104323
103395
106557
105371
103483
103549
101019
105180
28582
108570
102649
102583
105205
105798
256101
1140788
314889
311081
339586
506502
656655
430396
660625
381620
783633
156382
202496
389407
209633
315729
323646
485915
429757
410977
913691
816397
203296
400584
382832
493465
671491
216347
1007844
408883
529020
516618
110315
396473
584493
168901
719227
440155
905814
694585
246613
469868
370836
291678
288108
291838
485459
360899
342644
321487
299147
296687
371894
198955
202139
190299
297877
298635
81819
195707
232740
525116
490873
245767
473171
232393
211338
371144
196919
391900
473681
538399
547395
370856
294977
297553
179863
306445
300323
373071
104488
583376
325212
472231
484435
461059
193128
378966
394106
394836
684203
337863
210493
188279
387317
198456
187436
308477
368776
195518
98494
291028
103222
293854
635470
455024
368111
366742
326187
397846
204403
192697
416958
681760
339867
375941
183291
188080
400296
378657
298855
302224
427067
499863
462254
242282
483409
335040
296402
391125
297745
651031
359806
509122
384958
388420
390271
393523
186218
386766
104442
260742
346533
555920
486524
230755
239949
325296
365041
104302
382323
425707
679624
330212
192329
188433
293636
294657
367737
209193
386018
395576
206614
328226
495862
370926
463586
248479
441318
371873
379311
203626
309384
548561
579987
197896
191753
190947
295379
294648
376511
104539
378758
392856
664882
153400
224990
110080
244903
231693
483240
383884
297661
294841
329191
726104
361041
244808
292260
364689
380865
196031
384696
390340
391829
505584
568441
463986
368471
452956
205312
374248
368315
310399
706722
529535
198323
375347
383956
209409
381591
302982
375549
105289
664784
439342
709935
366829
470254
342669
291332
364096
193598
612741
539222
496520
369198
103743
374604
391019
391419
87955
381410
104900
243488
613715
231063
235212
367524
480723
391316
395308
397539
488168
532277
437386
294101
292619
364043
194249
396693
297871
299839
412366
635413
257551
111774
122544
372712
465151
221681
189976
188016
390437
491338
677815
182373
453123
191025
294076
365205
394730
385464
186326
192446
556822
433041
478265
454940
242822
193551
289971
362370
198937
635034
327068
346952
306956
293043
293511
364682
207210
390353
301323
301879
513429
332658
481016
367979
481503
419270
383641
379918
241501
348161
537028
491454
102925
375149
296964
371281
204849
388789
394284
203701
141988
157652
478820
471206
248663
482855
224199
382232
295552
368079
283370
705940
463456
292796
365070
194730
382213
379376
103445
382170
187463
530818
467166
367592
459081
242504
244357
212952
187457
301642
390458
585094
179450
349028
308823
298520
367975
199866
380446
394183
199424
186829
386217
224634
315949
295012
266466
237954
487605
468506
296107
391379
201807
473009
533438
610953
196494
386322
294703
385057
377816
385492
105903
189440
376386
492284
473135
246085
471912
228738
394425
103510
182905
384453
419686
532300
340203
354204
385083
187559
384299
183730
192903
293423
388801
187629
558659
569693
772199
252997
589318
129639
225326
187052
295496
301831
406103
182157
658955
350755
394338
182919
381740
387507
205707
189088
295403
294316
459937
500005
471935
126660
468463
197774
97167
378617
203688
191065
496242
545440
505965
103793
179261
366948
195630
393812
296212
290365
105438
182981
479767
491280
231302
244180
231154
365227
458456
296589
369161
199185
518552
535691
577695
290208
389648
379803
391066
199044
374692
302747
563805
551868
464763
224180
451056
288405
384189
194046
217365
534663
662420
204649
383146
387584
190962
386669
385771
297265
177511
222227
316153
582075
370560
364418
250508
424529
180218
185336
301100
458304
329172
339908
494261
386144
297996
370373
196408
394086
107302
188435
298779
433999
336656
541815
370136
471347
225724
201955
294543
94079
383648
102722
211017
706146
599446
294932
379446
293719
294447
390594
184393
182558
384893
455440
569149
466127
239443
479784
199382
181782
383741
423596
681434
611234
367485
103470
191847
184700
293482
375698
194167
382771
297546
602414
539749
250375
465956
375748
381073
182807
387498
203099
321856
711430
492101
193037
370350
386284
380773
299466
380386
187527
401786
322213
510354
482541
239784
106711
338603
296971
369664
196464
551295
538035
541298
291823
103472
187915
292851
294945
197413
293475
294742
313952
500038
388799
815099
368908
368141
465855
226395
379583
105415
283236
98983
374797
796091
403169
443223
205788
208561
329420
436823
374723
187778
385680
571307
694520
251181
238118
477759
243979
388400
102678
181779
294173
493899
617532
687715
422659
218347
411296
416748
195748
185044
386937
297502
663295
603867
242248
465706
479825
369970
293022
383069
705144
402975
605989
329441
421807
326203
332623
378577
181191
185336
407146
381757
389394
408391
463017
487614
224794
289992
203634
383490
557688
762834
481910
422041
330460
115171
210328
340399
296221
185336
294838
295249
264223
766865
249375
229910
370502
235913
456243
105659
190977
369618
199349
620222
403019
365947
412246
207104
323919
221719
207891
113356
206051
388691
100830
188351
380256
406830
753802
239437
236183
364686
456438
208986
193404
105134
187130
385934
106536
708960
746077
440528
114184
206099
406801
220295
404726
294288
293579
405377
599446
555327
242695
475804
368403
383592
193883
178736
290891
715797
783416
432900
211268
209594
330121
416479
200254
385630
200825
413279
207160
388380
320211
370388
461009
491463
390321
295682
501647
598751
616987
327628
113967
206924
417006
219955
398315
299523
295556
186775
510788
556654
235254
369576
369497
461670
184701
189391
293767
367857
343557
792468
363179
213621
102005
107373
329787
412176
216945
406884
389472
194903
414418
600147
577751
481050
238885
578305
328191
279885
93120
379330
408998
388570
467608
357464
247294
227470
378019
371893
186032
437987
421212
570469
441025
409271
393135
300734
310945
215120
418778
431098
272684
450163
210535
98405
189052
107681
393502
222653
220076
612469
579446
282661
471138
206457
182912
374998
216644
219845
254952
440580
432046
485683
106094
195098
373332
206785
444613
166928
305772
544394
294800
283062
212534
307967
12599
290488
404768
352421
550953
291214
518584
307700
389736
393343
506179
395701
744679
594924
958680
135601
262282
226423
197107
306840
387518
164711
497358
569040
128331
394752
757744
312816
408636
522116
527542
523582
251156
524803
267855
625189
267486
455183
203010
323034
271294
654083
559329
527683
692654
10351
398297
394927
80601
257855
69419
608474
399636
135356
43812
427022
583177
188580
420131
103248
294658
430116
488536
225942
202000
110737
262308
191091
662235
245712
427038
288754
65808
138494
198771
129017
456424
293369
250644
537036
209489
566473
612962
145128
5778
73314
363765
404633
60365
277942
460144
661228
292101
13609
273768
368069
348111
39434
116742
304080
374867
231660
607492
166854
247913
146280
194300
41270
2447
194587
68112
119130
51392
105495
227349
291199
199972
321207
580670
426083
3126
279821
203927
526019
257720
516119
346979
225245
285321
492966
832743
163708
403494
304900
62513
580266
35953
298940
159912
122715
187723
281568
298952
184457
316515
172548
119386
201848
253648
34690
723622
410885
320935
426576
256584
470206
121362
123874
48807
272542
93467
203047
294613
612605
284620
153177
163728
21318
644382
385420
41234
42970
430219
167158
333256
840810
303784
17498
250219
1054
391282
31620
176735
459215
240537
360941
594398
88574
465093
147087
272926
400619
333272
576506
482792
514263
245437
386450
309070
661039
622939
278900
569877
506973
765987
864162
455095
808596
622120
205848
192203
374406
317340
500902
464851
293126
486981
500638
304532
529497
587063
337150
401563
446782
311224
490287
332799
628679
429192
146781
316185
323792
517327
996362
445289
628758
450940
402193
385257
611536
646572
278502
143605
550532
657516
440303
646990
408275
361530
304641
107344
191737
601524
335363
305607
279615
426567
483745
316919
582466
1059692
583437
431686
733664
310508
421668
506211
171824
318100
464391
299099
324620
318995
501503
402028
910545
259886
615399
400015
432631
208270
192869
417025
635856
580992
126418
140226
450477
679865
219789
463876
582918
513015
756848
259907
508564
309611
465824
331522
641656
466468
643626
525003
576942
687338
681125
508941
206612
420851
418967
492837
320723
497150
426368
268195
468075
499189
150770
573328
861549
323173
194577
107640
195710
460607
336879
323633
310013
461541
480081
157585
671749
551081
473190
425208
323951
292789
250974
202501
325764
476497
461090
500981
597234
258850
256243
476564
498401
263631
478070
682339
510864
394188
208614
590279
656624
601695
299099
665706
456617
699431
777063
319834
448393
214866
94225
352075
590056
662787
571072
571594
335016
617794
283328
597704
112902
110213
204837
97658
462966
138660
596473
595050
425105
615521
308954
598895
794814
660438
404113
203936
599272
498649
571530
308855
672556
498296
408595
795980
585822
441533
488316
106848
391206
188741
306859
506964
154092
566683
287017
296084
525064
788100
246093
874645
626028
518374
220236
289790
201383
257631
165527
657873
436696
524558
331570
683640
1012950
437868
611540
423414
464619
427244
219154
201127
408757
477602
635123
310617
607520
217197
403979
313575
497059
562572
341242
868760
113413
210554
208701
371772
591569
335537
652042
597338
355936
785240
501630
567209
808732
401604
391016
306259
554392
657138
605801
293962
677924
180203
280746
622007
836424
582984
211989
410798
111758
265525
286294
668529
609644
415144
581778
500267
439221
624833
401721
420066
265627
257634
497712
648925
260219
266562
443084
476310
458260
467244
633303
578146
102401
311865
412326
171739
643397
476095
591180
343172
687181
539114
519075
691364
596156
248559
432301
396566
287207
328361
639165
533049
460600
514299
596628
1047478
599128
301700
254980
371319
192714
307679
394600
317436
502520
425935
269076
467903
688228
467420
205147
790435
594492
449213
492430
432823
360748
567507
503749
488703
446854
757153
176475
318110
311585
436419
650082
845066
214658
419588
556075
297445
657177
482403
589830
508494
695673
448500
625200
426764
473200
319863
402580
401501
631397
171372
596957
482176
643703
310058
566648
594557
103808
644649
136555
196348
111623
213360
452351
289445
654687
508469
560680
436815
502030
600845
641885
211895
409243
344222
547915
330098
647268
416167
554462
305422
621145
472885
879411
309794
390961
308613
579095
328970
619392
464997
683111
490161
405086
899675
487287
443434
259753
336526
300674
190468
610728
504329
537967
257262
642855
176813
335281
983260
765210
319704
527020
345203
398918
384520
661513
307972
280892
565064
659554
178475
882302
554030
269613
729731
490886
480329
333462
378366
592926
308674
316999
616383
296989
433945
587561
623681
115770
632714
771548
444267
218749
465243
594753
308932
323561
479578
613937
708546
627373
585988
325357
198707
700592
110018
205853
392632
109608
629136
615889
307783
622715
318967
630153
136820
252912
805159
442384
306051
330979
421272
236884
261316
473108
637244
304035
566251
476895
646865
589675
408795
814284
181902
134752
502617
308925
382344
307234
646531
598495
356856
828456
312444
390947
299376
689872
420321
549524
477213
627207
537789
244706
396384
107207
197125
282988
493849
567484
327614
948333
205335
396175
454577
681011
548881
305739
578318
614468
572510
255262
403474
190013
521931
663488
101978
158941
317833
162085
494638
432775
102696
400092
597307
314606
609486
658655
500570
289528
486711
415891
109688
193983
476634
141991
321709
652294
445931
564953
321759
323098
447717
619412
162028
524214
404568
209088
200883
297316
503955
469582
541466
469313
659606
221061
1061448
505680
756752
272997
510964
385951
229758
480448
620796
298849
293666
315234
690698
454100
717172
766279
165056
306298
518612
206313
404441
106282
269349
335312
163401
319015
434322
422465
647701
778830
1055538
443148
533015
197869
414796
260943
563900
498359
582979
279769
592722
658926
263720
625136
408643
446254
203705
415569
655972
171169
312063
122643
420249
461474
354356
174929
851229
540756
358026
483998
930001
122213
398146
390458
317029
658768
161098
299899
310880
152181
682862
626430
700972
610408
621019
249248
104956
186005
402011
338172
322213
327807
424683
422289
308439
520885
615812
1016201
460892
509848
213128
416734
530973
326397
643805
445685
144938
576022
340447
142939
603522
644184
262556
472032
305585
464654
658216
300153
553447
147830
658354
537198
1043184
689965
312759
501774
507186
308807
195593
377263
503533
319871
456034
456225
691882
620978
712633
594867
618874
275192
257963
304435
380164
106821
629700
307837
290446
13532
400230
435341
336880
164825
749861
825345
654139
343676
871429
298573
402217
453719
222858
276673
605817
456580
658207
353271
261961
6261
725605
597606
595512
200623
216224
218457
214551
411573
556129
325691
454993
283433
548489
481267
171147
281114
604797
3510
440876
395126
415034
196478
193308
386544
492271
209669
608972
301094
373728
299494
295993
211063
90724
430811
16261
762009
208500
172851
549356
158667
209804
439668
273348
290612
307353
511395
271656
443743
611306
325706
318459
489208
343967
491755
326438
149177
386156
108541
294804
336741
319316
538636
203973
101357
294659
498905
617885
135161
332239
829136
451785
528011
426628
200088
130907
552704
237089
121790
179145
540364
186618
296884
280805
424408
383514
53032
563545
225148
113163
2156
203236
255461
408190
316109
325015
573534
357143
90718
308516
295352
319872
289609
464654
553393
421972
440639
307333
383289
530154
335933
315024
468447
367064
108585
379548
177945
342331
374169
63774
637838
690245
87878
574466
394634
377529
32531
170171
211794
321678
495964
449925
523802
202164
333065
330675
638115
512612
806104
482666
538463
321960
185778
107711
195099
481108
300482
333907
274428
558008
507536
525224
397884
287686
884229
368591
394136
527827
264878
196400
331763
484323
302826
6651
651961
307913
589703
826907
640259
442254
493371
669118
416945
195641
421198
238217
562057
641721
488571
461692
868078
629921
325217
263126
696528
518404
255340
203135
315536
209812
157976
498776
604330
300673
630674
177179
310185
318521
525322
917180
296887
317898
400032
218103
450379
252923
645641
500990
547117
291999
632063
308675
249858
478216
389048
401666
215255
518599
300164
324873
504929
523146
144441
273406
648909
446514
483489
132812
224706
674207
396727
405478
326037
324081
494304
463235
290707
348735
317290
121328
262510
908738
649184
536164
220272
397464
201758
277004
665711
560294
550960
493102
328208
875883
304040
383473
396953
591519
497477
209566
198208
351306
501028
318340
402604
541873
511715
437188
510972
1003167
641257
472862
228768
426099
362108
92962
17526
214478
549660
310129
655680
453725
88582
501057
639936
168848
630692
29936
228700
302221
936732
90147
244062
206704
15029
33676
180954
218657
558582
173339
324652
456611
569341
23805
281621
613540
492630
156432
589167
82823
798475
232118
404147
372790
26560
446454
463553
279338
342226
408006
529936
553246
100857
207553
256678
299355
537249
477347
164663
167484
177742
61605
196552
98424
325925
368674
161271
507368
375345
404232
459994
452890
395829
314001
599720
334104
152394
413880
205116
228704
266645
570066
329674
324662
38573
389702
91343
466212
628275
321748
447792
70679
366925
477093
518698
154899
159298
492136
501499
172436
301768
585449
668441
340145
552225
674789
695175
592891
397388
399077
206550
353223
512594
192348
567459
286046
601133
549211
915484
655068
621851
116210
131418
136822
452469
294508
106625
210374
502395
292136
423737
609666
330508
145269
822111
558897
690077
167312
425256
740955
198248
98366
328100
256350
268763
505352
296851
205620
301232
34829
424231
643586
691566
18711
581263
301766
805526
388820
207029
432693
510935
282728
654077
44857
429984
335740
118165
315383
623961
493623
313463
435871
576174
667752
207938
100892
402952
443961
626304
318304
179061
615513
334229
618717
248183
251820
770916
485709
502766
217336
408851
404451
624501
30073
630776
278097
276536
458722
493672
312751
437472
455939
258799
537329
355069
793100
139538
424376
198053
465023
653106
266592
638367
787739
333645
396453
191352
654702
611711
11656
136680
312230
561056
621960
552360
166610
111052
392430
306682
559950
7187
318767
590318
164628
357115
501999
423189
398414
207911
604386
311997
285474
394683
900461
482059
548548
266568
399776
306260
589318
610747
639902
754870
441558
210464
196923
437474
683046
249841
251491
899130
609407
251143
208448
207256
318126
517154
333736
651648
433218
538949
494120
497451
113122
627762
422758
379234
396808
206853
252316
495288
613661
424691
458022
676425
646220
555534
403505
639125
197387
399609
510874
327874
611669
465477
636215
451208
565795
642815
725603
587929
493125
194117
392722
280302
164141
649437
429259
529986
344163
327045
793985
977982
627063
234015
417957
332904
543969
306975
648865
151048
267625
262131
443454
629005
95087
178491
631929
159917
256569
259491
120268
200590
75674
306542
451942
108607
499546
558753
279801
636682
353575
354267
476841
568993
518367
722408
505353
405633
108862
197392
190463
657188
330639
593907
157941
303484
337078
520609
518776
135610
910301
618819
410611
447326
307402
502451
37919
280872
154943
163472
443522
144996
284482
282113
659224
325617
432083
261554
593367
443281
528984
110675
313709
213889
534298
297837
315007
495382
560855
416131
631071
329248
591907
167369
537326
350190
381598
204345
640806
331860
292889
274478
426797
650177
807627
526454
759344
165173
344075
808081
108153
196402
306642
389310
648027
620405
604922
180439
176209
636131
589435
301229
407525
491912
549782
138341
427717
403736
442614
647339
432404
530390
349033
716138
246845
480763
576549
437694
818086
396539
407413
314462
93245
662220
308696
304376
299319
640390
612522
708258
445630
614244
359939
404356
482211
278178
636366
486651
541559
293736
313054
155155
161608
443559
618646
485600
626997
309324
454258
306429
647071
604023
302613
633566
470009
528138
303028
742142
461310
405404
112050
445217
586439
498618
588936
283596
591871
173057
321720
317385
600049
420594
492476
447315
390823
436130
647556
469387
629620
680874
310584
139225
254097
703168
642104
304389
204546
320521
433854
289829
645458
170270
614334
428484
610456
318997
600098
489836
347331
202418
319009
392755
280628
499790
500011
557539
266869
629091
606521
671516
850255
209773
200137
202495
547049
656267
292977
295442
474734
519425
592388
438338
857369
331138
558083
379187
390636
201938
234680
496385
493430
259620
148916
277435
626399
665192
230711
1027546
287740
616479
268886
445903
104495
196410
190164
444902
627696
156072
542262
460425
655827
404202
1066270
460922
553810
544037
239366
326986
106827
348917
547095
329756
644019
161613
299497
292836
717016
629189
328725
581234
672184
599346
111825
217095
221995
256087
601197
499161
325526
149981
288339
489828
618048
312587
329347
162305
435154
308443
343097
400946
516094
498829
608617
286109
295320
504065
495196
504252
784002
464093
523684
423199
480539
579279
318656
608423
538550
310892
637795
282330
598396
382769
417705
214493
256869
626685
317148
161396
471053
568550
300101
310598
497788
573435
831066
461509
315342
432109
498639
613693
304722
624469
512000
603502
486917
698213
642076
502466
239147
392514
315835
300954
329246
316252
441847
420098
314428
665890
668120
935932
317806
595352
271769
421382
305845
497379
170200
636957
414462
138872
435829
175324
340071
813694
525514
440472
484842
930356
252454
427253
353001
442689
317480
500290
483281
292688
508583
681589
651926
440059
711089
505143
446178
225279
465907
571970
172388
315084
305359
461537
483425
438531
655841
327964
250461
478992
920016
409369
391583
494303
635126
469159
484751
163024
518432
453955
689837
451974
648803
345380
409014
225459
258451
455434
627199
171361
551154
433317
621697
328790
577614
297077
205980
420958
378620
606384
658528
311216
560142
151368
308837
317803
481548
455763
326911
770644
111430
195273
395591
224072
321584
323990
489257
609582
308504
663039
580224
275222
168353
309992
602311
267520
442380
306765
106357
230680
658450
585798
424904
635471
524659
741069
898093
166788
298206
529327
137722
402632
384156
301959
654386
447321
425824
620981
695768
993607
374917
663107
514319
550273
327748
497449
280381
656038
170683
311862
285055
454789
759800
333066
325821
273044
324278
819014
402750
412402
420899
278369
611220
170548
323697
307020
463047
731655
347530
645254
262498
941450
640788
202979
398356
140894
318948
642862
309368
297964
303782
529441
521785
123474
620017
305479
673229
309251
427193
424191
258145
268943
495975
656263
272142
273066
444272
633978
588846
162829
305351
113395
132097
407574
749134
415190
502835
107644
182752
191415
322902
651767
574008
314052
911529
355856
407809
373937
501601
592287
788850
693603
163187
299319
252068
468264
112024
187382
428265
170593
148143
604627
325305
318377
916560
398401
316706
573673
645069
260646
241683
775755
605206
429264
470123
396101
103731
214882
142243
164989
497406
571597
314846
919434
312954
407511
237537
679927
449513
714267
598688
483140
439899
320633
362295
262586
482067
496619
300195
426755
442517
319854
598582
147039
287242
517080
104599
197561
401924
288672
319412
628647
534987
466850
665398
674083
815012
140851
646448
870222
410737
107550
207950
267484
659784
463291
459187
316388
516229
607487
254521
900270
301942
321222
539565
340716
305886
193822
443232
494740
729255
149239
261260
312985
507430
637452
524262
602443
324258
494674
208795
94621
469114
270017
640689
493532
567016
437160
657532
319924
265701
626896
407055
417226
376811
433026
306722
319083
437584
535987
330524
672284
695522
907548
478413
746594
480072
195532
193775
409473
620070
310693
601878
669014
627036
250070
913587
443802
587799
500197
205327
187365
314131
486946
334568
568113
429677
626362
343821
918418
306282
285039
267270
597069
403193
320118
389225
452979
167640
642805
285910
553762
488330
611021
144242
295329
582611
267280
135125
191507
382840
379830
492136
613160
268360
582984
178137
314056
586514
459870
726843
481333
400757
668784
316634
197607
311689
629564
628129
304312
632249
511976
571849
265232
902667
646961
523707
206206
394622
347918
638485
328997
130063
140717
431322
611611
345027
824548
788106
618624
726711
430218
480451
496008
611863
455233
490916
647659
412116
615652
411103
633923
135228
207812
104915
425689
239080
133279
610798
169695
298837
153799
428747
427541
490758
318438
441977
486085
406937
262025
382225
110917
196668
406169
576111
638936
592699
320172
334398
332935
582859
139077
403652
792216
469853
113216
201175
421395
509351
645830
317265
578833
531422
327093
323225
323826
441960
797833
464980
200106
305727
390368
326606
645778
453764
142604
466220
521025
350748
140004
558386
744035
609360
245362
411779
209268
495692
288393
647412
296236
263185
553271
311859
165565
606004
315293
295646
481274
211873
205767
397805
602840
169432
636730
533350
281349
651788
467105
463534
860795
440648
389311
210451
608914
168297
317904
289124
464628
629780
170940
595384
239801
134605
548813
351038
493780
436516
474083
384238
489991
333761
744259
535609
320851
679928
698947
567848
535534
621348
263899
248296
303402
381148
137201
627518
473965
530654
145896
624162
688360
461428
586841
315047
485578
733489
400237
408293
526585
289904
324779
498208
472800
596399
646561
632831
293110
633814
458551
460326
210464
327920
437908
615510
493358
605971
525497
749873
322574
271861
493471
346250
526806
297528
410894
200816
233482
490247
602654
299173
628663
529549
604327
499524
686054
478688
380857
202923
424823
541060
313689
648041
439951
145656
266728
612426
334971
273104
311218
468927
114502
204868
407734
110060
265714
595694
167572
636627
285393
540526
172582
301404
312434
439458
306977
628758
583107
403579
107608
205741
607223
327025
602237
461035
647492
310554
539128
900255
618248
155917
261554
250740
419743
382559
155817
625897
577161
285084
276379
317963
691588
441618
1002788
472259
584298
486779
206422
187274
338303
490293
167617
163575
550090
417213
610730
331973
854640
307467
422083
305701
558231
759753
111511
416841
485687
261745
646121
481754
596683
594800
539348
615669
471321
640585
459613
430111
443296
272168
271951
170167
313328
624966
304554
660301
638372
503115
284054
468704
617971
470993
307586
305434
473725
168230
324219
596967
301986
635450
525397
569130
603214
597277
596883
410233
215785
197420
418593
150063
633985
609124
551260
299822
635995
442319
597840
212025
417110
353481
569688
653436
314543
263163
570767
572037
295974
370014
710566
409246
393028
477619
635596
607510
668137
176777
345957
536182
896187
315498
299449
553752
267909
199284
307416
107109
220242
631591
336793
274560
276541
597695
520167
818491
820914
623748
562548
251873
197577
306308
472645
328123
622837
421108
586610
522383
633058
1008137
483174
837329
340811
421150
112999
210367
262965
444428
621327
320666
300676
651772
426313
630893
595750
785085
683190
434499
205000
558382
498937
615314
605344
154904
441247
220781
171450
502459
567937
161783
772526
648840
305781
411644
325197
640132
460299
624434
523560
478126
632906
832406
477664
319137
202906
317795
427768
297407
496870
490768
267008
546801
163561
318567
169003
598747
624739
522965
139672
564014
367384
377575
574800
558694
602201
472673
501542
119840
118781
432563
103391
120269
214149
213207
348696
389083
522565
440271
457922
130429
229742
228832
455136
229280
233805
233807
371775
507548
564900
237457
459788
353329
408903
560948
414883
456503
493749
569037
233454
454718
272800
462998
439108
560764
275825
491936
365516
549261
517039
363611
529185
256988
232441
225583
587008
422872
373177
227364
317019
365539
564760
270858
228965
233291
464597
417224
494028
125700
465734
542201
414980
366009
393516
507846
244922
122661
572446
282846
266829
472186
471881
334911
227940
550380
368888
545210
121852
570937
414374
486130
244431
241699
235850
486562
516664
243537
113442
143479
519984
485438
451776
418294
501532
246363
239856
458817
450347
312832
231229
231507
445981
552795
532834
434203
369367
382716
404249
473146
577720
376312
384904
263159
252611
368118
447266
318312
545867
124618
219373
478516
284410
278734
393543
489225
522980
443441
374204
382591
264073
478663
122770
285112
547973
408463
358202
483640
563405
234991
576818
247674
475965
440489
420638
456754
373962
371904
515345
299991
490053
508330
144256
245812
467047
330452
540587
143210
232132
473432
119637
116902
221692
559488
560000
386908
364486
582285
256306
514780
487191
250663
287903
437027
371773
482004
274197
236279
237588
462078
550885
485261
365680
370268
442695
374288
535862
462176
482961
318854
258041
527994
477186
484993
600707
478924
238566
513307
363063
457088
277280
267532
503555
125297
222205
234855
453225
476091
530069
558974
221606
573118
400291
359516
534810
241784
236137
454897
492884
495655
269872
476066
372742
552082
528535
479506
235896
573739
398258
360124
360902
578636
515490
502072
272564
464234
127745
315492
538537
399968
475733
457975
557246
232401
574979
374695
530033
124619
552224
146574
254345
225810
363462
495762
582547
482996
274621
392054
488239
316069
258649
417222
499770
464031
440204
366516
455864
405664
364741
564277
277494
271603
129873
492147
468446
127107
187988
264884
500607
511514
274732
233804
395797
553428
282006
505728
481573
449653
364539
435278
516528
497276
458846
413107
523590
246759
240354
473529
322509
275265
237865
362230
413105
465482
576259
274147
524769
362865
453169
284730
276330
236751
440415
362862
533081
282488
277407
233581
355825
133493
504895
491419
389766
364232
461571
394043
242931
119165
507847
246585
116728
374903
404635
415377
461974
251051
541709
418345
374653
457365
236211
338307
266055
374442
243666
136581
503984
239720
230858
467408
417473
391588
462304
232435
547794
367606
459506
480165
242274
538076
441667
417114
458458
248160
562749
419153
366860
497013
266016
164885
282152
137970
523977
490879
484794
550758
387265
587816
483946
302704
267406
418569
391677
459342
250182
274378
303901
509445
377870
408795
365679
554504
274927
527383
225641
235362
248962
119022
444199
458774
313896
224889
270142
518005
306068
283309
418602
489701
243462
234533
222286
596949
265969
234281
388000
404632
458789
150421
557563
537853
244667
235583
357897
528848
125457
542964
562932
364421
562865
272368
270646
260890
358594
489529
458417
361221
525573
241592
459816
124836
228774
562931
475035
519914
473323
282487
521917
252001
222203
484086
245244
591362
377135
371931
527974
302045
284291
447590
142685
263981
128343
352521
575351
275826
270976
390726
361316
481454
543393
396948
439210
375448
397958
507465
359492
270164
245662
487448
362183
588143
472119
392117
393411
369184
462543
410594
490835
244598
480969
549205
241894
568556
248966
234006
398400
550719
151751
505229
362342
458309
337879
509196
362265
408096
376507
243512
595629
261099
513701
361528
373858
441487
233150
441755
366292
552452
424216
423643
418939
140654
468691
239069
581409
257091
247891
365853
410869
476154
237629
263648
264153
368799
371928
548125
243409
542414
228587
548037
368686
574448
279603
506145
483450
237708
537621
652885
233618
476771
125973
453122
269142
275819
365688
411542
491247
507337
141504
275303
255596
358722
453487
273205
452569
479882
247123
502543
576087
246463
232637
260357
400755
360433
571726
549623
500538
468341
130933
544019
380144
454062
495492
540143
597147
281295
473558
368453
96863
237890
345233
517622
365867
520692
242137
555702
258156
270664
406222
452749
469721
318099
465910
469308
483425
124449
245545
582195
416436
482238
457285
571177
271834
349329
121350
404270
478378
241569
304508
410507
533295
361298
447960
121867
553985
403142
493789
335777
481076
467022
415632
144070
478707
240371
241216
609382
388329
367660
527052
360401
439822
524449
276258
478130
223691
233323
462870
448538
311306
223692
271466
284276
368358
578618
277839
510145
225342
242274
365282
535193
260066
532043
367374
371761
372238
549227
391382
396950
463875
245510
223268
353326
408064
457006
456250
343371
498753
226979
237621
496028
606111
370063
521127
267363
231823
567967
550365
252199
239353
490714
573344
240368
114950
136162
458154
469184
248006
309940
236099
608145
502934
105378
468039
458789
399548
231121
387163
525989
491279
313572
529796
385815
368166
471674
323227
235610
426809
519110
243599
122318
565288
417381
395656
364414
363397
550453
268765
485339
535371
257388
470926
464698
519565
256664
353704
226884
221548
327083
221608
379972
518106
334466
470217
314344
130809
530651
384536
370049
373508
596935
499304
494236
141493
243317
228222
578075
517305
509313
247536
471968
460710
496810
149612
534370
247864
506044
463662
376544
260498
481571
128405
532946
465438
599451
479351
244232
535370
363840
249117
222139
591323
386317
465511
121934
586494
140817
245352
95336
488479
252814
283572
307080
390154
368855
408507
466780
243179
326440
259907
407818
380101
471584
128271
561051
126881
222530
572441
495112
225494
313408
584907
400808
372574
477743
584177
510399
237438
516157
467265
257182
315202
544174
482156
122724
239476
498109
431347
547231
276787
472977
586951
412001
276232
485396
250269
541319
430315
465223
268713
264605
242038
361232
141276
314543
533922
272473
469124
129792
210022
464856
461346
127166
556148
360908
460595
423967
401966
364814
472165
325748
538805
364185
400320
479778
241270
297425
281142
283141
134497
385709
468058
245521
559245
239399
119967
542029
562832
361939
540723
469073
397047
366985
524732
373746
551052
141965
494384
477368
404520
589789
246598
237526
467905
611043
253366
486239
352672
583391
258438
238611
514333
381756
367131
469837
421238
391135
460995
128016
526768
126745
222613
551631
275609
234767
361621
128093
284909
223767
479182
481790
246455
235749
568163
525953
238328
502382
247909
227461
387399
451768
512706
137808
470558
354772
549165
245231
273739
296443
389635
515061
549845
536997
248151
237112
466959
504300
478950
247771
532682
226993
234212
588774
518997
381147
369945
476027
565609
272204
366848
541383
364167
471743
419562
497786
370548
473169
587586
489230
269999
258830
239574
367135
568199
282503
265941
243273
371176
359289
532954
245552
290626
243069
577473
246962
413252
246125
267008
465928
467798
257682
267895
252160
474656
176340
289788
477032
242291
532888
261042
259723
480155
468857
497849
488834
235162
461186
307672
519950
369111
401281
386468
442720
514354
133521
471724
223511
219414
560244
545540
527225
243051
251024
285698
389838
462667
111746
247425
226435
462812
354979
511539
227940
515766
392239
514781
316967
268755
533925
486718
229575
572390
360617
460891
111434
258819
236874
578578
513662
393867
367142
363134
465017
499923
486479
260886
493363
564266
284276
520729
373276
456102
232935
339835
234573
427121
359274
439623
229819
450863
554875
403778
125273
231992
366367
437895
525516
246943
235796
268456
393949
366347
459435
513527
272036
480604
448068
321169
119604
490134
399416
465526
362260
582805
415350
481998
241913
486007
340763
458058
436030
476807
273594
273120
263674
370424
367377
542304
539667
474781
95352
509330
563103
240800
245979
258941
270121
120243
474462
602350
270586
505987
368234
369941
550466
243370
315969
133086
507849
524569
130637
116777
236578
473109
263212
236667
370805
584432
505579
367451
536498
250275
483907
569340
412227
477598
453862
308042
499502
587109
479935
400840
442849
415321
492323
482516
605430
513622
366815
424258
487466
296691
288807
541894
382212
370005
124985
221762
584204
528471
124615
231486
414326
546680
278835
253243
238299
493116
262857
335972
390743
467236
529966
238033
546192
413346
514668
244795
236124
244678
457328
367733
525203
122529
559051
363084
569832
285667
262233
125702
454776
129444
224526
219307
452560
525791
246457
500131
420206
398239
368118
467666
472269
373859
247452
482644
116625
303451
415075
254044
236327
400766
385532
463498
331251
264976
271940
387879
372386
463117
172552
509840
452279
489170
506620
283294
561490
411414
462000
242211
557019
411805
370905
392997
269172
488743
434757
263680
545145
369667
467432
441937
473074
567817
378375
537483
425809
538240
235832
238136
362704
442839
518834
485945
514896
123617
506893
419328
269870
251424
496401
457041
276570
273940
364832
436060
538534
243826
233306
328394
416935
408191
476679
484099
476719
361767
247248
237689
274606
492532
241024
312835
403431
412606
463069
254348
237343
312148
376865
430670
437223
330114
486704
587481
414413
376008
469985
422642
511852
531622
362101
364629
478138
465187
495746
262368
496334
367209
573947
502735
247291
236440
373182
469137
304662
318375
375321
245407
135846
321993
392216
243844
258881
508363
244770
276341
441692
533971
131933
224158
468972
133602
554566
550055
266081
250535
364437
555412
593824
267418
482247
371275
567932
250434
478269
400969
495089
567997
269765
255261
520087
246041
244817
560355
123008
224323
556853
502294
240778
568033
420024
489422
236611
484549
467661
139872
260086
227237
389895
487034
246673
569995
411162
502401
367609
488079
313291
238756
438697
367029
210840
242125
371908
321463
419949
410369
228647
371867
367485
335593
404683
483399
267004
263403
363890
550676
273150
522675
365737
481363
574304
510995
272804
232073
443333
537090
232842
254553
604208
241490
121535
497647
388826
366464
599934
136940
238431
466308
128345
579981
390338
465793
517459
318021
140727
469897
485533
303229
558807
362093
500327
256306
473599
470618
535703
378749
366966
493792
297656
222501
441105
503498
123664
507821
392409
589404
261993
473029
359192
606116
506225
387619
129804
498880
246782
573360
423466
266006
117719
230735
478312
124128
342043
461372
338227
503708
223509
572454
411381
505595
364819
360471
308461
560905
242981
227452
410886
237432
365302
460499
257460
414236
474257
417919
497085
290111
505421
336468
482577
467812
526824
248638
481959
124666
238082
339532
404467
468018
278277
486275
219908
273582
568022
259338
493746
372139
373758
556466
434214
483340
541252
557222
230866
595386
371318
509678
385971
369092
587636
139440
219214
468884
246464
612690
492773
238717
443708
358680
508228
363551
465972
342037
508224
366869
526724
249467
224202
463896
134645
279780
260860
368149
482069
251611
544509
582538
274844
221122
375661
296923
397657
458594
240236
488107
352699
624892
470648
398079
397153
473233
317808
266622
413872
378794
231808
356850
574419
230873
578249
506429
243285
306127
416113
542749
479621
449866
501551
494861
514159
395876
111912
532447
158701
264734
263762
389769
458958
237543
575376
125524
542353
361983
533568
126316
580151
542132
374969
470023
125583
553340
261120
238288
362484
517318
484396
312270
518030
403062
453562
252996
545943
240755
532781
564320
458636
442696
577999
409178
361849
516120
488039
237924
591235
134165
122213
232038
511047
260661
260327
484176
453294
483089
512017
487672
244945
268779
442521
367090
123279
121620
523503
367033
142656
526662
383855
469870
245938
552864
419750
545556
363677
442862
543272
415594
369000
228741
357586
496093
261289
487301
261102
256324
378571
230572
590858
256065
396484
466881
473120
169043
299458
537951
290665
249164
366725
572888
409975
487030
240232
465511
482797
397582
244992
496282
397155
456114
333062
540117
392597
469345
487497
331841
227376
439189
562652
216631
559552
411057
515981
242232
484032
130565
278200
294875
386407
473969
270927
493244
576597
253385
265926
514857
469793
126883
242737
297094
522050
475060
470830
536843
428354
415716
138352
461492
236420
569566
362253
541732
508819
548558
256450
233880
370929
351056
344797
408167
367179
236309
371473
472432
255500
367799
124300
259461
399011
452625
162328
302741
414834
394565
475474
474961
557050
123860
318293
262176
381143
501369
272132
578669
279929
235217
480621
350845
636892
374139
523394
498892
236013
596011
259467
508504
368287
356030
312049
378284
437897
262776
384035
366312
584166
283765
264733
234952
364028
464306
364310
505101
485596
272026
240924
366557
468126
537858
495843
242553
452554
470662
537674
370112
451281
362284
539702
481298
471239
305938
540571
475455
273332
498134
370733
582728
415615
374447
482914
583834
363040
434406
223434
464991
506285
557156
411904
373182
485985
548721
228464
549739
367909
276883
134716
413156
471838
241545
480928
481452
487612
374878
572948
414966
475197
509691
369440
567563
263368
266874
139087
259526
456329
250222
233377
453753
527997
421103
464542
125478
549930
484852
489292
241168
486615
464934
509237
367664
407971
481023
247690
575028
149820
497195
490356
545621
235118
237840
458251
501285
529556
275119
537695
477299
238321
485696
485208
385630
511695
502583
513307
158704
543427
139513
239227
463399
230836
228742
558815
239577
309985
402058
515701
580563
268654
516368
361957
460335
309164
565141
363963
397386
393105
487747
304009
258918
415089
485410
372351
574852
362080
113052
554201
561234
238088
328480
423090
411639
228308
367485
463245
340202
498640
407147
366037
119239
587430
512419
365144
475758
481283
378975
472588
518156
428103
374266
501842
485076
240328
306155
411332
411628
237364
364528
359176
240125
551776
277072
560303
365537
544021
233624
313619
525175
467149
512825
254503
466646
245558
273166
257343
368472
298567
280316
419376
390909
458698
243132
547566
502282
557424
238270
237299
462247
417642
503736
225154
230837
373018
591368
489005
495877
140393
240941
230980
458032
514331
274627
466410
250847
554728
363676
543274
543975
245831
236699
468896
408052
274544
466146
361781
549647
141620
486937
379060
496602
239604
568274
412496
507145
247312
221973
353968
550492
388567
410888
283721
392557
438828
225970
478700
406183
226948
362203
540081
465295
604553
372462
372933
349392
347208
260648
479383
453184
614617
259652
119285
464051
485213
323052
495264
362565
529950
365319
454759
535597
504384
123779
232084
446995
330812
235910
238870
339476
247560
472162
281077
495662
187260
540947
358864
470582
485476
514413
228819
529563
241229
223207
414853
572342
260289
489710
246291
217276
465034
231871
378615
456169
240963
368671
464340
124456
537419
374464
367106
480823
487936
378428
503746
395779
454677
329256
540795
142856
244680
233178
368872
543271
130854
123300
530968
224292
542969
127020
227616
310584
415200
520369
235761
114760
236005
221902
447828
522924
365525
515273
497973
452828
139257
286757
246492
363639
448062
286875
509859
435685
564920
245406
220483
562177
285752
287912
386811
471777
274143
245961
477185
189447
270124
255388
365703
451323
275467
578913
355969
462527
270343
345991
500715
123660
231942
241994
461181
491895
237360
512884
381339
534554
426939
545696
234938
235515
368004
537525
368648
472502
493342
533294
148871
382461
546273
121066
239131
366807
581991
143572
246499
452108
268378
263910
238947
360715
469463
264800
406566
368973
232104
356783
462589
480171
187418
256470
254679
235919
571749
143456
267687
510386
363491
125012
228358
586447
272459
236850
233410
400912
395083
493621
450435
254317
511759
239783
239850
346746
558427
238259
549480
440548
514821
452906
413476
501705
238068
231019
452563
514687
362974
501537
249462
509481
179544
245968
411915
473973
124379
474004
124781
313511
462412
308939
569730
360745
539706
241000
324776
408774
454684
270312
511563
364987
598079
372063
388764
532035
395503
363699
236206
349634
637589
235046
485173
228140
594961
381302
496188
138566
260307
366041
569651
411584
483434
240352
480767
438698
490081
593131
237367
557968
540715
407385
365033
367871
579280
408207
364937
233984
415423
367723
230948
465813
143494
265439
488231
122472
235724
451576
328703
476048
466748
247040
367899
455503
258413
420475
382677
474438
94733
236694
365659
510711
229201
526605
142388
218052
382259
721351
140096
244700
225831
123023
243455
349800
578020
409423
484877
318684
498177
327595
534293
499605
121249
247707
222269
463101
486806
118129
228150
530347
369237
418550
153160
244300
417287
230654
124608
235215
370733
532222
246659
264807
490982
470533
529725
429122
542798
233042
233704
353637
524500
494489
282380
477415
404369
512889
469352
240432
564778
518510
244714
233750
352412
109592
612022
132159
219992
504129
249415
225411
366864
454946
132492
410918
466106
123460
342831
114991
443254
456234
187623
401745
479988
124670
307777
104214
115251
457891
488726
124708
467741
558152
277872
484681
221503
534071
363295
123896
586783
274484
500538
363416
457996
334154
227499
417998
428292
234500
363605
466967
526839
140695
226966
232036
126248
230424
215311
503709
386985
108995
494002
509777
234414
290436
432687
413807
375142
479875
335342
122641
237391
522800
228772
317738
231275
569051
422285
514930
359274
125636
225056
568529
486769
366535
125948
517276
491066
312157
535508
387713
474107
350797
559091
246876
124774
394630
581083
507622
566743
265265
479728
371048
222910
326484
227086
388961
405910
521404
277872
510565
363798
480571
316114
268822
249497
471886
126505
103700
217133
605649
371633
382239
259856
494494
577948
256984
534910
361661
360344
393172
418090
233503
466616
385519
512631
257513
99305
444053
402003
242940
120377
476858
558792
144135
241668
108664
492741
399064
365818
113340
587905
142239
264736
126171
126164
358478
457126
308141
488295
132232
585149
365897
543761
275419
544558
365390
475238
453000
517149
236797
236115
418026
461987
271672
566188
278223
268661
236215
371667
364439
304403
367855
154997
267510
540098
123334
237693
579237
139198
270269
394712
228419
121591
240677
237200
114297
337737
399598
481514
134071
509297
226275
243947
436793
544696
251741
235255
362853
363156
545303
439367
221952
318390
240594
379953
590805
535823
232016
462796
382364
536886
278886
267006
229611
469055
342340
237537
239840
534291
313360
480378
569093
600287
383148
112936
395431
575717
348187
337577
107758
351872
442699
395500
445761
378833
100312
261748
287338
550998
360406
550443
557497
246041
336897
396239
362363
556743
273839
128521
233272
571867
441012
367993
459526
502549
363004
441392
273110
239110
251942
559809
327754
234180
614833
381020
365957
595030
481161
342649
529249
491860
434984
120714
542283
125122
240648
312805
522296
562493
128219
213980
569412
479352
409114
361394
441465
411865
466195
332327
341909
546137
124452
294978
517096
281563
236542
439989
352551
576367
346992
513449
482731
472591
141032
243540
477753
550403
493483
555305
336781
238155
305368
493837
336551
238081
614702
384399
124300
241696
321342
263433
379293
464431
482073
284149
516326
301319
378393
508446
281956
539980
365733
456341
462606
127240
234872
604035
260595
358105
463206
513405
578372
552482
120811
233761
234189
595876
462398
456523
407139
364674
553102
462982
372361
608019
253236
240716
286932
294243
274757
120271
565709
448703
565639
273424
265120
394173
492747
288089
296141
266409
242940
117889
460281
526409
244943
278483
317680
498679
564223
138123
222883
454229
220723
441578
365331
529562
456687
454407
315475
541312
158493
224426
590143
138985
127252
478463
324510
513824
369046
358883
554497
553949
230876
288312
408281
575183
535828
250450
321787
524295
367620
563679
132999
237706
566334
364236
439885
390355
569288
222202
229009
439261
360011
531254
160041
296399
569890
580460
265313
502407
393257
445655
503011
336256
225497
459245
457772
162197
294642
500074
126920
240709
579579
375801
541362
123111
317329
251662
469916
510468
237904
564623
412604
498739
187074
224860
568336
361192
316502
246444
307897
243273
119264
457015
507703
249400
334741
236747
564670
247906
341998
137773
256323
231605
400193
175174
265392
245481
569219
360027
444093
234505
432741
233530
331105
120421
240739
542090
535452
248981
266017
599036
364472
450483
411350
451980
266118
516941
438864
382952
585984
242405
569195
177816
255186
574916
510611
503891
553002
250125
243864
326595
391608
512402
277786
571223
357708
265252
523760
330421
106337
457487
439720
358965
237024
340155
410051
365926
433138
517871
246194
280648
395834
576007
540508
265120
482828
542213
250073
554143
550639
364675
492980
514431
560980
516926
236951
559434
462571
357798
532559
243400
303478
368826
461732
501975
247957
326449
234460
560068
251706
351615
399121
460806
334590
264852
251447
400285
435038
439208
463861
183237
456566
560677
269292
311172
263547
371026
461643
351988
531503
263880
283689
114239
118365
526420
259667
229710
343386
116347
555917
529759
506616
454246
466605
417265
462441
288176
169242
513014
566911
218706
546612
365355
465257
387619
238776
550443
220810
143535
311823
228424
539561
123239
571070
610607
482054
561513
269778
490523
558432
235092
336819
365603
459794
394596
232301
444608
141988
263344
239224
570704
573283
132175
229332
471196
142481
244392
120578
243443
288538
553274
497381
186557
210804
460091
229909
547277
240059
299621
379529
447943
509743
246393
126393
319938
661140
125738
217635
599986
246218
477264
462724
388368
562107
224699
300357
371556
528281
119148
227467
578215
456080
515534
582777
500106
170458
472892
301638
489797
280000
241947
527033
492132
320100
561325
215604
558524
577752
278155
116403
361381
420916
431259
470122
172491
639350
458950
156212
293422
492586
124030
250505
505056
323217
480780
582246
325542
572988
522590
226478
235879
462559
396060
554079
251512
296944
254304
368752
468339
470650
116444
257205
172354
399453
131766
240495
582455
537686
246348
347481
511554
232923
576072
511494
258664
309996
553365
364566
435724
554284
240976
234680
465109
492400
248856
319555
354223
568990
601693
258459
466419
311748
261223
497093
539983
444128
363904
542515
536608
365921
467359
510689
248751
314671
120148
227510
585439
266733
165233
456973
457111
350373
646332
128489
533782
541322
245047
246322
308714
236486
600523
260691
458820
603384
235093
540224
225764
242810
547839
270154
421896
263049
238160
433622
526836
420077
542021
245867
429847
560100
400630
363527
454337
405514
439087
331930
545269
363882
457863
277484
233968
359688
592707
259056
327272
337745
114257
121000
442932
540579
276939
248147
235131
430029
414384
448881
332937
237384
284261
515100
554141
241782
562070
587083
266947
327982
331938
235654
459137
451631
339598
261928
236344
362958
463916
484750
258088
402154
555500
365739
539139
286784
250821
557471
351773
579929
319003
508835
365659
197397
274392
254835
475658
133454
224981
540209
442213
500507
431155
289538
506624
334336
520688
432503
370583
401129
293542
492970
124649
323041
107997
119122
460979
454578
327743
267394
246319
472891
325183
237765
452135
122863
250206
522675
579754
464137
405264
472130
325795
503145
123456
226548
547848
464507
124724
240016
584038
258441
117357
495724
301121
496833
442412
351901
583287
255402
450253
494158
230822
327399
404861
475451
287732
570728
360750
303445
251231
458429
361608
458823
265792
366230
557826
550364
483945
329880
266621
228812
239344
120235
467167
468385
124055
426912
371948
545399
263812
270280
406306
525647
290097
256709
443212
439713
216516
265553
489333
430191
548097
364088
472541
455577
556228
218923
223323
470430
540266
559590
519350
312211
261032
482250
466148
500629
544452
246985
535535
236777
307887
408145
361114
434165
232801
451110
505407
481270
189983
278539
554460
522709
496312
558612
231210
556738
347898
581761
438137
405584
477370
305305
525127
353439
446588
580814
526175
294617
500663
388555
572944
235679
233251
319446
237789
113559
470760
526314
273673
273576
371317
473940
469930
261604
528556
320657
112187
411731
535458
245208
546476
410838
357542
532578
244822
311550
236748
258893
174640
354362
557845
240945
303133
240541
454898
353744
586979
250639
234185
254929
327057
134985
377847
486760
273275
237169
225291
444558
397572
495280
331061
240935
303667
248005
112964
460265
513609
487493
446826
486887
563241
271909
293427
231896
288929
164730
493453
241050
243035
429227
543810
532041
529168
487868
326886
265860
489775
440538
144626
134994
474263
307320
234058
577858
461541
339408
243207
374352
99333
274910
576258
230882
539178
347615
580235
610002
260348
476919
323376
139362
479859
545567
579122
464590
436684
443154
363351
457505
259597
371222
564719
534106
508761
451170
378349
547709
531171
214617
436434
127467
537492
241199
532525
540568
246137
233329
319641
273645
131512
359453
442352
98194
246777
312394
362908
527530
244471
262740
257771
360847
551905
556485
348659
558020
569721
215672
342204
398816
348553
284648
556338
111299
213605
557025
128438
326232
230646
226180
460898
482057
240889
553035
465819
346475
333452
210781
463625
97184
321877
411665
102114
245228
235986
602526
234183
222503
444447
95841
234688
330321
364484
107318
329683
260685
473944
563243
271195
223444
561181
545549
242732
219933
613014
481674
268811
557722
347813
443503
392170
539508
552772
458154
342634
264317
317415
403814
353278
568751
328869
457125
345970
132523
379403
499593
299851
481405
236683
327301
251010
146187
546890
525161
574724
125745
234054
577772
492574
447299
365525
555807
557408
127600
239177
280643
134302
449771
320883
360484
166958
494111
331316
539846
466680
482129
386788
122648
236764
588820
261485
229919
444895
544987
470453
320617
501913
364838
531809
133487
561117
223225
556272
528742
256924
571859
369237
547941
272712
134840
441072
328929
542319
460762
332268
262206
241944
362976
594326
267064
226655
561192
246015
306301
558595
269712
239057
367000
457356
495097
236580
149371
290096
395246
282984
238498
439697
567801
457662
465453
397448
347996
564717
345469
115983
373579
564163
244373
232301
285100
297040
377949
122429
559921
235093
545172
394462
281421
238782
439267
541328
142056
268563
456624
445615
451939
234829
376425
182850
242255
236209
187034
501478
323899
540840
522540
534414
330238
563921
277512
463673
239260
590997
375893
451175
371094
563510
446978
500681
239833
553075
380951
545534
324359
117969
219057
427759
252982
331274
398835
362944
101154
328682
263175
384961
103244
327488
209217
441783
458705
326500
266137
246571
362348
590780
481124
129251
312723
218559
448883
543769
525839
243743
230570
463201
484379
121566
313395
474369
431330
556015
252469
328606
477241
593511
255773
557361
503647
425408
129133
599877
247375
354331
158360
298530
137466
498949
316318
529132
401931
531570
351775
450488
553222
229189
238824
462383
565555
274983
346441
562590
517434
245868
236678
552501
481112
303341
213056
591416
442252
98309
243745
321873
381660
176037
272683
248070
477394
467604
476851
284465
510344
313360
231745
414113
433404
245940
245778
271797
280034
120137
557638
242932
537290
469727
432389
286880
256259
358172
97994
325812
266206
500625
440703
546101
123898
486328
184703
250186
115618
472310
583941
276764
238193
545407
587382
557175
407844
480815
454542
507325
440090
348545
460719
484213
423297
569367
511709
297416
516324
502988
227238
224117
449250
274121
125210
118037
483072
580318
492315
207319
235365
558810
489585
511160
585945
224716
307806
348808
566379
595389
489547
420707
426671
240448
486882
128700
223941
572713
544456
466555
253537
317489
354225
564238
276527
312764
387842
458974
337994
513515
228541
189636
253717
225328
440432
555363
279183
356383
124489
230585
517949
298987
269607
236331
323692
114225
464615
494587
589675
463704
302785
269120
501889
330384
215175
566262
498023
450143
139434
472125
130398
332060
385366
570699
120445
210951
575532
452286
501381
483399
338877
267185
381325
528024
237433
580705
231294
296337
529335
236005
560619
144458
252352
476877
211258
209124
221835
443694
449616
495288
124787
106566
395431
444450
474823
318061
492337
413572
419957
450281
345713
476410
436380
470095
517687
297904
495990
390673
457083
261379
350286
408120
265684
241705
439368
554425
241249
270526
500498
332163
230791
462972
483303
244355
438840
262460
488723
138708
284310
547088
461937
331661
273556
492066
243190
519717
130898
293060
552657
121268
556158
546614
428093
373415
406214
439044
476156
322294
222712
305085
119025
409660
535171
119789
487232
459216
478695
325429
223071
223223
596337
162861
173272
263846
375352
525888
283532
485460
443525
353713
559237
542208
232956
139677
519177
449889
414491
129689
237600
522541
254549
547702
474566
388751
242662
120945
569125
140833
465427
513180
121111
553732
432634
446360
345949
226628
585183
274609
236425
561017
577650
236833
545120
492328
533223
558389
119821
549125
519776
273077
236199
457384
584889
485658
123654
225899
324522
408164
102117
555542
520900
271120
504365
542073
472524
144112
173894
240761
459186
241975
319008
348984
567471
275646
583982
479315
601549
259676
551006
343971
576050
243739
582218
377466
538920
276431
259952
237687
551641
589361
578404
259883
478140
125142
297985
262257
509756
329080
217032
122727
339770
451336
144379
156383
358296
461476
497341
302737
501622
449149
369760
557103
327227
515118
237974
244208
323819
411309
370347
544937
343333
336917
541035
119781
226861
335945
362763
570630
381526
448917
350720
442938
493165
280867
113630
120093
261394
412414
246046
118777
525200
298728
267081
236883
444649
461769
486107
320815
128331
229791
549347
541603
239416
558676
279358
280687
361286
564176
259362
235840
114614
537598
239847
566998
160448
267771
222032
571361
466158
402792
459525
332664
138525
497269
261876
521735
537729
238558
587031
493848
560256
517642
551989
518336
500869
202267
262810
240956
366739
561988
271363
240625
282581
155484
224637
551201
511839
260456
564862
498233
579319
475802
304968
238002
562167
128629
316577
128991
383494
363495
462316
495541
243708
191715
124027
238460
443659
242498
120313
428224
525956
120471
504480
557781
248485
539128
569169
245724
235627
434148
364240
458101
314666
222613
582411
292493
264107
577482
529070
367929
625114
384313
123402
240413
468334
384626
407070
163321
245930
288098
512349
558455
500072
245333
149078
408544
459974
352512
555338
329252
219108
469601
407153
341618
569806
404253
229097
573495
219493
308040
363944
454495
498130
242465
111663
123474
327423
401021
231861
561489
240398
316237
351486
514234
479297
244362
584422
237364
568464
235836
115674
528143
243598
109163
434155
128952
330177
359534
559714
273546
114482
342973
581005
141314
313078
380069
582501
240576
225495
492071
256971
197776
539049
273262
103018
412298
456106
328448
234355
237454
555805
548906
482220
400507
474843
149102
312352
480146
242982
473340
444678
579804
361812
517308
301087
527238
320607
230122
337621
413035
476575
286269
544895
456915
236443
513175
284523
233050
577590
138690
246087
368259
445119
560636
238917
576786
127873
541895
274214
338737
504580
377393
587517
246997
226619
592826
323726
233090
568662
498064
125434
370630
323484
488305
215119
333624
361082
430525
576385
142585
382942
533224
271806
491979
125213
324650
358401
146260
172405
465132
297370
232507
451494
358442
306316
394749
128287
353262
570378
297662
493376
507823
385553
481970
574943
239092
103164
464190
370201
549414
252063
528376
442980
551396
449004
443291
477662
517593
485595
315139
503119
465026
364950
451313
579636
246394
106409
422503
580006
536431
512614
334153
484845
381784
581927
466078
329691
525191
385026
428108
420013
462883
296743
473904
554532
566109
241877
525038
629428
251788
238118
430484
537160
491370
309753
552022
499330
310371
263576
366664
441649
509720
238640
274364
302428
557581
588153
524729
248086
453497
141510
263849
471737
208277
537510
135554
241821
529861
234322
554211
382145
458562
461797
122238
565678
275106
495303
634829
246817
223338
264850
454684
372288
554300
122519
540992
458462
433919
549857
248627
106035
548093
342388
225237
473198
501903
124577
508439
434880
461881
527806
260514
345469
356333
363612
185485
346460
547363
267716
518286
371333
133709
386336
473842
583943
469905
336709
518051
380895
573684
487191
537816
252789
109603
114999
445407
559087
561092
234066
584908
252150
233201
246646
123861
471102
471909
118488
571372
541492
370417
469997
381402
360375
575359
484492
339022
120088
119051
445230
500886
193041
386245
115586
369895
562110
141489
341602
457900
563583
119030
242041
437021
354912
541014
244412
585767
363801
461872
445014
207076
333723
113203
513903
468982
567373
271955
462621
463285
521479
240243
550797
227571
286246
261934
369466
603499
450477
479577
459868
244791
119588
430528
453018
529202
238722
101852
572416
128621
527748
579096
240456
342208
517890
555760
239624
236921
304095
416802
472065
577607
452715
364139
458051
389916
244455
120405
530167
568413
569714
541377
229680
347950
138441
261644
472266
326395
136581
484487
122594
573143
530803
234769
577548
389486
123652
238976
580061
264427
511767
530008
314589
232087
340889
274182
132105
460045
127193
315515
264536
367676
560515
546143
240371
544956
371337
454185
389629
569921
465821
359702
352129
535568
637346
257756
461149
470814
379439
219346
584924
458054
123172
236396
294315
370628
444728
231024
460178
513443
229119
341298
344448
535934
242515
156676
267248
493012
141169
255690
457628
572775
332280
225676
467728
568480
361846
95105
377830
263613
373176
546414
276527
250014
226082
476520
403616
152786
241924
232343
587886
373245
525775
247721
567637
581866
240802
295048
257781
593439
274371
346552
123613
256488
573412
463412
337484
556178
361141
442453
514983
244223
408022
283279
246333
344057
546115
261009
513141
611097
248590
473651
584047
248117
231791
333405
505794
532512
288277
506813
452713
566361
414297
125938
229048
584961
453427
454538
224372
510897
457167
339196
497347
122140
559013
244838
337372
227996
550151
231259
271725
388021
229875
474568
139741
465151
342583
233461
557823
376145
179287
233591
126113
82333
101750
106668
105230
103125
103090
101165
104920
101694
103729
103562
54503
106896
49691
106144
107358
102874
103073
104452
103805
28555
107877
423375
566183
592426
405697
408421
413045
393672
342837
193303
756612
193560
349631
354463
397033
793510
634423
112157
224572
204713
284433
265248
73170
531253
313847
372332
185791
172523
432194
645865
204349
344529
94836
507328
314369
455968
268296
188831
231007
485385
488195
354314
182545
562909
440691
330361
351650
309153
13131
419290
320803
407374
397836
430842
526615
286069
469064
161694
263587
254346
284372
253387
526123
641211
416816
205774
443699
267773
578856
600374
141483
269360
716258
699727
422478
394934
155720
467232
69326
71299
130879
170392
312831
467727
267874
285144
279012
579212
273880
251004
169864
199364
190855
456939
361465
168332
482973
198942
392384
27153
491962
437852
432053
479861
403280
420609
516468
476004
488580
387104
390217
153797
565680
518389
387619
111514
386131
264045
445433
640304
304874
269974
587036
499706
479548
298942
390492
235199
333158
345636
170414
549583
523498
144821
233805
546432
321798
559838
377089
817119
400669
419433
275759
329635
308180
570780
285934
252031
483849
158298
297955
628767
560224
699125
458150
307668
302863
390984
574249
326084
571637
137737
410369
517388
128845
313189
165927
470146
306946
539204
896717
287368
425232
382364
111063
646955
321836
388889
135707
270556
535468
120024
248490
635919
602295
541831
281085
494717
422326
103306
190400
188291
211614
284850
680393
528783
272553
272839
500481
287217
326096
584547
118983
138384
143339
679183
799519
391929
197395
482522
339493
154912
565905
406180
241486
394738
611927
604321
582932
496291
874204
424158
419274
103745
486438
332400
394471
543064
522748
288746
309742
438413
588904
546796
264065
297638
342524
261814
194185
391684
567752
176106
333139
531164
549790
236064
249934
454157
453401
266736
551364
276200
925544
450670
199660
96603
322335
658856
318449
116329
522776
278163
493585
635813
278479
586983
595929
310793
805987
403840
220138
231036
619373
332080
511298
566647
257410
255567
629317
66685
294408
549196
595920
768863
206529
177760
109116
437588
689616
178406
285509
259437
555146
256556
263964
486581
575427
572403
641697
237023
104530
193231
214637
197450
642109
327195
293508
264089
556898
122318
524497
626373
121490
137774
265059
270712
269765
754565
433730
206207
204128
204767
350634
513605
323566
546580
526843
199982
460664
484820
164042
531254
282995
263997
915976
390205
391346
109005
203692
426298
304606
629794
598503
61191
384518
521240
653179
160054
271953
297100
394171
841822
255546
476590
396182
202794
528769
487662
370118
445775
253448
378572
130742
323030
630795
441458
409940
430585
804553
668475
490497
417100
206257
102405
523378
636516
134800
285089
212117
385153
330071
624089
562486
284252
923969
484659
104873
415031
254475
656208
426080
179692
356718
554109
536780
167309
485593
565344
707475
465055
498181
209738
409150
268875
599955
635090
549884
521245
139886
306680
640639
256156
293902
902651
615143
501353
107158
389779
322451
147700
330759
540160
470518
319408
378277
534043
345693
707845
410640
552181
900921
308162
520371
352037
283654
426008
621836
92267
478126
260212
268070
457941
174122
72350
565126
280203
561253
776351
494991
204285
202161
206618
617804
305733
414953
538079
265291
564887
602675
544526
22982
868338
510506
285314
201335
465575
269284
320275
646351
431747
273349
141051
284619
574136
302299
445098
265867
947425
538916
250082
415477
396374
406362
334993
318777
823300
540681
415730
489505
338526
782417
147570
258322
162693
903079
438403
245566
246181
196550
204844
191678
344042
589812
319289
544778
265623
618778
329150
308016
581965
344417
586078
285187
420104
394320
251385
640714
317977
259618
548467
556781
580659
327442
581992
259540
759798
262663
233605
45593
219396
200269
403276
244545
255818
140847
327797
630859
571394
258074
281971
583217
621118
304994
876681
349493
304604
111917
466070
398987
195370
541380
658480
788975
125341
512211
310893
508438
621725
345873
562115
147076
252299
256924
544310
253577
479929
202296
387188
241968
472127
591606
272250
534734
616541
614904
581310
814493
200888
428462
527190
716261
1153001
619079
405703
514635
476170
277087
187172
645165
866381
870172
408427
205986
195494
473690
501541
760116
1130865
65973
454181
187991
357855
230966
183745
223362
313053
499850
554718
830618
825309
259746
216039
324231
198469
405761
247457
161102
316655
309669
186458
233915
236533
451623
887043
338780
235128
235220
475787
435060
182322
286496
178266
318963
178078
534944
341397
359059
292402
187835
191550
294121
380352
102856
90623
290886
384517
234059
658292
134370
238182
231914
365826
100594
249015
217588
394090
302393
391183
357427
693739
384940
379488
104518
260219
130059
60956
189902
397870
301639
150316
102019
426776
521287
398599
478675
373627
257121
100298
185025
297807
298366
101734
333864
538973
651260
295173
364024
194696
379308
405230
380360
197381
103886
187620
501843
324410
464813
364250
457924
220774
390115
390653
195175
490855
546856
501296
293969
367366
380504
97361
395715
188120
381478
100364
102764
468402
336076
244899
482588
459853
128929
211888
184824
385158
196476
460400
710429
179749
283778
183894
295183
368324
195653
394623
298182
301511
297791
102860
456396
175145
277958
131254
462327
482246
239796
380997
294417
381513
260748
331557
713185
220550
381715
294065
102328
371574
307271
296625
303246
302721
277242
351349
277152
488847
476406
463664
299112
392213
196096
541140
177738
700129
400303
188156
188977
294241
377337
387448
104762
193282
188072
459889
571888
476830
126345
483600
212365
384534
204048
102043
370988
696289
359249
298291
379611
297295
382343
304851
295535
286515
191601
295058
246338
636041
244007
125045
461367
370272
329342
187024
301177
42862
255426
211892
530978
83434
258431
487876
102892
131545
51648
86575
196289
187607
297713
200225
2966
22466
41783
33303
311967
188786
188622
389787
286019
706567
818839
346471
483268
229744
208803
174066
197344
188028
100561
189560
620504
343878
351223
322668
174669
99885
189680
293875
391306
391972
199324
92631
97235
396750
618304
394926
356553
245369
235620
234556
319025
276063
203208
194205
93554
97812
478880
676265
283569
383710
291551
378147
306145
104576
193416
384000
183458
187017
597291
287427
242327
371638
362224
130627
243876
298063
103409
191865
186932
293369
614300
365220
358005
309716
295269
88675
186282
103189
189205
391356
104628
183772
383619
201831
197305
643075
254611
471917
104176
118685
221644
443808
194117
179778
377938
100485
263684
530687
525172
399595
190484
374639
192123
383178
393774
201020
392399
440082
573369
490962
244633
252604
391277
295552
271095
200344
513439
724310
122606
189647
376991
103197
274307
196229
202903
189135
299758
277360
201385
342034
621632
231882
472396
230647
235038
339399
293706
294625
198661
96434
530342
720126
275393
372367
291785
363165
97816
390636
194628
374852
197772
493084
597842
127920
124661
467985
484375
314661
194403
382137
421641
344546
512898
455026
293842
294055
379847
82791
297557
192953
385124
199597
193099
385620
593774
128784
471315
465798
359913
292270
392521
200277
184604
691200
349518
299713
191033
380155
103127
192072
184595
101399
201169
84201
200220
189035
385308
424879
613633
491428
236870
121691
246927
235567
328834
198709
189494
299709
316205
331737
541145
339596
117206
186144
291886
294135
379095
385439
294677
388410
461008
319132
868373
559702
240920
469147
233754
195340
378226
204644
379831
680289
339281
311270
296780
185060
389493
196505
180936
209129
186319
292982
299043
186277
576361
317584
242533
369621
478574
362365
368381
199233
384979
568675
679385
157866
397727
373860
184412
381054
303619
386458
301585
104552
209214
654107
489237
367887
475198
416950
274436
383045
509585
702825
331982
292916
375259
382213
212481
93655
97187
391151
106592
393074
652015
248979
467039
362543
447842
382122
289101
288978
315682
724185
306540
185292
102458
187019
378999
199379
192746
202302
296415
103908
187737
389080
429345
304006
147202
239349
125724
240411
461090
246529
398785
104627
192730
185423
296455
617618
352715
555793
104661
93909
97649
186903
296382
273984
210025
192226
187660
384638
407216
169817
318941
541055
367548
360935
246117
400841
293995
367913
509408
349602
661937
295314
362990
196705
385380
308532
380859
390195
198880
637861
279323
469716
360370
251267
229218
292271
290847
360518
273423
695681
334325
219927
295734
368778
193625
390413
297664
297994
275229
199203
247870
324587
440262
342036
128173
238054
371034
341516
371045
203601
193720
192169
314159
329795
691377
375764
387019
386155
185892
204613
300752
299098
368969
630890
286007
466296
129581
233469
110095
455299
296562
295597
381910
104292
333295
677173
512526
383103
194095
189032
297259
308803
381442
297622
177911
257982
318962
643199
704039
249063
468423
488169
392270
298694
388719
633665
412641
221035
207182
327372
410104
429384
378846
182495
375694
133089
386062
385743
507945
460722
363855
416908
387029
296268
366835
777739
554808
408394
113080
414128
199753
204035
321624
376368
367358
299280
186355
199565
666772
484873
461759
359902
386222
391189
448034
793148
561741
422629
216140
432492
326509
208910
395606
204818
192485
301584
374843
572810
489529
234492
481945
219135
381592
391308
193084
229095
796621
393231
271259
332936
427562
434445
407040
103584
192714
184094
367434
227648
793442
474395
129968
232608
463231
238113
195015
191828
298825
103764
185583
632492
201094
392376
569587
328353
325969
206403
323522
318676
377230
295513
414236
401699
381696
472072
127851
238659
110095
121373
375076
372180
196437
384607
202020
752994
385283
340629
331491
427358
325858
409005
210359
380585
199859
372290
144051
398211
624125
240966
475119
363159
400705
194609
177786
290391
614644
373852
172715
202828
420176
404810
214553
421027
332992
381553
298356
392453
302478
390499
595378
461726
128215
236642
116851
330080
103482
193887
296752
382908
570371
777326
268550
428547
327121
423634
330446
298142
388207
508543
393625
521722
366775
471415
425415
385145
105605
188794
515992
401284
385916
363507
431408
10939
414462
211972
421021
386420
197820
378689
328836
607196
411539
296857
140359
600540
284629
293473
459611
293529
463385
156715
290994
390365
428593
225596
440834
339314
339975
339399
436913
212956
217018
482263
373408
642690
459326
609870
217503
443593
342892
427409
513187
417523
602607
574296
514582
393065
188637
396516
119772
535733
268773
273637
432445
445843
106909
183469
373359
110361
219972
623550
435359
572727
286621
190751
307892
306230
413574
392135
550690
581171
262313
195940
403813
404620
222356
99493
457386
436633
546144
150361
435043
192730
193391
381242
229848
511142
438589
579098
199890
398626
400568
437579
297245
308835
440143
554298
247316
394165
402975
207046
457022
579283
576962
222776
387243
306125
396140
224133
706450
466824
597832
523480
231828
215863
339901
440830
345895
