17189038607260
17189046615884
17189074530134
17189102602218
17189134523801
17189166526634
17189198514217
17189222604967
17189230602717
17189246515134
17189270595009
17189294609509
17189302632092
17189330530342
17189346881967
17189362501800
17189390601175
17189422531341
17189438512175
17189462603966
17189494531091
17189522612299
17189550604799
17189566524174
17189598515049
17189622597716
17189654510049
17189674610840
17189682625882
17189710603090
17189718617590
17189746600923
17189766607882
17189774605715
17189802602923
17189818509090
17189842609756
17189866522006
17189894602965
17189922600048
17189950602548
17189982518256
17190006605964
17190014631381
17190034520714
17190058603256
17190082550339
17190110619755
17190142513297
17190166604172
17190198526963
17190226604213
17190242510755
17190274516296
17190302620713
17190334529671
17190354519088
17190386511254
17190422510921
17190442631462
17190466555879
17190486602712
17190518510754
17190538611337
17190546604962
17190574588295
17190606510170
17190626621253
17190634637337
17190650508462
17190670600378
17190678589462
17190706532586
17190734605003
17190766510545
17190790605961
17190798596086
17190826600503
17190854602503
17190886528919
17190914603919
17190930509919
17190962511544
17190990622502
17190998602544
17191026531210
17191058504502
17191086598918
17191106514127
17191118607752
17191146602793
17191162509751
17191182603668
17191214515043
17191238604209
17191246599543
17191262506501
17191286604001
17191318529834
17191346603917
17191378504834
17191390623209
17191422525917
17191454499750
17191490512083
17191518625542
17191526607917
17191554602042
17191570508792
17191594624291
17191618533083
17191650505916
17191678599333
17191710531666
17191730514999
17191762512207
17191790602082
17191822527749
17191850600457
17191866508124
17191890609165
17191914532165
17191942608248
17191974528040
17192006502373
17192034551040
17192042605748
17192070596581
17192102529081
17192130521456
