14003114
16283829
22021609
5807790
11038619
21556486
22370854
21413253
11131872
10300954
5785809
10796739
5274438
4754022
22324563
21611492
11382562
21912444
22420326
11361434
21513042
21536122
5790454
16910697
5325058
4655466
22288422
16997551
5804305
21436518
4833136
12040614
16999042
10852417
22429302
21427520
3310330
1706804
16543133
5708497
16676169
11013222
2297772
8150409
17926251
11174954
472857
9999886
21154649
13160526
2128276
22002899
10540574
5698465
760992
9675312
11321150
22234526
16967818
16968161
21390478
11165866
13857955
21494293
15664520
5776450
21855651
16978926
10376534
22411282
22468339
21483572
21527982
16984555
5151230
16988214
10798077
22348359
21461797
21964982
21943438
21496393
16086158
5781006
21456734
14434335
5609884
2187553
1724914
1621634
1012004
1876887
1924559
5685453
21516113
8231288
2592214
21936659
21671694
21685498
21913671
15890022
22293017
5598878
1061601
9939980
21994301
16940475
22175892
10813962
22208385
21322102
5641683
21472875
22387062
11071049
22188365
22408026
16336796
22111742
22182302
22022342
22046154
15906094
21420230
11132041
11049593
17506514
10376579
5721655
22208914
10631111
22229622
16977098
16996720
10868435
11394561
6262601
3982793
15308239
5560162
16844053
11255599
5632891
16997792
10833210
22410985
11198730
10566178
16966338
15831310
16988674
5708510
21912274
5762766
21477040
16977990
11264110
5700673
10854478
17004426
16374658
5655699
22469446
22337514
11093902
21948898
11203826
21979402
16981166
21966782
16980310
16905561
16347148
16854675
5662495
11226537
11386161
16879899
5777798
11078261
16965546
16985586
21931407
16971154
5797571
10851672
10810682
22442138
10404814
11030555
11218189
22407826
5769810
11069308
21402189
11396629
10868979
11081885
11392414
10392863
16874242
16976482
16903982
5144007
16867201
16964218
21419974
16978368
21977662
22436899
22279622
22163894
5802390
21944474
10885328
22169111
22014270
22182502
11125882
22190650
5799415
5169777
5658776
10796981
22441990
21500374
22430885
10885354
21521386
16973222
21421130
5773390
21710926
10429706
10816498
16992457
21936129
10449619
10774839
16992082
21950779
5641105
11225569
21408623
11202254
22159346
5793970
16865824
10931307
21537070
16964991
21433921
22453442
10649730
21532840
21372885
11398723
5276520
11054072
22490060
16984367
16909285
11386530
21530940
16974070
21409683
5773919
5709132
21606846
10672607
22184418
16981354
21966670
16970770
22444442
21977654
21539454
16968649
21419613
5776993
21737838
16975514
21414254
22210750
5389058
5641894
15935642
5668801
21367353
11379717
5177242
5661457
11028053
22402614
22212396
11131330
11040661
16977894
21413426
11197262
22228827
16986005
21961926
16962387
16992870
21982338
16976734
21406080
5765726
21704051
10483322
10925187
22432598
10874461
11100160
16960404
21418062
22240138
12107134
22254906
1872391
11118314
1446767
20508562
17982322
2329719
6842880
12756299
8854924
10364402
9701135
10566575
16242594
11068284
13821314
15217170
2652531
2987683
10777280
4571135
246127
22396396
15213589
5782809
8430307
21913010
1314084
11018328
11051614
16979994
16976910
16979074
21423474
11193207
22207861
16988944
21981062
16976226
16995808
21946130
21494528
11128966
11109458
16877839
21334987
11195254
22200238
16992643
21988030
16989986
5787579
22131128
22434146
11155930
21993427
16979679
21964009
16976654
16995303
10858880
16980318
16983890
10868241
5681338
11171056
16981330
21921210
11408684
4635161
5649521
16902726
21318097
11160612
22227202
17025302
21951697
11384544
21853892
11144795
21973978
5817775
21437517
10894481
21948558
10417819
10781208
16964382
16970664
5658362
11225391
21402120
11384110
21936550
10927202
11026279
22470818
16966162
16994326
21915222
5812476
10342099
21395723
22444499
10648806
21530354
21391618
11392142
21711306
22425721
22333509
10873846
11104853
22401446
22346394
5700788
22195866
10653402
22178573
5821758
10912445
10809822
22404390
21452609
5801140
10882080
10867922
22420530
21507892
11401913
21974718
16948670
22406603
5681413
5622679
11051278
16971818
21430562
11181165
22203734
11385703
21464126
21500010
11144223
11040498
22403843
21484546
16989816
21932902
22451586
10851270
22178874
5798634
5051389
5698319
16879674
21339332
11382750
21931870
10499037
5673307
5633153
21569430
16967334
21419302
11386168
10872861
11055292
22420134
11396594
11044991
16975410
21416826
16983362
21674470
5822730
21426454
10879287
21534797
22345508
22442410
11085370
22211562
10458058
10575270
16965346
22433822
21468408
22430461
21470512
10438190
11043636
16968434
16979538
21418383
11182494
11319539
11385881
10830096
11243318
5637839
16969181
21418507
11379535
5798130
5064010
5650329
15926890
5639420
16978642
21429436
5778759
21695797
10416870
10551519
22423991
21464998
22437575
10871738
21556022
21391658
11388344
21740881
22404172
11196895
10507867
16984744
10823717
16979850
22443979
10878042
11092459
16970428
21409650
11166530
22208946
5794746
21986005
22416094
21456340
5790950
10899342
10789957
22354638
11165562
11085547
16984708
5704971
21893040
16974062
16996744
5163314
16841238
5661347
11230573
21414066
11388949
21729526
22430110
10873108
21560082
16974265
21422139
11163769
22216442
16983098
21979698
22432690
11381406
10676872
22140016
5790458
21884588
11204206
21947689
5801158
10821195
16982058
16986078
10859542
16966573
16980008
10871563
16966932
16990206
10855927
16985666
16932364
21971050
16965866
21416723
11381859
10522125
10899054
22208085
16990445
16371806
21517418
10566107
10788629
16981090
10846960
16973458
22442006
10885294
22204504
10411525
22227458
16979542
16965794
22470262
22428216
10882517
22217622
22453750
11382582
11076592
16980137
21410770
11391718
10512862
11041617
7630679
9219200
21419423
11201653
5563704
10957677
10665838
11022096
22694354
6242561
5674635
11080645
17618134
10992722
6959394
9045265
3474235
7148028
12021611
10193571
21379671
11120770
15226170
1785528
6864999
2535934
5708066
534614
20819001
22422494
11391874
11719411
10509151
16954334
21432775
11170042
2869462
21961444
22421906
2224311
9084862
11087430
7510902
9358995
17796388
11380974
11091824
16942407
16794130
11387230
10872374
11078825
22425786
22442672
11132862
11497584
11700844
4602130
21496996
4698231
12192330
17891638
21477547
11385199
10885750
11035402
16886896
21780858
21911070
2827298
10683809
10546054
16985875
22420442
21510392
9463531
10880002
10959800
5658034
11226737
21407490
4668894
451584
21432969
10672768
21442609
11422904
11394234
11072807
16973289
21411689
11385657
10869386
11060725
16963524
22407812
21485677
16956228
22423962
17000598
21305562
21401782
11388767
10872146
11071698
22408228
11390056
11091544
16978263
22468621
22418442
21482101
16986002
21992738
22402904
21482638
16949811
22447682
22426682
11198010
10548300
16966828
5664223
11228813
21410517
11202974
22204816
16974546
16969168
22415694
21502990
22408482
11391314
21495600
21517877
16972116
16962581
22414394
21508749
11388939
22170774
5820962
10423690
10778689
16970246
16974094
21419275
11373902
21948002
21520410
11102298
5416570
16876312
22420873
22442398
11095425
22209531
16971139
11386022
11075654
16974293
21421908
11179436
22236682
16966091
22305602
22210978
10709134
21490790
16977098
21416054
11192938
22186506
21501282
16963976
16964006
16968463
16970706
21415940
5768906
16894460
11387342
21526535
16986079
21392854
22440614
10647622
21481802
10413558
10819139
16970358
16891910
21361977
11161858
22213804
16967322
16971354
21418527
11382263
21715538
22420022
22446385
11131337
22237595
22339775
22331676
11175394
21509208
10438666
10783565
16983342
16984202
21407903
11192834
22172990
21510407
16964936
16968966
16974038
16970505
16878926
21420137
11382123
10877974
11036543
16960067
16981350
21426475
11179990
22213788
16966882
22371834
21491624
16975952
16973067
22411519
11381918
11055503
16976853
16975447
21433382
22225534
11162530
21529795
16840626
22283453
16878014
21778140
22441730
11401014
11067318
16978074
16978498
22415346
21482862
16956778
16968298
16962322
22419186
21462180
5795418
11287205
11126295
10874074
16971848
21402478
11382886
10852226
11082306
22462842
16972078
11265070
5658971
21411238
11395261
10909857
11032191
16961835
16972653
16966360
21411728
22227646
11126433
21522556
21400492
11391225
21932322
10421366
10786746
11238886
11255715
5600730
21403181
11383527
10873034
11074233
16948698
16976210
21422444
11380698
10863986
11032034
22406337
22436910
11118958
22239999
16983072
17006290
22357237
11399206
11048854
16964946
21400003
11166322
22187170
5819150
10360963
5734306
5807840
10609188
21942410
21481650
11007694
11027741
22420018
21520942
22472022
22423602
11372294
21534190
22419058
21492110
16967498
22355113
22319414
21724766
10422358
11067179
16969282
22387793
21434876
22176242
21663490
5767695
21974636
21524918
21528286
21694058
22330604
22167553
21504577
21689518
21434214
21730566
5687502
22446391
21514505
21489554
22165820
22173938
21552690
21740494
16982954
16980054
16979238
16969972
21445594
11384081
16459778
4721339
16846427
5669850
11183761
21420814
11396567
10879079
11047587
16982333
11400182
10867555
16985735
21381002
11200327
22229042
16982847
16978577
21428136
5774345
21703998
5670954
11217017
21406966
5779894
21732382
21450445
5792192
21946242
10740938
22226352
22410067
11388438
22146561
16975662
16974982
16973378
16971742
21436698
11384351
10871854
11040307
16963585
16960069
21440859
11377065
10866325
11038063
16882790
16977314
4643862
11178546
10789319
16976990
21368591
11363281
21914150
10486461
11048980
21365880
11197258
22213274
16981952
16974635
22409913
21515478
16962519
16986376
10363642
16963828
16971326
21415868
5657738
22158783
11159421
21514354
22413178
21469594
10968342
21977810
22470303
16976682
21397960
11401814
10862039
11017741
22405593
11386904
11040234
16978438
21408239
11168325
5393606
16844919
5657968
11200249
22419815
21486275
16972328
16968966
16969670
22427134
11394786
11054534
16986233
21410559
11389193
21683870
10438530
11026651
22370962
21770750
16977056
16901825
16980730
16982998
21410840
11168544
22207110
16976157
16975549
22464210
16973578
21411518
11379290
21697451
22400641
22440938
22160554
22207856
10432818
22002730
5650052
11236703
11242793
22249462
22435139
10429698
11071259
16972271
21416585
5776128
21745107
16971922
21401765
11398666
10850979
11089642
16962342
16967404
21427625
11170306
22201059
22411098
11385966
10978018
16983150
16970643
21419831
11373933
21940966
21500018
22156854
11168626
10856534
16969742
21411302
11382617
10865012
11087004
16962058
16969325
21437941
5764953
21728554
22415014
21506298
5806626
10332816
5072590
11204002
10794283
22407893
21444884
16963674
16967030
16978438
22411457
11387946
11059442
16973714
21410922
22231739
11120599
21535199
22396354
22467166
16914990
22416986
21507094
16963042
22421146
11387090
21534242
21416502
11177558
22229046
22406226
11385906
22128756
22406118
11392604
21554126
16975230
21421494
5776882
21740910
11246931
22274863
16878114
21780982
16970722
16973558
21433270
11175482
22212006
16970114
22410098
21452173
5785878
21706858
22123465
22199384
4716106
22298969
5763813
10417946
21720606
10472003
11024102
16969509
22404478
21505934
22492078
22465706
16976094
16977038
16973194
16969775
16963353
21411237
11190382
22227030
16969139
16978285
21433382
22452525
11170114
5102170
5694317
16879287
21293236
11393454
10867758
11054464
22418398
22484414
21507150
5815154
21386542
11039590
16963042
21436957
22215778
22194204
10351138
11214151
21516154
16973526
22408630
21460306
10960926
11032651
16965190
21436705
11386722
21927882
10480337
11034632
16971654
16965673
16975730
21413939
11182444
22194834
16993794
16978107
21424814
11386761
21715810
16965274
22324310
22096330
21696818
21504250
10451866
11086221
16965164
21417718
5761962
21733874
16960328
21418612
11183574
22227746
22424693
11388631
5344502
5628231
16978494
21402056
11389742
21922162
10441146
21969698
16974975
21421326
11213787
22222809
16971884
16971220
21425206
11168069
22179830
21479305
5793066
21980938
10831870
22230414
16987457
16964277
21412227
11187105
11297598
11300843
10736542
16969788
22418654
21443460
5794501
10907938
10796362
16967202
21436481
11389610
21737918
22420950
11392680
11045907
22422118
10316022
11107989
10929002
11387985
11077551
22408566
21507862
16971432
22419083
11387066
21543704
16963430
21421438
11157744
22216150
16963094
22407420
21490956
22417218
5783138
11049829
16979234
16968999
21433304
11378526
21910630
10330942
22287982
5686878
10391084
21762024
16977558
17001715
10831809
16976354
22431828
10890934
22183149
10405377
10591459
16975244
22445654
10881057
22273882
16978326
22313710
11385958
27082766
5813777
10354552
10859742
16978845
16993982
21931350
6324157
20650859
11084972
22197947
10425334
22205698
22430623
10893858
11060458
16971018
16990630
21987499
16969942
21404835
5768162
21738607
11205434
5393654
22275164
11390802
11052051
16980874
16985557
21923858
5802965
10419929
21354530
11149559
22202014
16990902
16359999
5814054
10386354
22033394
16981959
10235643
11198378
10771919
16979121
21972642
16975869
21424882
11200415
22216870
16992710
21978369
16965049
22433954
21936219
22160108
11136982
21542742
16974666
21415080
22438193
21691610
10404588
21961793
16960902
22467886
11138850
11070709
16975882
21428925
11161902
22216958
22429778
10860454
21541158
22463378
16983078
10242938
11183671
10775903
22462534
16979226
16877198
11374921
21513150
10417438
10881334
16994366
21943610
10440139
10818714
16997806
22003217
16967637
21423282
11189926
22185312
5772920
10809566
16973534
21424138
11198026
22215576
16970235
21915826
10424058
10797488
16985430
5137521
22338015
5643542
10876890
22414676
21466794
17004305
21955736
16965510
16981496
21938874
10454454
10543767
22433000
16993926
21946202
21461852
11145567
22109866
11391249
10805519
22446782
21988636
21510650
22417146
21447006
5790410
10913330
10781128
16968142
21431067
11192434
22232671
16999558
21978970
22411002
11382436
21526791
16994044
21931142
10424810
22206678
11389346
10271894
21984028
22222034
11095608
21504106
22410698
21495382
16992514
21937238
10442266
16592834
10932673
22220766
22436215
10891124
4712113
16854589
16966198
21422822
11190738
22223533
16997862
21972058
16967010
5791922
10893342
16964005
16991454
10869239
16970655
16995698
16977990
16993386
10876497
16970009
16967122
16957721
21427164
11197467
22181078
5794206
15927826
5658787
16865974
22235198
11392484
21485482
10487151
10760315
16976754
21941161
21498774
10853026
22225566
22469544
22414622
11385298
11065900
22204902
11241974
21480666
5792986
10660135
16995774
21975245
16972100
21426362
22198366
11185218
21489950
21463663
11132614
11047216
22466447
16977334
21412919
22223353
11147574
21539106
22422490
21498079
16996190
21981956
22392162
11268978
21976467
16983322
22003422
16967902
17002543
21942890
10368854
10808772
22442342
10913278
11056671
16971410
21415168
22438450
10666930
16910645
11385586
21550261
22409902
21487414
16989574
21970486
16966077
5784485
10868112
16974730
16990490
10868113
16975515
16986737
10873408
22427138
11176986
10573890
16966600
10842665
22415538
5772669
11060659
21416156
11386914
21737402
11386822
10267933
16986294
10829515
16966858
11386807
10866073
5783079
10832248
21857971
5656182
11139111
22004658
16974982
22449213
10884230
11029510
16967416
21411111
11195358
11004598
5799609
10863056
21949514
5819370
21401758
21926191
22256653
5767318
10822445
21385315
11354670
21720282
16977015
16989666
21983902
16974306
21409307
11197232
22214230
16977806
22413354
11219242
10574103
17003278
21957442
22402428
22305727
10883794
11106921
16972248
21438268
11191666
22181069
11403006
21949001
5794935
10885815
10805071
16967050
21408728
22286908
22229486
16991788
16978189
16987844
21968114
16965323
5787578
10857147
21846670
11370105
21711298
16971470
16998760
10872462
16976690
17001390
10853018
16965508
16986904
21938606
10417394
11094937
16975345
21433418
11196356
22215934
11269314
10881655
5344158
5667842
16966925
21427739
11158440
22236402
22444198
10897001
21534634
16974002
21410743
22216458
11145898
27136354
16987542
16369786
5641783
22408342
21481764
16993997
21968038
16977935
11400758
10859342
22440005
21941445
11113058
22219823
16982578
21957601
16971787
16986407
21967030
16961784
16989503
10853253
16967549
16983111
10860935
16965255
11253868
5649271
10849642
5658843
22240681
11382417
11061371
22414234
22375398
10933573
21482246
11410790
10341131
21392896
11379013
10852974
11042907
16970357
16984905
21947636
5643294
11224000
21402728
11375954
21692071
5773354
10803948
21386621
11379273
10869386
11081635
16961115
635475
16262559
21979127
16971131
21414619
11401430
21717387
16982241
21914306
21502309
22184372
10417846
21982506
16971534
21981650
5671316
11229636
11249624
11203882
16985307
16372746
5679914
16976050
21400982
4426171
10885482
22187560
16997150
21979182
16969026
17000578
21954866
5841986
10366809
10775061
22447950
11138981
21988558
11168312
18020234
10418716
22196662
21185016
15914780
17027179
477074
21867608
21534462
2870659
8428916
2161701
19714864
16632770
5798010
1910430
9159949
16633519
6681401
15176843
4325253
12572174
21928810
21408675
7596287
6882820
3898285
10907900
6878849
20982876
5159651
10156366
16029726
3347126
7644821
11037113
6859471
16319784
9684035
8311778
22116878
6870115
10412078
22171990
4982116
215907
2481812
18962184
21419922
3028850
11140943
16904594
22434306
9720045
580125
11099193
14798149
12893363
1340615
4012846
10342305
12596195
9879676
21052271
6397370
10398970
6190141
9188558
2245080
106281
10849093
3807724
6684312
2820524
5785854
10977736
9762906
6765810
10830510
22206837
16989346
121884
9716704
6835730
17700645
6817990
12507946
6478267
4355043
10874114
16961354
18671082
8582526
22241810
16634902
2435573
19492042
1175339
10128340
5661196
4532512
6883026
10416773
10818880
6150586
10719979
5787289
3985890
6825655
11037026
1451026
20865891
11402604
11041966
15268710
10920942
22297022
6737658
6886024
2486650
15198725
4278997
6876115
10077658
21412873
11197726
6031235
6488459
906476
22020982
12489803
1303115
1454565
10825619
3880201
6849193
22402830
10399711
653984
10610411
102070
20827229
1553216
9476433
20955038
9744203
12193567
20109557
2939715
18645477
5789744
10792182
13617797
11380223
21567028
16973470
21420558
11389833
21745330
16990570
21955011
22401786
11290653
22017810
16982630
21965980
16972466
16988851
21981974
22413982
11186770
10581188
16987945
10820955
16968350
16984115
10858061
16964618
16981783
10879670
22437297
11394542
11065087
16991672
21974982
16973110
21417519
11187942
22203987
16992306
5702815
11382638
10590483
16843340
22284669
11400350
21515123
22415982
21522286
17000966
21935706
21479990
11124680
5682918
21427570
22395538
17008202
21978052
16957270
16969689
16988739
5794603
10873495
21830142
11377938
10868082
11026904
16951526
16984379
10851387
16975222
22459632
21923875
11166762
21978994
16993923
21983898
16968170
5798176
10855550
16964854
10968059
11248660
10813568
16977901
16882794
22437239
10338750
21984882
17010860
21939938
11386586
10839094
16984662
21421234
22441106
4915650
5674661
15894558
22285628
5717126
10920938
10799054
16962402
21413841
5787442
21729703
16974638
21403731
11193498
22221992
16987358
21973697
16967639
22472637
16997362
21921076
21467418
10878862
22229270
16981902
16996130
10859746
16974222
17010900
10821812
16978082
16984274
5127801
21906166
21721941
10590006
10794198
5785722
10889082
21818778
11382174
10934631
11005488
16964194
16982642
5118670
21932211
22419885
11174987
11096232
11384335
10348541
11394181
10815767
17022986
21899598
16976110
16990254
21930424
10425485
10546693
16966982
16984567
10890035
16967040
17005542
16977774
21407941
11196302
22213386
22431198
21945437
10409576
21973509
16995342
21971461
22401050
11048626
22298579
11133242
4705104
16850076
22462195
22408383
21485957
22414890
11389462
21530430
11331016
22198782
5787134
5699215
10807067
4934990
22293303
5814790
21388568
22002550
16979358
21907885
10427834
22215514
22411571
21463618
22240374
10886790
21527106
16965686
21421232
11389664
21726937
16981838
16985798
16997430
21953822
16979378
21413773
5768642
21692754
10356255
10779269
16987428
5160758
22299776
11384514
11056505
16977208
21429944
5769005
21718498
22406352
21752665
11402370
15917242
11269571
11265842
5635431
21968118
16970463
21413236
11199051
22205666
22435924
10897578
21478222
10427702
10578073
22392166
11194851
10574666
16955746
16983422
21419230
11159683
22167590
5798899
10892042
10788589
16962386
21419030
11163086
22184413
5799309
10886538
10809290
16995086
21428310
11196142
22217414
22337730
10887299
21535011
16961279
21403938
22222990
11132871
21539321
16961522
21434595
22258275
22198586
10475350
21936038
5789338
10825776
21967598
22434506
22164174
11188682
21939442
5796250
10672570
11046133
22408823
21486040
16978610
21974215
16969269
17000650
21946326
21524957
22427074
11192122
10584557
16991678
21946162
10340324
10730693
16982779
16338450
16856320
16970794
16985210
16369546
5697016
16987974
21419450
5772834
21730865
16962293
21424296
11064780
22231196
22442966
10892903
21563542
22448766
10445445
22227786
22467262
11388297
11046183
22410746
21498241
16979699
16979743
16982842
21988862
22412946
11192678
10571500
16984994
10843713
16971118
16990714
10848777
16965921
16984083
10859115
16968378
22307130
11387322
4716960
16880006
21387411
11383681
10934258
22423450
16997180
21982238
16969826
16991735
16333509
22289166
5718541
10918160
10819479
16978382
21405410
22224625
11138076
21544294
22421094
10435902
22212641
16966898
21417299
11192678
22227522
16995078
21912229
10422998
10825221
16984882
21973315
16976774
21406698
5767414
21733174
16968800
21404971
11163502
22125768
11371806
4704774
22265018
5807889
10373179
5666030
11275333
21428418
11178109
22199014
16989417
21975566
16970802
16971873
22352282
22160186
10886602
21528254
16958014
21415462
11152930
22214326
16987261
21930654
10422658
22221862
16989577
21943666
10427674
21748438
16970838
21400338
11183402
22208415
16983010
21980256
16977450
17005340
21981438
16967954
16903883
10858766
16979540
16905734
10859324
22424058
16993671
21924564
10443160
22159742
5794675
10828872
21988497
22408250
11281346
22023738
16997087
21958126
16981582
22429306
10880081
11095614
22408326
21489973
5783402
21942146
10426914
10781439
22452090
10860146
22207186
16976814
17011562
21935258
10437694
10764747
22427415
10870582
11074755
16966684
21414765
5772234
21734222
16885130
21316938
11197379
22231894
22442310
10423174
11070956
16980243
21970212
16975608
21410713
22209442
11155524
4727586
16867528
5663490
11233661
21414088
5778558
21744866
21432012
11375265
21931026
10501174
21990798
5794058
10839760
16996966
16987333
10834564
16976816
22421142
11393670
11059655
16977334
21403956
11169101
22200146
16983481
21942228
22406906
16976315
21920378
4713928
5672349
21772834
16893060
21304279
11192034
22210241
22435102
10925342
21538146
16974818
21430661
11166094
22233604
16993786
16894142
11395722
21464514
21532770
10869694
22183490
5787818
10888006
10795745
16968207
21421370
11391166
21913558
10916809
21507143
21483129
22433139
21459162
10965310
11018877
22412470
22236866
10681466
22190182
10408562
22218266
22430596
5161216
5645134
11095782
5653508
11283101
11270722
5639432
21944026
27071503
10581964
22232630
22448668
11193194
10594351
16990455
21941399
5678181
10362762
21633399
5799002
11066525
21966402
16964204
22429650
10883147
11103359
16971702
21423446
5778522
21754542
21400818
11395598
10895158
11052775
16978718
16987670
21978402
16965684
21440519
5764704
21730938
16964922
21416870
5776430
21769194
21398940
11385588
16108678
21458594
10973052
10761607
10902117
22199489
16990242
21980076
22402810
5775274
11070892
21395525
11216298
22222946
5665622
11234740
11256437
5653265
10856494
16967923
16989320
21964318
22408692
21517439
16988311
21930242
10515896
22193438
11392974
21511346
16972259
21417240
11143486
22211463
22432082
10897874
21532718
16984762
21409272
11193882
22222936
22432842
5745278
11143278
4844814
16837295
16975052
11255907
5650856
21934753
10449691
10557487
16967231
21410793
5776109
21708511
21500677
10826537
22224259
5664001
11220516
11255023
5648543
21973918
22415638
21501662
16992830
21937682
10512670
5812457
10363821
21438714
11379978
10874129
11039237
16968549
16995051
10871328
16973905
16992166
22001202
16971682
21413102
11204074
22216322
22429133
11189420
21999494
16914425
5659130
22275902
11383176
4722990
22304659
22455642
11115512
22234646
16993978
22423718
22229252
10631310
22228954
5653187
22279063
16904798
21728734
21490958
11073113
11082625
16978890
16996164
10855781
16991450
16988813
10840116
16966482
16983904
21970542
22418562
21508347
16985122
21946214
11393774
10827002
16976898
21418221
5771516
21695986
10418846
10822894
684826
16140384
16981798
11253562
5656336
21952746
16888867
21339056
11211812
22198484
16626466
22142242
16966574
7470025
9423049
21967352
16970741
21409183
11385586
10787858
238326
21662361
16991100
21990430
10443935
11465934
11372290
10865805
16993669
19087876
11143242
16641220
11384554
21493921
16620059
5794184
11072870
21684615
135006
10972465
8279727
19393943
10432938
10576975
16972393
16626679
7057783
22179177
11134665
12385842
9871062
9562303
7315150
3764900
18612409
692326
16251705
7977108
6013659
21967243
8385506
10872686
22351390
11177054
10828061
10404319
17554488
10100767
17855715
22438764
11136476
11065145
18675798
11394596
11080685
8689370
8183879
21423704
5781454
14240565
11385570
10952082
18875615
7482218
3799657
11144432
16881790
21332517
5784566
14295193
18557261
16966680
21849018
22444394
10442035
5813554
21905541
7914145
4026791
6543021
21682025
7161056
10436259
9523749
14477255
14957839
1946996
21679454
11790210
5772012
94513
10919417
13227391
16876976
11117701
11084469
19918882
14660334
3665887
12725979
10586374
11102460
9886123
18073342
18454427
8887779
13185486
16989011
21423623
19792619
11279739
10883942
16973974
13373334
3507859
12261702
5774073
11143489
15208023
2673997
16871271
21391031
3201505
21988486
16970410
21410263
1686806
9629022
10873940
11042491
16966550
16969957
21426938
7609877
10871372
10902519
17382097
11143083
22189063
16997223
22472234
16982914
10231183
5788610
11042729
16967585
10242181
11387634
11047017
22218701
16963903
16974713
9791326
7082209
21408466
12999760
10880394
11107281
11396380
10365359
16968834
21419332
11399498
315646
21928938
10528086
21978893
22413827
21479998
16976326
16977858
16972838
11398408
10363856
22114891
11387543
21953370
21539629
16969790
16977614
22412417
21437893
10970362
11033718
21422266
11381367
10874993
11034245
16970586
11262649
5637357
16967514
21397795
11107760
22181957
5819699
10361483
10801473
22433673
22451010
10458654
11043601
21396160
11387162
21711806
10441742
22202078
16879812
21416949
11382868
21699382
10491670
10537230
16962265
16983678
21427161
11382798
21921246
10467318
11023569
16965823
21409535
5804958
11040168
21995247
16983414
16968855
4635598
5269125
16965981
22216834
22421846
11391234
11078581
16977070
16985145
10845263
11396418
10343667
5135780
11108326
21738166
22423101
22451786
11121826
22226231
11180490
10586847
22430634
21878129
22220704
16371579
11064978
22189550
5809927
10257433
14029409
22341234
22763482
11398666
11064680
16983298
16990707
10870282
15213086
21461226
17001570
14121675
13486239
21738858
22382868
11370966
4962320
16595096
18910949
4770826
901912
10395761
21966798
10424374
22213216
16975481
3142319
16609953
16646991
5711843
21768673
2441705
8204807
10831368
22343242
3392238
12907910
10823802
773115
1564191
9404670
10562152
22079916
5798970
11064098
15574477
21238716
820869
10484201
16187424
16887563
5397261
22187886
2923318
21908510
4808911
16597643
20266018
1368098
20425851
15628245
9316610
12658033
15109654
18607094
18758611
3313003
7984693
11087382
11357691
10280189
16720986
5755070
5788213
7678047
3276201
10363459
4946906
17367198
16631326
6798394
17877576
12684874
14250975
18414243
16968430
13496132
10866533
22324566
11390966
7336478
22182086
10796696
10886598
11032483
20342613
11210771
11017879
1423353
15465195
3466534
18398809
21345058
11177010
16829187
2558605
10990014
10665522
21983102
8180130
8717903
21981819
16966298
5792564
10863025
21841124
22433910
11174362
22005113
16999903
22000217
22470982
16998150
22379727
11386282
15116589
17478166
6425807
21916160
11219269
21507609
18529242
21819607
16994838
21945910
4737702
5622910
5706948
22140679
16630362
5775235
11063371
16970947
10810445
16970716
22434990
10873934
4798898
22106992
11023009
21992930
5789653
10859515
22445342
10392170
4851594
17237638
10425345
11082542
16969450
9916209
6974467
10865054
1234195
15643747
16970049
21407114
632475
21721906
10506078
21530794
11268993
10903405
22242686
22433762
10447530
22221370
1461693
15413501
12385488
4501630
10838210
16974701
16985927
10849169
16973192
16883978
16979082
11261218
5646903
21968394
16967285
21413701
11384222
6591112
22134846
11199910
21487212
10502386
10771803
16984873
16969810
21415762
11304518
21739958
17000150
21923650
1079932
21964948
10922954
11041546
16966342
16991479
10838667
16964366
16985006
10872224
22234965
11169677
22229910
5809778
21875651
10964212
21991030
22430974
10902244
22128371
16973102
16985016
21940130
10471537
21924865
22452982
464207
5737146
11162772
10589337
22409334
21487428
6903400
4387929
21495023
16976302
21413902
247425
10822835
22176338
5799974
10895445
10790032
16858658
22280280
11397062
21485638
10420581
10815600
17008430
21988634
16957049
21428420
11205016
22219937
17003128
22013114
22496658
22185179
16996354
21961650
11389268
11058098
16996846
21929041
10445054
10562079
22425318
21450082
11264838
10888882
11108878
16899260
21317619
11190970
22204446
16995126
22009416
16966286
16987322
5699923
21873625
16976834
16990629
21968298
11298391
11067067
16991258
21967487
16965934
16994022
21971600
16977864
11401165
10870983
22421428
10992296
22214838
22170834
11137686
21525805
16967405
21419843
14677029
22233546
16976014
22430874
21966562
22196742
10894946
22015271
11257154
5650234
21962458
16961915
21416051
11383777
10859810
22005340
22455702
21910020
11112166
22214667
16997805
21951906
10460084
22163371
5823170
10881109
10801280
16965054
21419225
3141752
7930859
22165533
5800449
10670203
11030011
5655886
11279456
4179328
16998154
18258409
3757297
16971882
21404965
11146206
22211463
11385282
10466162
11374231
10812518
16970750
21420387
11197318
22178906
5800066
10898806
10797409
22343261
11185086
21944198
5790034
10650147
11063392
16970699
21401081
5769469
21736950
21481550
16991350
21965686
16961190
22444002
1213858
9574269
5304408
5644913
16965440
5882127
11412502
11103570
22170526
10421206
10793353
5792457
10815186
16971722
21426652
5776694
16924162
11387575
21505612
10446474
10761081
16988337
21975454
16965206
21417195
11192262
22178666
5778894
21547514
16973762
21417950
11186190
22223033
11257067
10888680
11110595
16882302
21341620
22214402
11141002
21480134
5786911
10434731
21327778
5777935
11036447
16985338
17001855
21978980
22409473
21502359
5792125
5703618
21898619
22423824
5784490
11045950
16971404
21444553
5773838
21758974
22425606
16984359
21962828
16952458
21404063
11197013
22175922
5794263
10663085
11033296
16967082
21422701
11162206
22221462
16990014
4928927
22431542
10622290
11020425
10919297
22197364
21961497
22189457
11154453
21527613
16975815
21416180
22219108
11148358
21533672
16968674
21419777
11252758
10640435
5309082
5645517
16978102
21406725
11393722
21730512
16996712
21918374
10442441
22202976
22429050
10881730
21518578
16980834
21411770
5782593
21722798
16981322
21419282
5782702
21756118
22462456
16986122
21414501
11171759
22177871
5789318
10904446
10791349
22346786
11395437
11036702
22419542
21515758
16993670
21978889
16961498
22435543
21948175
11112516
5786105
10880067
15782030
22241306
11189330
11013699
16977670
21405319
11214804
22222821
5795535
21965211
16969642
22438410
10901515
22267918
16959150
16992142
10871912
16974272
16994785
10857445
16975622
16987776
21916901
10442573
21686953
22419346
22280538
21713448
11185711
10759984
10915204
22203266
22431848
10888070
11100126
16949535
16988762
21979702
16982992
21409389
11372733
21734191
16988600
21950346
11197222
10581721
16965564
16982610
10256829
5777354
11054734
22404641
21449630
5792854
21973050
10834818
22193442
11171234
21959712
5797106
10888988
10801778
16970611
21417876
5775014
21742205
16977325
21403994
11162806
22210770
16983359
16385570
11394923
11057805
16876009
5621841
16977198
21406604
11193913
22175173
5793102
10870579
10815081
16974239
21400018
11149461
22208830
16996298
21982266
5671998
11230193
11264102
10909012
22224902
16969410
11256911
5680798
10836348
16974902
16992899
10830555
11258135
5677528
16983098
10833057
16977112
21944974
21538321
16990934
21932889
10437877
10548517
16966647
17002854
21936028
16986534
16994593
21963977
22378742
22449171
21434243
10889285
21498050
21405048
11385562
21910704
10512490
21973550
16995270
21966855
11182210
10605612
22454518
10850730
5417565
16827341
22389587
11130063
10599147
16985101
21934369
21514562
16978262
16991222
21974294
16967569
21410035
11199070
22205480
16971284
22467854
16988382
16996194
21936274
21483138
11228983
21988063
16974190
10242535
11207242
10787478
16968780
16869454
11382566
21522308
16969778
21434548
11180490
22205232
11396206
21528474
16977218
21406246
5775702
21704511
16859810
5405910
16837181
5646525
11267712
22433717
10867862
11081248
16975914
22433990
10908657
22234362
16984334
16991574
10841583
16976535
17005053
10835552
16979691
16986729
21951481
16969742
21415758
11189489
22202091
11370582
21502954
21493134
5790837
10849405
10525949
16882355
16981141
10866791
22401556
11178547
10616294
16981147
21997670
22415122
21508435
16983676
21948558
16966977
16899914
5156985
16843714
16958958
21401380
11207194
22206717
16993062
21958898
11398158
10803255
16984699
21414280
5766094
21693234
16968710
21420740
11188470
22177466
11396515
10797495
22216837
16999209
21967608
22407282
11183121
22206134
5795079
10825649
10804715
16888529
16982129
10887961
16969343
5787490
10867117
21849259
11372010
10875358
11076781
16954932
22429466
10866555
22211066
22426890
11093914
5669978
10836812
21900973
11386500
21718440
16972406
5798556
10877167
22410205
21454371
16979339
21958750
16966894
16987516
21939950
5799978
10373721
21428674
5775718
21725982
21412128
11176718
22190468
16967259
16987494
21963307
22355846
21751676
11271086
21939610
11119590
22208719
17005235
21948047
10431290
22172463
5795042
10879228
10796273
16963208
21431749
11186022
11017349
11216705
11253687
22300050
10881774
21521908
21469118
11400399
21910282
5798662
10885179
10830975
16960121
21433390
11388556
21915822
10917914
27060157
21440274
11038031
21984272
5793134
10843381
21849338
11383510
10859794
11087344
16966514
17005738
5155914
22296148
5820762
21400654
10845965
21991510
22448649
10894458
11102268
16972218
22431601
10882259
11108670
16972233
21408989
22223222
5736106
11152146
4843212
5646216
16838621
22295231
11396209
21533514
5822138
10358407
10878562
17000046
21938227
21499042
11127057
22226207
16994326
21949673
16975571
16987446
21982490
22421070
21447071
5786055
10925106
10782890
22467927
6140247
10722540
21427821
5767821
4898242
22318060
11370765
11063765
22367286
21794517
16990146
21931770
21513294
11024578
10551175
17011706
21946558
16893034
21342966
22229310
5711687
11174669
4821429
5649664
16973534
21426603
11174794
22217334
16982510
21945156
10452095
22208477
16998470
21980035
16964814
16981468
21969090
16983358
16998104
10861016
16971658
16970582
10873509
16969154
16987058
10869088
22435596
5156562
10850822
22223902
5664679
11228911
22442430
10890118
11092383
22401859
21499738
16983322
21968364
16968634
17010222
5742278
21894134
22415148
22339770
5713183
11163947
10540463
22481750
16969398
16983510
10849956
16973248
22443146
10911134
22215438
10417351
11054164
22444178
16985190
16992350
10860821
16980234
16986910
27502580
5816634
10355960
10561460
16965037
16993368
10865634
16973270
11256778
22293027
10885974
4717142
22288261
10423491
22214882
16989956
21952830
16969009
22433394
10924554
11019921
22436254
17005907
21965094
21499095
16849650
10467744
11036880
16963061
21421599
11199858
22208883
16989134
21978826
16959551
16991232
21933050
10448805
10556371
16979246
21367351
11149774
22211632
22448808
21970037
10447556
21963166
17010758
21958102
22462979
11394694
10359772
16992818
16879158
11390082
21514677
16965595
21418292
11154596
22173436
5796886
5730925
10793125
21732953
21514238
16981358
16995909
16882209
5662591
22162351
11168610
21965803
16992555
21941626
5828106
10364649
21928450
11337021
5806676
10798452
21534113
16997530
16976140
22441093
10895429
22193520
5809068
10349730
16983454
10877751
16990178
16980865
10887492
16987342
16995437
10855807
16854698
21491684
22413572
11211755
22211022
16991854
21969110
11182298
21694276
22390223
21946646
10436901
21973858
16997778
21940399
11386514
5069740
5655278
16980182
21428277
11173288
22203723
17006190
21973057
16975997
16992531
21494567
16999458
21964774
16964092
16984682
21971696
16985440
16997666
10866221
22396300
5776969
11083108
5638921
22444742
10668942
5418078
22280084
5812777
10337480
5178811
16830079
16961127
16982104
10859985
16978492
16985782
10864551
5668970
11251474
5794966
10847172
22419649
21476966
22430274
21927586
11162409
10799203
10889502
22168167
5798939
10831785
21966510
16976275
5792326
10852171
22413514
21482514
22436690
10853334
21520714
21375482
11386040
10894491
11020057
16960266
22440578
10887930
11112951
16983332
21418928
11190047
22207366
16985835
5157344
16835999
16971288
11254017
5662297
21977042
16984554
21386319
11391989
21944629
10913366
21493110
10431032
22164683
10417925
10782520
22431373
10923170
5704670
22172287
11390299
10373853
22435910
10883534
11076247
16965358
21429575
5775744
21732970
21394527
11159330
22219670
16961238
16985499
21976556
16976259
21421821
11205506
22169562
5799267
10879634
10800782
16971070
21422406
5772583
21738906
10271849
5790522
11066635
10833400
16876597
17001254
21943378
21505365
22360225
11385957
27100597
21449645
11028533
21962810
16983254
10850614
16876254
22477977
10930134
11052583
16976053
21411570
5782178
21732690
16969291
21422681
5772924
21736427
21409348
11381494
10876950
11048877
16957922
16978018
16971722
21414789
22451201
10648967
11096351
16968637
16978086
21949839
16972105
21422080
11213379
22212515
11254498
10892542
11099086
16894751
21388430
21736910
16982787
21957918
16967318
22427150
10885418
11037030
16967886
10258482
11202282
10689685
22442434
10872626
11108719
16966352
21411391
11162650
22206843
16988225
21992098
16985589
16986202
16970443
16986010
10844217
22414330
22252558
10662145
22225344
16970675
5786102
10856655
21845910
11365678
10875631
11065690
16896406
5797494
10844415
21872231
5660282
11123206
21979594
5663045
22308488
11380431
21463390
5818037
10348314
10817656
16994058
10827960
16979572
16998537
21976581
5659986
11235179
21397674
11194551
22207092
16988401
21920322
10444677
22228058
22425694
21447883
5791391
10908519
10792933
22412758
21462513
5802226
21518636
21402426
11388619
10930523
11004289
22404222
11401418
22160495
17012752
21962494
22468914
11391991
10368760
16994654
16878986
5671038
5667582
21534547
16960814
21422396
11180395
22171178
5803594
10910014
10774209
16983465
21411850
5771110
21743710
22366754
10579497
22201557
16990014
21987861
16970324
16990477
21979966
16964633
16995531
10868173
22454450
22427102
11186519
10618462
5795054
10830496
21851911
11383313
21716726
16970981
16989917
10862012
16969619
16988466
10852417
16977098
16902974
21985462
5664652
11203896
21404042
11194763
22216242
16988586
21976810
16979038
16995262
21946822
21497430
11192182
10563573
17001766
5713066
21893135
22391894
22451562
10882946
21517613
16974210
21433771
11171526
22224382
17004762
21979314
22408049
11180350
10576235
22431900
21490354
10436674
10829335
16967410
22417706
21495410
16975754
21971127
22386774
22369410
5713906
11174007
21669164
22444787
11390199
10662770
21972646
11400224
11055934
16984168
5788148
10862378
21831341
11384804
10865065
11081689
22390786
16893916
21947234
16988766
22483543
22443225
10874065
11059169
16982074
21407729
11191654
22212986
16995730
21969221
16963673
16985798
21988382
16969054
21411748
11153276
22179898
5794622
10873980
10832276
16982422
21398228
11188281
11011708
21957064
11115570
21505966
22453434
22408122
21463455
22434426
10407302
21564312
16972398
21418655
22218486
5702970
11162423
4844567
5676377
16982031
21419934
5757642
21761985
22472486
16981161
21442134
11168235
22194093
16993831
22012586
16964940
17000382
21985246
22449466
16984651
16989834
10848107
16978933
16987114
10844722
16976546
16995626
10851152
22363458
5795404
10831873
5663162
22286641
22476538
21482986
5809538
21417238
10900066
11046569
16959692
16988086
21966298
16969130
21409645
5761842
5703991
21614028
4934650
5791098
10837204
10785395
16986106
16992342
21964802
22416162
21452242
5787638
10918606
10795630
21415708
11374760
10909344
11002291
16979238
22446841
27529778
11125807
22231942
16970154
16984843
21960209
16973649
21428453
22466376
22233238
10912962
16884017
11383170
21528464
16985082
21411986
11156230
22204708
17008580
21935658
21521799
16967477
22409142
11380874
10936699
10163845
22224885
16971950
16969665
10907666
11114051
16965842
21409001
11386817
10863050
11049453
16967334
16970325
21418607
5761036
21715446
21508075
16964355
16968579
16991207
21975178
11257294
5664762
21409702
11380513
10853852
21987323
22425658
11404481
11035338
22220491
16986223
21403530
5755294
21708967
16969178
21416911
11379633
10873138
11079055
16978258
22428306
11383722
5330909
5653132
22407777
21496594
16969251
16968541
22407945
11387306
11069967
16979237
21401033
11403298
10897822
11038751
16972704
22430621
21512476
16968618
16966470
16973978
16988006
21925556
21542918
16918890
16984986
10743759
11237398
16965646
21437502
11204561
22179606
5813015
10379392
21965310
10444622
10791971
16964067
22418950
21521866
16965510
16978307
16985586
10730783
22282629
5724094
10369719
21980142
16965697
16974389
22442886
21950838
11126482
22212252
10424826
22209515
16975222
16979870
16978650
16968996
16974505
21421130
11379386
21705578
22406074
5691422
10989275
21420517
11164851
22158289
5722490
10397882
21967456
5259827
5642503
10571037
22417070
21462293
16968798
16983065
21933606
10425271
22205170
22423018
11390586
11064964
16973736
16870696
21313329
11283882
10873734
11081481
16967638
22401887
21486801
16979750
16981795
16976894
16993854
21981714
16975202
21408591
11383577
10853998
21982869
22409256
22448810
21490524
21968373
10454050
21971394
16953927
16972358
11397544
10838687
22196984
5807568
10341327
10815458
16972626
22410398
21499614
22453046
10459122
21982358
16968157
16968234
22431222
10885479
10955394
16991586
21393884
22208321
11140198
21534762
16975098
21427436
22209618
22207658
10852358
22227690
16963039
16970312
16996404
21975525
22407998
22370915
11197486
21477095
5792811
10825214
22218703
16967610
22389794
22416746
22349734
10678752
21531218
16963018
21431447
5780135
21715738
5814394
10387513
10528092
16964197
22423531
21517643
22426728
11388583
16883014
22411679
10452698
11037628
16966969
22415278
21497582
16977062
16973994
16966012
16969985
16973672
21408865
11381547
10857310
5491864
22443750
21484818
5802538
5088864
10833617
22227949
22413314
11386850
11063535
16967966
21410044
11191354
22217250
22399934
16980810
16968602
16985414
22415248
21516996
16965210
16970373
22413504
11384274
11072727
22440094
10278893
11132859
10943764
16985409
16967877
21423159
22218786
11145126
21520988
16963598
21425959
11395978
10874706
11046970
16977866
16954085
21439116
11384806
10876436
11032540
11273354
5653849
22406905
21496982
16969812
16971121
16971350
16980382
11253834
5633156
21399597
11151931
5386464
16849494
16969816
16965820
21425896
11385073
21711386
16964414
16968330
21443378
11382168
10906740
11006537
16958533
11249058
5642265
21421568
11161578
10816360
16959751
16965783
16967345
21423630
11192358
22222810
16973206
16970258
21422824
11166648
22209270
16979114
16967473
21451395
11215370
22226574
16965474
16978015
21418817
11376790
5816250
10372787
5709760
21882769
22402886
22400302
22010294
16969802
22401627
22431762
10438274
11067020
16962461
16972872
21414933
11395170
10874194
11077202
22385555
16878110
16948703
16970122
21425384
11375609
21694697
10438331
11027356
11272703
5673385
16991318
21415256
11387782
10851519
11033369
22407115
11352914
11051152
16971120
21419682
11384040
10873058
11065698
22412650
11388262
11070503
16967750
16974830
21445245
5767797
21720661
22345246
11383948
11043447
16972215
21423812
5775566
21756670
22467562
16974934
21431514
11375505
10861070
11049497
16960982
22400390
16896050
16950689
21390124
11381078
21683878
5814533
10357998
21991475
22407396
21471030
22401347
11415350
21481577
10446613
10571086
22386044
11126799
21734490
16960923
16982114
21427489
11176246
11989367
21276322
5816385
10669050
5328136
16881943
22410938
11302586
11052698
16963725
16966814
22417526
21522366
16967861
16971962
16965013
16973257
21427730
11396670
10864366
11034433
22359943
16911636
21711109
21498449
16975414
16967202
16966923
16967315
16974980
21409430
11379096
21935042
22110696
11104642
21505662
10425463
11095437
16969478
21395603
5780098
21731586
16960705
21426490
11172558
22208638
16869566
16966238
16995550
11300115
22434755
10441055
21996862
16963874
16996096
16994706
10849154
16988558
16993732
21946731
16979131
17000203
16891030
5673405
22282004
10865909
21975020
10413863
11031028
16954379
16971826
21419414
11162428
10479674
11036338
16879242
16989026
21417432
11382593
21923926
10447935
21973210
16967662
21413714
11195528
22209642
22425570
11384337
21401358
27081174
10970492
22181036
5807312
21442252
11141038
11042358
16964129
16962490
22408358
21436839
5787356
10905302
10804073
16966132
21428437
11167347
16582384
21974601
11164910
21529155
21396962
11375255
10939794
11031210
16962674
16990481
21973722
22366619
22470434
21505744
5828402
21454151
16971623
16958807
22429798
21522340
22427594
11376077
21519106
16971350
4632393
11387562
11060295
22237829
16968396
21409921
11379310
21915386
10509054
11008842
16965058
21422543
22221329
11162850
21531059
16972057
21416119
5806316
11035731
22021262
16986705
21929228
21483990
22179174
11165511
15928223
5679920
16963138
21411023
11141987
10591353
16981992
21956835
16964821
21431594
5775085
21739378
16965307
21421998
11173490
22218037
16967698
16970664
5682550
22270435
10884510
11103221
22400054
16975087
16985690
21965114
16964394
16972623
21400017
11379406
21667246
10428279
10543865
16974806
21368400
11183398
10776568
11393434
10844843
16970323
21400989
11389430
21921562
10501440
11032661
16972903
21410110
11200358
22206681
16972332
16977656
16993838
21969166
16966583
16966586
21406188
11392014
10873850
11040654
16963497
21236638
21686458
11307710
21472642
10414822
10969781
22413466
21476971
16952615
22414586
11388378
11059371
22408108
22439762
10429068
11069969
22420845
22466105
11144762
5324316
5686460
16964766
21410765
11386909
10877794
11079071
22406458
22471930
4749367
22348451
16975794
16989466
10844957
16970917
22436374
21930978
11147706
21521972
16958497
16970190
22443106
10926066
11023338
16969967
21420132
11376913
5714427
21654852
16962590
16877401
16966438
16969888
21427992
11197722
22205654
22407658
11380855
21522037
16967842
21421188
11384914
16103298
10433250
10804869
10983874
10805678
16967418
21388128
11402702
21918888
10443802
5324339
21707035
16960980
16973842
16997083
21979366
22405150
21444151
5790477
10908377
10797907
22411861
21487747
22402603
11382878
21526758
16973146
21414384
5663396
22165560
10962432
21386473
21488440
11403266
11071367
22169663
5795083
21948302
21899982
22218926
21512326
11071821
22220778
16981125
11397766
10764053
22227362
16968807
21420279
5771870
21719198
5808571
10349942
4601179
22347220
11386648
10883010
11036234
16962790
16968634
16970378
21417925
11386039
10860841
11050784
16956923
16973998
21441215
5767930
21692562
5797685
10396560
21347174
22436690
10564464
11046751
22469606
16883397
16967587
22419646
21513782
22448661
10874579
21492472
21455377
11122226
11063347
22407698
21495058
5671082
10950544
21914673
16975458
21414354
11383045
21730541
22417798
16976351
11252191
22319635
11401138
21538678
16974482
21415664
11383700
10864531
11053919
16964203
5799430
10843278
21862347
11373996
21678854
5809681
10369376
16980693
21400827
5706214
21671927
16964429
16874578
16966302
16965336
16948174
21435938
11386134
21730780
16964014
16969982
21415194
11383369
10855610
11038893
11246122
5637903
16865734
21362267
11384842
21722415
11251812
5667554
22418538
21514442
16963897
22470642
16967874
16986543
16979314
21962463
16958293
21422013
5765002
21688109
21758494
16982597
22405726
11376694
11109659
22434722
21503406
11126963
22225686
16888577
21420839
11382442
10874525
22124037
16967118
16975062
16963134
16971438
16964986
21408445
5778886
21704870
5715094
10333916
21357073
11162754
10803207
16958542
4625467
11382158
11088353
16972041
21394519
11380166
10873166
22146312
22437630
10868371
21512186
10410288
10876901
16955926
16973452
21419651
5766366
21717031
16979318
21417694
11390130
10882702
11021985
16960831
22428735
21507312
22403022
11387318
11042567
22229506
16973898
21405778
11358472
21911738
10449802
11035014
22408984
21480194
16964377
16985414
22372986
22351330
10932186
15921730
21929682
16960482
16973868
16996458
21958946
16981098
22413458
21490753
22411000
11389118
10680622
11029555
16959677
21418569
11388698
10862953
11058186
16970066
16980510
21418022
11383702
10897791
11018534
22361146
11385974
15907739
11388866
11082647
16969194
21395612
11386570
10860054
11077266
22403286
5786554
11063361
21422827
11373208
21931052
10491520
11045011
22384881
22340158
16936838
21713230
10876526
22190523
10437767
22209688
16969173
16971801
16996522
16968421
21436939
5771479
21687146
10424202
10818848
22408678
21468094
22405906
11393749
10713801
11077928
16971998
16979230
4641096
11384314
10557355
22096321
11306174
21692322
10473714
22202386
16967659
22409982
11384786
11059220
22410578
22429677
11103320
22232041
16878886
16973116
4636399
11386738
11046491
22413435
21483666
16962391
16964624
16998086
16374297
21464532
22432609
10403637
21963953
22411778
11393651
21544058
16955573
21419163
11392506
10878006
11036008
16964374
17000555
16999602
10837318
16975598
22373571
16968787
5702790
10790694
16982930
16973526
21408876
11382349
10859246
11035648
16963449
16968066
16970985
21403852
11190802
22173650
21509014
11148898
5710134
21928668
16977574
17001818
16991208
21969397
16965913
21412968
11197418
22198183
11391770
21516402
16971390
21425952
11383973
10864650
11076693
16959095
16985743
21425155
22438538
21696810
4132186
21405876
21698830
11297974
11380978
10807523
11245342
5642474
22407046
22439062
11102462
22229523
16976974
16972722
21407255
11385171
10879445
5469153
22441362
21468473
5656713
5623444
10808241
16600310
11407631
11037480
16980966
22425846
21477684
16957498
22414305
11390374
21480186
21965343
16990450
21931461
21490989
11141438
21509954
22410066
21510771
16956607
16967509
16994127
21969763
22419694
22391147
22260781
16874939
16973038
22407454
11391696
11060260
22204046
16966591
16992262
5798959
10875487
22405346
21481846
5660149
10887394
16864133
21463253
11376950
10868586
11077607
22416136
11395030
11086434
16967188
21413011
22208822
11131738
21538590
16966410
21422878
11386925
10856874
11063372
16970387
16976269
21438412
5757534
21730633
16991583
21388503
11385022
10864697
5316242
21434573
5801842
10790694
10729694
16973830
21412229
11376669
21719294
16968807
16990858
16994921
21971358
16972885
15822068
11383298
21932678
5354074
10421204
16608738
11410934
11037178
16962598
16974290
21423538
11378231
10870462
11036926
16961086
16977141
21429029
5776526
21734902
16964554
21419444
22434335
10670355
21536238
16972027
21437083
11181497
22218495
16975525
16971790
16993150
11300539
22430948
15921670
11075440
22229376
16979770
21964794
16979514
22407008
21479710
16962878
22425554
16973561
22436563
10780325
11087742
16882670
16987381
21969982
22409929
21480142
5782738
21941139
15889701
10891996
10615943
22402834
21428700
11393539
10802333
16967846
16971482
21433514
11376674
10865486
11032998
16969327
16990879
21976377
22465350
16973090
15831410
11386043
10872094
11025200
22341250
11198364
10578146
16953534
16977566
21444410
11387252
10883210
11028770
16979670
16917266
21426775
11386901
21720346
22386618
16876434
16968204
21962821
16980586
22407101
21479451
16966035
16969347
22469302
16990309
22416217
10879845
22223154
16973989
22442612
21469274
11382609
11050307
16984517
16969467
12915411
15176285
16983318
11263502
5646517
10820585
16958636
11253443
10852253
22403508
11389442
11051816
16981986
21900452
5817534
10429170
21625926
5796863
21898438
22181389
10935951
11037622
16881255
22460286
21949626
11115901
22221670
16992050
21948166
10452565
22209075
16987054
21967402
22412226
11171199
10581145
22421719
11387545
11070147
22186286
5815447
10350056
21401544
22222418
11103033
21544048
16968945
21416157
11060865
22220690
16992420
5703769
11384739
10595550
16969152
21414881
11384591
21732350
16977643
21955720
16965732
22442960
10887654
11099327
16976686
16888720
5667666
11221585
16987339
10848207
16974714
16979723
10851447
16982582
16997185
10851728
16975738
22430588
10857466
11054843
16946126
21416932
11390182
21727258
16982712
21956532
22413846
22234127
11135016
11037938
16945044
21450122
11163722
11028106
21932462
11109243
5694577
21416036
16969833
16980629
21962150
5642890
11250357
21428858
5771829
21742602
16965531
21429899
22219283
11169490
5704334
21442938
22380577
11395992
21548112
16965055
21421236
11161094
22208158
16989550
21966014
16972031
17016805
21943983
10435534
10547357
16967706
21377134
5770838
21736738
16969026
21416791
11157998
22206602
16996046
21966294
22387545
16987307
5160269
22302466
11387491
21522262
16963030
11257414
5687284
10837512
22421990
5772522
11082315
21384643
11383945
21921635
10429529
21976711
16983837
21989224
16960654
16994443
10859274
22407309
11169974
10604937
16977070
10742093
16958451
16990218
10849176
16968128
21972301
16982282
21393614
11200753
22182955
11383410
21514550
16967530
21437079
11185305
22188781
5698574
10893470
10814838
16824998
22291568
11383370
21509334
10357088
10741204
22429046
10847226
22229121
16989190
16989230
21956839
16979782
21408845
22223698
22212374
10483470
21977834
16986372
21967630
16967830
16984131
21927231
5811249
10351544
21396848
11172610
22198576
22428824
10890686
21490266
10426450
22219954
16971604
21425433
11198229
22194828
16984797
21963092
11386413
10366281
16981358
5675834
11384178
11090436
16846365
22315176
11396306
21530290
22408677
11164114
10607404
16983640
10831612
16981301
16983571
10851017
22403086
16919254
21913618
21517714
16973493
16986575
21917156
10501850
11035115
16965412
16984680
10889361
16965304
22435086
10901702
22224753
22406216
11171029
10620684
16981530
21976695
22404494
21487654
16988706
21960890
22391862
16980406
5148346
22287969
5755282
10890121
10860447
16967767
21417565
11167890
22215698
5783155
21998790
16975594
21414190
5767798
21731546
22346382
16898938
21722830
5806568
21439399
10648971
11105159
16970394
21412448
22428822
10628102
21530970
16971819
21419005
11390314
21933994
10951632
21521328
22424646
21506184
16998302
21989142
16973762
16984295
21975934
22339322
11170918
21951026
5799554
5731887
10804933
21724424
10452394
11033731
22392294
21478162
16996730
21963895
22420484
11181142
10579693
16981448
16871167
5671852
5627107
21540556
16978918
5763588
21735086
16966130
21446426
11162066
22211354
16993074
21998383
16965258
16997758
21980334
16969770
16985574
10861988
16976877
17002377
10846559
22412827
11180715
10603725
16984124
10829938
22437249
10385067
16612263
21974291
22417370
5781174
11077499
22436598
11178066
10604723
16984114
21968133
16967334
21422779
11186982
22190857
17008606
16878030
11366210
21561674
16971650
21412933
11190963
22195358
16989451
21985086
22429046
11179290
10607778
16999158
21945910
10419595
22205278
16965794
21439368
11195527
22183218
5792266
10666846
11052998
16968066
21427711
11074570
22208342
22455922
10498322
11024824
22404702
21455144
5790995
10885410
10798798
22414556
21490742
16994650
21975438
16965295
16988703
5701720
21840012
10581266
22217282
16987827
21965682
22411526
22436324
10425462
11072140
16969694
16996054
10869273
16975722
16981299
10870375
16976191
16985770
10863990
16968042
5790023
10863838
16969643
21394662
5776330
11050190
16977432
16986517
21952666
22298498
22241494
5697785
11157487
10580460
16964090
21403952
11393734
21973599
11385818
10825913
22204520
16993814
21970893
16967874
22426653
21925018
11047170
22095965
10583512
22222476
16967291
16998742
10864330
16972682
16988310
10855924
16965280
16962861
21422534
11376506
10863729
11078460
16967090
22444504
10880999
22192982
21454954
11136842
11031803
16974935
16986799
21946093
22311294
11199174
22004198
16995358
21969681
16977018
16975838
16971414
22223960
22178284
21475842
10900898
21517734
22336502
11119333
21961577
16988629
21969698
16974524
16985953
21975554
22463020
16972814
16992042
10853459
16973602
22409664
21477310
16961473
16966766
22418230
22241946
10632479
22230192
16952967
11259498
5661505
16879273
21328606
11169238
22233880
16988168
21965101
16979543
22494244
16989274
21918703
21492046
16974486
22434891
10874158
11099446
5657746
11230850
21413964
11159198
10793986
16988404
21965296
16963046
21411513
5763708
21746370
16980570
21392507
11154585
22219618
17006025
21975441
16967626
16981850
21926398
10436917
22166500
5792933
21873079
22268566
21978354
10483630
10933872
16982386
21952618
22440114
10392773
22193035
21452648
11096963
22217864
16963954
16977307
22429973
21931802
21500079
5169090
22278092
5723957
10396683
21682741
10418358
10789555
22428434
10866762
11101005
16979883
21398390
22215117
11134534
21576570
16965583
21435988
11166238
22213714
16970134
16972826
16991769
21933411
10427064
10726785
17008992
21965174
16973239
22383642
16990521
5156454
22344665
22428418
10865442
11060619
16964962
16985522
10869928
16967127
22441434
10879550
22237099
16973130
16997862
5703108
21896093
22391051
16984514
21985178
16970729
16991382
21944502
21509181
16974938
16982463
21910294
21502542
11125659
11112056
16968231
16982522
10838530
16970424
16987486
10866223
22408390
11331794
21982341
16990077
21981408
11391934
10366954
22443910
21892814
22280826
10844874
21376330
11353159
10856348
11030211
16970657
11401090
10847211
16960351
16975621
21418071
11084258
22159423
21984182
21713434
10903396
11036528
16967007
16991777
21934106
10476446
10776088
16991750
21956386
22393722
21444656
5784639
10904514
10782250
16971434
21424935
11380815
21700626
11335083
22001302
17023584
21984620
22420430
11383494
11062871
16982767
16883370
11384673
21524517
16972990
21440744
5769984
21737631
16970226
21403015
11157034
22213929
16981699
21944364
11388946
10274115
17012206
21955302
16965033
16989746
10864026
16975774
16995941
10849515
16983728
16965393
10876698
16959616
22435747
21963123
22225041
16969088
16997363
16358992
11398746
11067806
22406880
21484195
22434162
10869987
5693980
21471146
22414036
11292412
21992986
16983249
21966968
16965802
16991938
21973006
22406760
5769863
11064177
21401776
11394226
10854142
11091485
11386166
10290267
21990844
11151580
22213798
5787662
21753129
16983734
21987502
16983030
22431996
10887863
22188524
10415542
10580791
16958293
22427834
10896941
22224053
11394357
10368858
17002288
10804623
16961677
17010247
10817605
16970880
16984141
5121595
21922626
16975135
16901256
21962361
16973346
16986778
21979327
16967729
21408608
11197130
22169657
5794395
10666918
11014979
16978910
21441716
5783230
5686190
21637951
10706882
22172054
5791427
10670090
11019599
16969294
21420241
11154341
5394766
10932738
10777642
16995916
22003226
16974031
21416237
21721662
16966056
5735642
11386803
10650133
16957199
21431361
11168693
22200956
16996384
21990074
11386702
10354939
22458334
10884955
11086637
16970926
21410848
11382034
10859747
21949067
5793942
10642138
11095623
16963787
21435210
11169504
22199326
16992334
21959002
11390994
11060621
22156060
5792345
10651546
11044054
16982122
21397639
11188830
22210086
16989551
21973275
16970302
22429113
10880742
11096468
16882646
21531293
16967175
16979222
21906605
21492534
6829070
15383399
21492598
5656742
11227798
17000362
21940927
5763896
10337207
21628227
11383757
10889155
11032853
16975833
16986442
10872400
16973234
16988321
10865207
16961774
17001986
21923645
5663140
10412092
11014606
10877618
22139350
5785242
10830034
21986473
16968318
5780985
10876006
21853295
11382557
10864341
11080139
16969766
17017634
21965050
16964520
10242019
22204486
11154047
11041783
16976208
21416512
11193410
22214300
17024634
21977957
16964438
16866470
22407537
11092109
10597630
17001018
21971642
16971157
21405706
11191794
22171688
5813382
10358549
16966762
21418727
5771705
21739510
5659951
11233086
21401544
11202206
22222610
16987274
21959189
11390550
10817946
16971109
21426570
11193574
22211976
16982782
21977466
16884736
16988494
21971267
16970710
16992209
10863041
16971808
22433614
10902125
22198302
10412090
22216846
16896922
21966089
5657988
11223881
16987538
21969315
16970614
21415777
11197242
22207198
16999930
21970886
22409766
11058877
22415844
21439632
16864624
16959477
16988354
21972894
16966362
16988569
10858259
16967623
16982376
10867913
16973506
5790775
10887238
21809143
5655804
11102929
21945270
10439962
22212859
16979732
10860659
16968709
16989061
10855745
16961802
16984646
21964570
4623506
11378310
11103624
22450494
10898794
22189448
5808957
10342779
16984969
27503861
5805759
10355990
10793159
5658723
11228866
17000972
21969350
16966798
21421614
11117758
22234058
11395080
21932821
22427350
5701562
11179402
10560282
16989127
21387297
5442194
10840529
22208712
16986840
16361924
5809833
10371173
16973457
10247871
5770350
11050173
16973246
21394043
11380342
10854258
22002770
16990990
21984177
16968258
22450358
10880506
11113450
16884189
21352625
22431090
10634964
21533630
16952761
21427010
22216472
11114562
21555502
22390066
11393962
10867224
16892466
5133838
22283519
5816675
10403933
21952357
10312436
10711705
16979151
16358155
5632492
16965134
21421475
5782113
16141550
5691811
16987866
21387669
5778469
16101134
22290934
5813323
10905526
5067247
5655577
16989758
21402047
5762842
21741482
21398345
11374927
21928209
10364538
21975627
16985350
5702982
21858850
10975134
21983565
16985659
21939562
10463306
10534447
16881627
16987461
10878011
16879426
16986903
21931794
5656107
10413242
11006424
5785534
10853489
10532332
16968810
16977923
5125803
21891798
22018146
10887926
11039547
16968322
16907627
16969009
22449459
11085678
5657966
11215727
21444003
11170390
11006706
10891748
22210515
16982994
21974062
16964794
5784663
10870726
22424929
21380673
16978254
5124502
22296915
22433117
10488478
21975966
17012362
21977597
16977677
22312497
11380722
4683565
16838823
22413566
21511911
22448854
10907058
21518566
16980390
10231779
11399430
11024473
16987482
16874301
22414982
11146359
22016610
17009114
21932510
10453306
11005446
10923814
22159002
5800683
5070776
10620908
22219082
16975349
16985634
10860971
22384707
22230029
10631589
22223130
16969609
16860802
16986313
16990542
10841030
16966950
16987454
21914941
10513080
4811068
16838803
16970014
11250997
5653390
21961206
21514602
5794386
10833733
5075819
21945825
16974222
16986712
5133141
22275996
5805426
10666905
5324921
5679513
16891674
21368406
11196632
22191210
5795686
21982067
16970032
21430465
11205522
22207394
16896098
21983071
16985822
22432546
10864393
11030529
16981044
21396286
11191882
22205947
11234167
11390568
11054216
16988194
16986386
10911940
16978530
5793413
10856498
21859074
5651338
11121418
22231909
5658918
11224347
16981494
10844340
5660770
11229952
11267872
5639298
10844800
16955053
22432252
5142742
22278959
10513391
11037074
15786951
22215635
11157094
11029898
16979848
17021418
21974178
16979001
10247644
11387690
11093332
16960839
22335039
22219930
10897198
21515492
16961694
21411440
11156591
11006355
10893431
22218422
11275253
10892210
11107257
21489254
11394242
21528878
22466426
22396870
16986907
5152104
16840103
22449178
15893767
11145674
5305716
16836638
16948294
16972716
16880608
16970398
4635938
11379925
10978935
22466634
16974316
21420772
22258457
11390110
10832792
16962133
16876897
21404165
11372666
5712062
10797466
21770785
16986063
16966278
16995798
21971912
16967505
15827814
11377938
10863223
11088001
22366004
11402498
11035284
22462114
16963739
16956420
22435216
21953102
11156197
21525706
22390607
16982311
5669794
22295300
5701318
11158386
10548263
22423530
21513054
5803280
10345442
22412526
16891586
16969416
16969221
16966221
16990830
21395835
11180278
16608309
21450194
5797639
10756789
22292207
10505546
11024743
16974598
16978197
21445961
11385012
21719466
22385716
16969814
5670363
11227976
21931114
21506409
22420806
22447180
10446058
11053542
11240609
22278461
11394970
11052287
22384586
16975184
5671500
11231273
10753618
11228792
16974507
16977230
21404116
11263642
21716542
11241142
16830469
22408835
11393648
22160592
16975278
16976522
16991354
5673030
11234105
21958454
11239171
16828533
16990366
21977518
22428738
21490954
5797283
10909530
10798074
22313399
21482962
16874756
16963785
16992498
21988254
16979757
16973450
21409810
11380338
11292315
11367842
10886675
11258074
5630852
22427510
21486495
22187799
11197659
10861891
16897049
21353650
11290320
10845284
11111887
11249490
5637660
16977162
21431291
11386614
10882716
11023839
22404405
21521981
5800944
10364127
16997350
10733508
16982822
16985594
21968474
16980157
21399682
11207507
22222466
5798574
10342462
21615053
5652483
5647048
21919788
11071054
22241482
16966314
16974126
21929425
21496066
11114391
11081573
16885580
22434874
21504678
11391392
10261545
22243145
16968239
21413904
5435450
10851411
22240590
16878606
16971774
16997430
21926850
10441106
10802382
16973942
16987006
21425085
5805258
11059809
22000963
22448162
10409006
22215950
16971511
16990974
22441579
10886678
10930971
16982686
21392319
5651646
11115839
21966044
5814651
10372764
21984237
16969040
21426066
5772372
10534566
11249326
16977855
21404594
11188490
22222962
16892998
21423194
5805130
11080676
21987515
16987990
11299474
11392116
10869239
11248079
5643498
16963734
21411572
11389296
10879418
11067670
22413954
11161354
10605714
5674247
11227769
10878199
16972787
5697019
11210054
10847582
22470722
16974013
17003866
10860778
16987170
11406318
10846378
5680842
11219487
21945654
21506338
11393998
10843939
22212194
16974166
16965732
16975911
21408608
11166510
22209326
16981918
16886150
22446653
10803306
22152177
5797762
10417886
21828029
22218014
22093238
21503330
11298392
11143952
10794074
16975102
21411481
11142419
22190766
16969702
11241334
22287052
11399332
4690268
16863224
21399422
11385574
10878658
11047290
16976489
16964014
16970209
21421808
11171584
10780600
16972354
22343110
22210874
10634541
21532834
21402041
11394547
21639434
21507902
16888029
16976282
22407082
22459382
21528710
11125031
22230659
16894786
16967206
21412138
11194088
10775209
16957763
16971982
21418406
11391550
10880814
11065324
22431602
11399758
11051548
16879586
21324694
11398661
10859070
11065538
16975534
16988978
16980830
21388292
5693858
21735433
21397032
11292416
10882778
11028239
16972766
16982797
16996326
21379584
11388034
10860006
5319839
5654682
22407568
11296630
10994678
11265962
5654598
21425318
22253314
22234782
16978678
16975094
16889054
21411976
11382934
5708626
21847390
21769201
10429921
21984270
16968586
16961634
16995078
11299067
22435190
10870569
5700397
11387571
10601390
21405736
5774234
21737226
22408310
21489944
22429114
10883300
21527702
22346922
11379182
11060166
16961918
16964090
16962537
10840165
16987039
5672830
11229208
10839652
22437710
22374263
5746456
10593478
16100666
5801462
10818188
5681922
11408710
11082391
22417898
21519526
5801970
10360494
17001780
10716535
22415496
11390274
11060621
16966718
16994174
21401406
11392479
5795406
10698851
27094761
5807906
10223585
22281869
10937494
21510633
16967207
16991198
22451846
10893186
10967887
16968778
21428761
5645227
11102366
22002070
16984619
21982924
22429398
21463197
5799460
21845074
10866574
22197449
11388672
10366782
22224094
21462350
11292110
21710582
10470414
22211978
22366750
11383934
4688781
16864211
16979095
16972791
21441379
5780926
27283262
21409707
5710347
10801161
21738594
5655892
11225780
21414402
11199162
22224086
22416542
11396677
22120190
22204407
10423973
11080986
16876542
16976194
21421787
11392286
10873354
11078940
16958134
16963070
21421572
5436385
10845102
5423530
16857207
5669297
11218082
22417266
21499962
11390817
11298330
22433631
10881632
22232306
22358222
11395834
11090631
22407746
16976114
16980502
22426702
11366715
11060181
16971627
21430301
11173619
10804970
16974420
22353358
22217646
11206339
21962566
10408726
11027844
22415508
21523130
16988373
16989033
21930074
21523742
16975955
16986081
21941686
11204522
10592090
5668242
11213662
21957274
11244894
5639875
21400773
22228022
11164427
27016410
5809254
21414152
21933698
11301130
11124098
10816359
11244238
22278348
11393510
21506541
22434061
10857826
22216014
10436750
11068507
22356403
11386914
15894631
11390282
11040372
16962610
22472622
16997094
21389137
11201168
16615110
21517393
16964386
16879214
16974678
16981122
21409465
11192010
22227584
16973249
16970989
11386909
10866401
16963386
22328962
11395798
15908257
11390978
5326774
5648861
16977278
21435399
11381814
10777278
10945768
16968873
16879410
21345757
11400834
10876016
11035991
22407766
22202702
10648672
22183178
22329386
10900678
15922406
11389981
11054523
16974902
21418102
11381730
10882526
11073741
16963210
16838811
22310245
11397184
15898838
22003738
16987474
21951158
10446442
11096093
22421582
16946207
22351874
11067856
22379414
16974478
5675894
11225466
10742560
22278350
5824738
10426747
21992753
16889928
22472834
16985814
11383650
21928234
11179014
22006046
16963842
16982138
16988614
10732398
22290287
5823170
10884326
5091080
5685369
16967046
21410844
11390298
10867799
11052056
22404154
11403159
11080224
16585809
5799402
10851750
21978638
22381399
16980578
16987630
21969242
11257327
21479475
5793482
11064163
22134066
16988006
5669348
11244092
21979276
11248260
5634375
21406100
11191222
22222247
16978378
16978454
22447718
10425774
16611141
22431099
10442082
11077925
16980046
21406904
11201660
22222591
16827682
11393785
11061272
16889522
16968577
16992070
10873955
16968095
22466358
21934414
22203254
11301239
11133666
10816133
11248032
5647348
16964574
21458494
5789251
16105006
16877768
22416427
10885854
11036220
16882714
22438174
10797506
11103054
16979832
21421733
5795746
11078767
21998622
16975463
22419814
16905690
21775652
16876318
22451706
10460554
11047568
16974388
21429564
22499534
22214798
11387015
11050162
22234177
16972659
22439733
21948403
11156114
21483342
10911467
10569380
16869123
16962521
17007426
10750500
16980898
22446190
21942902
5753234
11139026
21662511
22433054
21845754
21481334
11005643
22230682
16971822
22378626
16881550
16965237
21966606
11254418
21507518
16975742
16893449
22432846
22447909
11115606
22262230
16993284
21928982
11289723
11140171
11040215
11256746
5637744
16964954
21426137
10853710
11101075
16965448
16968398
21436452
11288611
21730698
11263234
5622493
16980262
21419880
11315974
21714268
16961945
16982445
21417066
11293299
10886766
11024246
11251510
5636874
16970917
21416762
11291079
10534415
11217977
16988841
16970006
21419754
11284566
10866886
11046452
11245240
5634011
16967647
21423352
11396136
10873538
11032122
16974486
16979494
21427950
11295490
10868466
11033668
11252855
5630872
16984806
22411896
21470366
16961626
22418891
22241798
11308948
11147851
10808683
11250426
5631385
21390260
11182358
10777967
16994269
21931474
21502958
22163658
22116086
10505790
11021810
22380634
16985133
5693562
5610500
21938902
11398142
10365932
22421150
21497554
11382746
10340937
16966768
4608591
11378285
22133593
11128630
22003194
16976654
22413006
22439406
11293758
22191502
10867468
5701435
22157297
22416194
22497418
21511281
16976962
16978214
16874546
16992818
10858207
16863403
22419714
21516034
22466373
16996059
16987312
21960132
22448098
10404354
16600934
5799612
21890913
11033939
21536390
21346761
11382299
10871973
11045308
11245787
5633838
16960145
16987159
4611699
11381270
11085626
16966712
21397937
11376190
10887838
11025210
16974734
22435337
21531878
16966266
22327506
22447936
10440490
11079769
16972278
16718483
11378172
21934382
5350586
10461858
22194147
5803229
11279825
10943229
10803603
16963890
21414834
11155546
22222690
16992538
16977904
11416386
10349870
16994366
4590942
11071986
16964034
4631721
11383990
10962941
22189474
10438619
11062537
16978207
4627242
11397074
10562514
16979234
4598945
11386719
11075914
22176722
21463142
11140378
11053172
22412782
21534530
11393962
10358495
22197366
22427683
10395786
22232449
16965154
16998410
17005363
21962614
22346936
16943685
16138348
11383994
11062850
16974952
16975242
22466001
10912813
22239858
11255414
5630146
16965778
21417829
11269018
21738836
11243742
11245070
11253894
5643779
22416438
21484769
22423440
5795915
11068349
21984298
22415898
16994362
16991694
21957606
22411634
5765762
11065292
11248993
5623272
21414717
11196278
16579446
5803036
21882911
10963678
21527646
21481007
16961078
16978462
5675886
11201582
21956138
11244821
11236082
16983476
21450252
22213775
11163206
21536826
16966752
21424200
5817454
22083701
10821663
21519561
21455745
11133594
21642610
16961566
21416037
11394839
5708430
21640860
11392362
21456922
21400966
11381821
10887271
11048268
16957903
22404930
11391314
11063995
22344630
11163238
11085911
22364490
11178226
10583013
16961570
16970562
21471513
11391754
5749235
10790245
16135342
11389962
11083056
16888530
22416834
21512230
16962234
16985914
16973244
21981714
11261381
5623711
16963847
21402097
11272577
10865074
11086151
11241136
16840398
5676933
22287357
10891527
21528742
16837482
11401906
11076228
16875063
21319363
5661294
11121702
22013174
16982570
16979736
10861542
16971669
5688858
11199183
11253651
5641216
21428126
11393126
21733822
22423638
22444018
10454122
22004214
11389754
21388254
11164362
21986098
16977606
16989188
16996002
21980382
16965854
21421375
11189246
22241642
16890826
21413925
11387730
5711780
10797306
16146402
11412530
11052220
16964816
16976045
4628469
11377909
11066797
16975416
4627224
11385986
10571509
16983886
21376915
11377355
10887799
11011788
16962483
22424977
21481082
5796593
10795005
10717677
16979440
21406965
22220884
11184269
10705891
16968622
21429532
5428074
10846870
22227603
16880606
22421254
11395318
11068579
22406740
22436683
11112558
22245380
22399014
16979710
5693993
22256759
11179055
16573593
5805133
10855910
5694903
22441436
11157618
22226934
16908558
21763430
16878853
16974723
22456133
10894274
11104347
16999998
21384018
11383426
16120370
21483462
22403342
11385326
11088677
22421994
21530418
11397020
10357238
22220621
16985422
4632893
11393926
10562664
16971958
4602786
11379882
11090167
22206862
16972081
21433254
11373050
21924650
10460730
10914307
16973420
16985091
11299992
11379623
10843493
11252990
5631080
21413050
11201185
22223200
16978038
16975264
11023890
10797624
16968982
4594995
11384660
11073153
22223694
16977922
21420369
5770395
21683158
5823686
10409465
4794068
22167449
22403807
11395974
11051434
22251344
22426422
21514492
16960229
22413349
16902002
21779434
16889394
16977544
16995718
21975489
16974734
22416338
21489396
11243734
22446276
22107914
5816962
10399169
16611918
11379202
5335291
5650072
22407456
21472015
22413958
5814592
11062261
21962618
22391734
21973326
22437282
10433865
11086581
16982729
22419846
22391946
22000496
16874217
16980394
10758886
22326448
5820916
10366477
21993066
22465282
16859190
11394878
11071662
16888242
22415694
11393042
11066078
16954151
21446186
11382765
21924002
10450559
5700326
11394634
11055976
16839930
22284789
11390846
15907538
5775671
10934092
21322045
11389749
10879530
11033374
11259106
5623781
16982434
21416537
22339282
21629250
10433343
11034405
22418255
11398450
11061132
22232674
22389992
16969854
5677245
22274552
5750798
11157160
16231807
22439797
5838727
10368897
21999280
16857350
21507510
22406350
11393002
11096864
16968878
21438342
11393322
21931478
10418288
11049442
21382544
11199666
22176428
5718698
10351341
21954662
5717610
10268114
10815728
16877386
16972376
21414301
5769330
4895504
16846808
16965260
21429772
11196894
22229098
16971998
16968712
21426843
11187450
22209210
16879094
16985818
21417736
11177110
22199826
16965273
16972018
11678955
16386153
16971006
11246175
11247893
16982690
21437668
11165880
10803028
22398442
11403222
11052200
17001334
21376326
11386046
16331538
11123206
22199382
5701676
10291665
22426313
21508020
11390478
11291542
22415806
10885767
22198722
5693130
10380426
22196942
5718293
21364654
22003709
16975711
16960626
16974062
16967205
21409763
11295734
10790264
11250353
5626745
16971044
21417243
5765221
21726141
16955996
21429676
11399470
10782750
10997599
22417820
5677227
5635365
11082381
16962374
21437930
11386154
21743822
16975898
16998832
21395758
22239582
11110378
5713798
21441122
16964437
16878398
5669066
11217375
21406854
11199262
22225746
16875674
16972762
11253224
5635592
21393107
5768525
21739206
21415160
5773514
21716672
16977094
21413786
11167630
10701502
22422150
11386266
11067318
22417714
22454773
11092258
22234123
22408919
22389390
21986770
5700302
21414135
22243477
10887910
11102988
16974695
22412602
21495352
5652309
10434518
11071914
16973166
4635329
22234026
21901074
11125418
21397778
21502612
22404093
5676918
5637113
11052235
16984786
11243510
11246349
16979162
21434029
11203362
22216094
22389442
22445457
11132086
22251818
16977532
22356311
11386006
21533882
16964330
21429800
11382565
10909343
11025928
22369062
22428042
22361610
10691761
21958450
5819026
10343479
10792570
22420803
11406638
11030566
5659178
11236692
21393126
5777782
4931490
16850376
16974434
21411681
11161214
22139902
16987693
16983158
21427095
11181526
22197001
11247686
11385535
10984167
16981214
16973722
21408510
11378143
16098998
22333298
5711012
10911043
10797417
16838415
21509769
16967373
16982374
16981854
16982681
21409278
11370446
5136815
5632770
11027183
16975673
11261406
5633182
21423377
11386426
10873781
11033114
16966802
16986965
21435545
11383958
5145765
11031603
22413859
22359224
11094706
22242433
11399938
10280762
16988876
21361648
11386325
10863042
5323437
21467883
11179110
22107923
5818829
10403186
10786796
22472106
16987650
16894798
21415635
11387085
5690919
21841554
11174170
21931350
21448974
10964431
21958557
22423927
21508193
22417942
22238543
21292914
22194594
5826118
10912836
10793100
16968538
21400733
11398977
10863782
11086654
5666017
11213818
22414318
21502351
11385246
22206066
22356990
22343434
21716666
10435170
10769010
22287939
5821538
10383638
5170134
16877342
16969687
16972672
21420302
11384350
5126482
5680799
11072065
16968854
11256610
5627460
16970899
21419344
5680298
21741970
21396804
11393661
21737798
22403450
11388378
11087791
16873332
16975298
21451921
11175798
10800524
22416911
11391358
11060829
22439233
21511822
16963154
22397418
16968713
5638430
11217064
16969766
16889060
16988435
4638246
11182121
10787581
22410262
21446352
22384828
11395368
5400410
16829623
16986801
16976314
21426658
11191462
10794352
16982975
16971454
15832717
22212538
16591278
11137828
22183552
10445801
10587614
16971485
16990326
21399327
11385145
5131610
5649287
11022004
16981434
11250558
22281532
11388934
11070714
16977735
16968918
21425710
11384984
21917574
10359362
21999982
11256826
5628870
21412640
11380645
4901794
16880657
5658950
11235295
16975006
21423825
11379306
5156062
16834891
21538565
5658467
11227687
16986442
21411820
11168627
10789180
22441866
11137408
5428709
22305374
11391259
4695759
16850082
21408739
11398310
10871282
11039507
22464642
22470216
16982878
16897469
21972110
5652954
11224733
21406596
11194939
22219766
16979486
22456974
16973922
21421834
11170631
22201603
10306158
10907062
11115913
16967170
22337110
11083626
21729381
22421198
5671110
22283662
10500070
11036135
22386102
5608988
11266839
16968076
16981878
21436037
11382949
21728693
5659306
22287839
11406862
11038018
22389031
16972946
22409594
11389774
11063967
22426372
11392410
11057102
22359010
21704406
5796312
16884119
11126927
21492410
10437902
10809916
16993079
16971430
21426506
5768450
16890566
22431386
10347618
21960310
5818022
10392374
16896957
5673100
5637189
21461245
10503182
10796722
16997571
16886595
11387825
15911707
5633092
16886406
21372847
11399823
21743014
16973070
16974033
21429459
22121306
11111725
4712044
16857221
16969710
21424433
11158678
22234137
16983630
22435102
21523598
16966730
16982946
22348983
22434969
10481975
21942158
21491973
16975946
16971877
22372098
11396279
4699326
16884855
22421004
21507230
22440654
11412826
21521110
16964164
22341284
22433102
10348447
21994688
16977596
16970606
16967043
21428100
11383182
21717418
22446518
21483479
11152410
21531158
22435755
10875627
11067229
16951714
22424086
21512086
11399562
22186094
22328566
10896234
11073356
16977929
16955087
21452035
11390091
10872834
11080946
22404970
22479330
22318900
11379212
16852198
5654060
11235658
21446254
5785382
21738218
5666094
11217501
21429477
11198838
22129030
16969210
16973174
21430450
5771866
21688390
10429218
22203082
22340490
11159975
10483678
11247948
16963206
16978522
21433262
5775351
21722862
21480012
16962090
22355142
11389521
4722130
22312560
11394730
11048069
16986978
21409402
5763450
21717726
16963986
21442263
22209574
11147663
16896318
11395322
15921291
5633298
16889894
21328238
11160648
22229486
11274649
5597598
16959499
21431623
22125667
22184338
10498234
22009742
16970702
22412996
21483550
22437474
10900090
5325759
5688630
16972970
21425611
22232282
11136915
21484398
10485036
10825577
11246290
5638871
16964382
21427682
5682842
21739303
21495318
16965939
16973025
16972613
16971506
21417779
22223270
10682766
5317618
5681926
16970193
21435842
5693021
16111792
5641197
16988201
21402513
5778481
16142242
16812595
22472322
5654313
11231257
16976038
16974770
21430342
11373762
21716746
16967874
16898264
21329471
5777929
16109554
5623441
16966034
21401083
22207994
11129777
21521446
16977586
21433738
11157942
22201150
10299198
10912122
11027149
16963842
22407730
21491422
16975186
16986222
11253134
5628826
16975229
21403507
22116544
11145902
4717625
22293323
5715522
21419514
21982754
11330382
11270006
22283113
21516246
11298530
11127047
10811782
16964479
22411230
21506814
16974906
16971298
16877119
16975664
11252298
5630404
21409974
22226754
22199769
21926528
10988414
10618877
5668850
11232251
21972137
11249605
5634285
21418086
5777638
21704202
21501726
10822967
22224756
16968825
5671166
11232042
21973085
11241634
22291730
22452022
11305002
11049880
10798064
11262114
5666791
21403625
5774806
10532802
11259282
16970941
21420280
22227016
11136417
22007486
16956966
16991698
16994662
21967201
22334261
11394016
15931500
21960194
22413730
11381416
21510350
16965584
16998324
10870402
22373750
16992788
5668536
11231917
10845953
16988472
16993221
10834673
16975909
22428130
10868026
11075538
16883606
21408086
11368922
5716171
10782427
21728851
5788706
10719056
21978494
22419270
11401229
11051466
16893194
22470399
16981330
4614737
11394928
11068649
16968467
21405848
11376986
10892442
11051564
16972786
16985053
4649551
11383890
11061970
22233495
16969167
21434933
11186458
22235166
22432926
11391142
11064731
11240846
22277165
11390870
15877995
5791971
10840391
21956378
22447154
10920350
22266159
16970470
16840245
22265358
11384404
15915454
11209222
10564373
16887230
21302972
11267338
21935306
21515432
10762693
22277542
21492690
11299854
11137946
10814951
22418245
22435466
11130926
22236510
16975166
22390866
16969027
5680876
11219413
21966110
16990886
21409318
5790446
21739552
21389186
11379307
21595878
5807280
21436904
11307531
11150532
10790438
22424038
11206474
10583600
16972310
10803787
16970452
5678890
22283259
10882657
11088051
22399442
16966139
5685119
10740630
11212290
16934062
21441424
22226994
22161880
21478201
21688820
21466337
21764174
21469744
21571129
21696546
11243243
22208192
10297051
22291934
22439302
21510285
21523993
22161197
21522553
5659856
22443289
15944306
16832963
16956290
16970066
22397588
22474174
21468862
15897546
5661723
22158159
5813496
10234469
10500382
11230229
22312626
22351367
5717053
11169721
10548224
16957022
16973950
4637973
22434904
11101189
16609514
11371793
11073577
22408718
22436646
11097302
22191077
5800324
21421297
11136143
21999307
16837439
11371721
10860793
16971031
21407852
22217467
11140253
21568138
16875358
21414169
22445090
10652266
441219
20897445
21420467
22011106
21695545
22436381
21893783
11166410
16152022
5816586
10385989
10518692
11297610
10273737
10913338
22167531
22179331
11120722
22143138
11385580
21505405
22469383
5662675
11222897
22437601
21496114
22436146
22333612
7453619
19406535
2739081
3049372
4685499
6036387
11081501
16994250
10852808
11385661
10353799
11383667
10585270
11403507
10119503
11405562
10504524
22447461
14691424
5664795
16825703
6731246
15486368
1079175
21225704
11396630
10618233
22417279
22475210
22290420
21383348
16416102
16942294
16087519
15863259
5800833
11044802
21960465
21368037
5795527
21638546
11122482
16602308
22156662
11142262
11017557
22332889
11074145
16991702
16432321
22390568
11402541
11045267
11261031
5623503
22313205
21423230
5710085
10517794
22143754
11128479
22429310
10447021
22223556
22235468
22173110
10359902
10794511
10906757
22189629
11417289
11027048
22423055
5816902
10342267
21788035
22358574
21932474
11057214
11295238
16931952
21850114
22417448
10906009
21495259
5680183
16805358
22346467
5799758
10826361
5689938
16579856
11383386
21541445
21450610
11175442
22179548
21415917
5678635
22280824
10900534
16533641
5690619
11050700
22448664
5822185
10290805
21985338
22434442
21522672
5685607
11230634
16976538
5655286
11200656
10220619
11395478
11072834
22166910
21369276
11124996
11054104
22367774
10895147
11295570
22431629
4672038
5642173
5713141
21895872
22427386
22379106
10436794
22005570
11252835
5650033
21325287
16985680
10805466
16865265
22235034
22471501
22469900
16979353
22464174
22394306
22496770
4701874
16827753
11412140
15893195
22455544
21671868
11162198
10788481
16833954
22293831
21492250
4957722
5673092
11051433
11398274
10364362
21995871
22440531
5745510
11054374
21740814
22333218
10529964
10919743
16860203
15850586
11205889
22175180
10956042
21980934
21461965
11094283
4896602
16844222
22350597
11397749
4691489
22266700
11132554
21939415
22420733
11429405
22096973
22468358
5682751
26883762
22110717
11398841
10380074
21372351
11384423
21607314
22436887
11020594
10979907
22354530
2487235
11065002
22084422
17017242
21980666
11350504
10323689
5723947
22147440
22409773
5665965
11229108
11027163
22350891
11286153
10989078
16995098
21977162
16978649
16986016
10759720
5651109
11213287
11397913
10617034
22448514
10872414
11031557
11202754
22433657
5824518
21366806
21864474
4733086
5648371
10795813
10910110
11082161
16967592
15835090
11324042
10869351
11077275
16964343
16984034
10881160
22312380
21409959
8243554
19180475
16797158
5700686
21887613
11389202
10869395
22441750
16995702
21872216
5696142
11048881
16750606
10934546
22154278
22334194
2259167
16588158
21471490
22434226
5824671
10121532
10788753
11224630
22357198
10676034
22086809
22358138
11187602
21481362
16027850
10435707
11388446
10670489
16931469
5191222
11259442
21799436
11382158
10539648
16971011
22414122
21492730
22300423
22466406
11327553
5704182
22138740
22178622
5110415
11707661
9084494
15918095
10921606
21924614
21467890
10902124
22126746
22351210
5788018
22193367
10527514
22222110
16900910
7442500
14539555
22476684
22481849
5657330
16831060
22181465
21540326
11402325
22192498
11032804
22269823
10499682
21987054
22317040
21484743
21950446
5389329
11058266
22181210
10389770
10821057
22404568
22449782
22052146
5633788
21741332
16998130
5101349
11115544
17526812
11384752
10906509
16986172
21333446
11380040
21813126
10315926
21956318
22043298
11160214
21485831
17011969
16153343
22458781
22472314
3147227
18135102
10478082
11033474
16856790
5709974
2369593
18944303
10933015
21978418
16980946
21406397
11392431
10537931
11246140
22345342
10957426
16164860
22353863
10671282
21315746
21961838
22437714
822659
21152470
21966426
15696419
11102891
21512234
10889782
11083877
22440554
16974878
11112762
5653115
11105725
21392026
10597154
16612371
10233583
22235306
21698023
11381744
21295995
22022710
16891970
11030587
10562255
22481020
22346414
16851221
16014994
11133313
22437718
5808678
10380190
6525345
21943517
17010122
10365742
11350327
10572920
11384412
10837420
16984510
21382101
11143261
22180764
10618117
22217129
10819557
10808189
22445921
11302666
11143966
10824223
21007562
21850269
11406890
21497058
11244584
11138257
22461161
22439190
21338662
11258522
22278916
10456934
21920307
5822936
8795439
1725783
11072808
11123422
22237165
11177754
10604581
5669467
11238222
21954522
22440261
10439129
11088526
22485134
22355602
11176139
22169790
10641770
11859977
4662223
21266880
22175678
10698343
21489146
21432294
22457425
5124924
21458014
11115883
16619667
17013486
11042285
22433217
5807142
5326163
4952691
17017514
10871782
22379112
11184858
21724258
11102141
16584819
21474154
11123745
21717774
22344838
21506531
22436963
16931774
8024552
13763388
16843734
21442318
21972524
22236790
22465943
22481546
16855037
10423026
5412372
16827453
16864219
21475066
22471044
11004206
10796554
16969654
16991062
21942055
22399118
1377657
9708088
3972639
18113354
12874473
10225994
11196026
10662931
16945642
16995838
21971397
11270662
5618991
4625653
11206241
10793292
22092634
11391264
5455487
11019422
11392934
4677948
5662181
5793958
10832827
21835662
11381969
10874354
11028628
22314150
22219762
10652119
16594098
10329414
16627509
5638790
16991875
10847839
16974819
16979949
10746933
11230754
16960725
21434680
5772838
4927186
16881104
22349722
11195593
21947204
5790162
10890952
10804909
16885579
4593150
11376594
11089676
22458639
16891326
21371242
11393388
21713674
16984281
21931029
5963387
15197070
7288677
3503500
11088904
22455231
16980462
8391333
5715090
21713987
16977054
16987878
21971401
16963994
11271160
5651778
10850173
16975566
16973579
5708846
16291091
16914159
21748118
16964230
21411818
11156918
22211108
22496806
21748409
11271734
5725674
10813809
16886711
11371202
21510142
16893654
21363285
11210210
22100822
22235953
10882358
16888405
16918828
21292466
16967098
21416931
22211882
5390950
22287185
10487850
21510730
5668630
5708026
16544448
11419870
11023173
22405311
21440890
5790534
10892403
10796580
22340214
11187613
21977267
22357238
5728078
11205378
10599887
16962475
21418281
11150101
22217166
16874582
16972976
16996111
5702002
16278949
5723595
10596128
5938931
21522379
22366062
10688334
21997114
16900542
21963746
11179798
10492122
22366219
10884426
22212262
16975575
5784558
21938039
16981686
16865974
16983982
16991382
10851257
11321294
10284917
22433238
21973675
22218986
16975190
22471417
10889218
21539522
5658966
22304488
22355857
10669787
11071437
16969801
21433281
22193962
5797214
10900964
10833133
16885862
21351450
22142806
5735698
22168619
10627778
22189926
11393970
5699311
21421262
22406127
11311321
10999583
22142077
17011690
21968665
16978082
16981166
16357794
11270866
16992291
10243690
21407890
11143870
5698122
21441920
16969046
16698462
10383015
17209354
2228410
14660255
12075304
16993266
2611699
8164273
16969358
5783992
7695946
3058975
5092097
11176790
10799113
17294427
11381589
164850
1314224
2175503
1293060
17817865
10521506
10795519
22316982
11394483
21562198
22405621
16011489
22380430
10402010
11077100
10217046
11405724
11069422
5662163
11222043
22435866
10878014
11036554
16973750
10237914
5704395
11075345
16984005
21969758
22333278
11161204
5325510
5676831
22415555
21503250
16985186
16328958
11314322
10877205
11051745
16980203
15824460
11388574
10870574
5309284
5646324
16981276
21403663
11160632
22213363
16805649
21951434
16979366
5669899
11233515
21937242
10350846
10812845
22427689
10885922
11050963
16856855
16677499
5779498
11084718
16978004
5670010
11240002
10868960
16976434
22315178
11386113
11087290
16968662
16987006
5112906
10731088
5777610
11051253
21931258
5799986
10734684
21985526
11305490
11081252
22433272
10901021
22206162
4691445
5645375
10480398
22395998
11164368
10611362
22347986
5794898
10603630
16867690
16979322
22382922
11113509
21951662
10913561
21640012
22415817
11211378
22189830
16880190
22012934
22408229
11176250
11306334
22207522
16970486
15831831
11383378
16108938
22278406
5813710
10895812
21978230
5785786
16046912
11305133
11155042
10841602
16975406
15835729
11390598
16354146
22277241
10433530
21459858
10428682
10775439
16780734
16958806
16978822
11252539
5633714
21434694
22450374
10631058
21516822
16975243
21424756
5444038
21909250
11147870
21708554
11315434
21742434
22391036
5794694
5734969
21891182
22414216
16752390
10951298
22006778
22443671
10888282
15905446
16853127
16966858
16991146
21939582
4683335
16726245
10868292
22210962
11252338
11226742
16984034
21467018
5777170
21685863
21495451
16986130
16783508
22424942
11182418
10597041
22345466
11125985
10767531
10901134
22152110
5792263
10894093
10789589
5651744
11226591
4636166
11373560
11092917
22221390
22326426
21495070
22330710
10861210
5711909
11381489
11073014
16977672
11282806
10899675
16977577
16994694
10753011
16989718
11290938
5617203
10859189
16972866
16982095
21932302
21521144
16961474
22442498
21833826
11109814
22226126
22434788
10878654
21487226
10419452
10486366
22019672
11385841
21732027
22345662
10669319
10506842
16977815
10876496
22401992
11171006
10511799
11322262
10843914
16975054
16987095
10757973
22407538
11322155
10950032
16989126
21973998
16977126
21427185
11201803
22194642
22452922
21476422
5190996
22273707
21456546
10480137
21983355
16906774
21939958
16975906
5669373
11231723
21974911
22388858
16988410
21961327
22424614
15874326
22200781
17016558
21975901
16886813
16986761
21944956
22406046
11301528
5329017
5650849
22178572
5799515
21931486
21957370
10932402
21883706
16979867
21961368
22477314
16880397
16992032
10859133
22408146
11184166
10588685
5690450
10804625
21868013
11371967
10865506
11040675
16978438
5765999
10909063
22461650
16984496
10230599
5770774
11067650
5657127
11230809
21399146
11166082
22185070
5792530
10899880
10793472
16950677
21406443
11193290
22177370
5790207
5160186
5645925
10796415
16974579
15849177
11395178
10875479
11052645
22349586
22266594
5771598
10889367
22435214
16984250
16872802
11389820
21533718
16979990
21440898
22240311
11125538
21512682
16966943
21415189
11162286
22206734
17010586
21972615
22414698
11202018
22201574
11260758
21952675
16624387
11384674
11075569
16971302
16981513
21410593
11392062
21919366
10489046
11033771
16962958
21410119
11151514
22216338
16973298
16983286
15836609
11384350
10884142
11010937
16972134
15840781
5769065
11085375
16964170
16973250
21415910
11383402
10875386
11041915
11391262
10393978
22423036
21466378
22401767
22436410
10493306
11052941
16976242
16976702
21414502
22441418
11188950
21878871
5787802
10858472
5069234
21967010
16981158
16991418
21946138
5778894
11083425
21420272
22436066
22225644
10931020
11038930
16952622
16995623
21974290
16982470
10251297
11166481
10790064
16993570
16908742
11383080
21532262
22408954
21494942
17000706
21980962
22342542
11394078
11387933
10898368
16966060
21408660
22453194
21693604
10434193
21943526
5836090
10894038
10791644
22408192
21448201
16887042
21976230
22471842
16983858
17000106
21967230
16983002
21388497
5772215
21704054
10407421
10813386
17015936
21947139
21489857
16907454
5383360
5682845
21528302
22409342
21490439
17001961
21979574
22467514
22474990
22392920
17004496
21952702
11175170
22200891
16978966
10920419
22436684
11389095
11062086
16993022
10877657
16981089
22436857
10897007
22187920
10447954
22218110
22445639
10888778
11114282
22415725
11173694
10590454
16979334
21943815
22408363
21459570
5796938
10914774
10801089
21418081
11393730
21957109
21517766
5766241
10828528
21393002
11394402
10882426
11080936
16974530
5792474
10885788
21844323
5656203
11122838
21978334
16966672
16986783
10866855
16967596
16994510
21974998
16976574
21421180
11389438
10874260
21940253
5792502
10906751
5085554
5681241
16891826
21334420
11189507
22218334
11398930
21943350
10969458
10613811
16975802
21957062
16970903
21404946
11196770
22215014
11390809
21516354
5672422
11193213
21424226
11155557
22211791
16988247
21962486
11184026
10583266
16993250
21937819
10444323
4822335
5640537
16972190
21372516
11164386
22202789
16994738
21977063
16977770
22445997
10913459
11031149
22441114
21439515
5795578
10651329
5298406
16856196
5659798
11228976
16995159
21977994
16974078
21407031
11203120
22211304
16991445
21970884
16966706
16997874
21976638
16936223
10874747
22391054
16985377
21965754
22462198
22429853
5780062
11061486
21404733
11373126
10875675
11082053
22385090
563903
21766764
10887122
21531240
21391546
11377030
21723530
16980934
16993211
21925907
22424569
5762438
21506621
10346278
10817144
16896020
10850227
16962395
5794747
10845034
16970082
21395168
11151137
22199984
16965978
16965802
16987743
21938686
10433343
11097640
22371356
11188766
21988239
17014870
21934614
10447827
22215020
16969058
21423118
22222104
11153134
21503461
22333897
22232791
21936981
10478186
22034572
5790448
21940826
10437054
10774020
16966006
21905550
5780145
10430199
21368296
5765183
11042701
22389891
16894694
21939282
10444398
10545010
16965952
16993266
21974198
16972377
21403407
22432822
10679033
11038070
22424934
22436802
10886238
4708664
16843710
16945328
21404692
5772686
21696834
10441414
11016215
21606952
11390999
21713107
16973474
22336206
10913496
22220978
22407342
22227066
11155810
11037756
16969326
21415056
11192468
22209418
22436461
10878866
21521202
22333307
22144409
10878654
21505386
16967899
21407781
11158767
22212995
16995102
21974826
22407800
11308468
11009316
16983871
21957722
16855559
