3121195
3758378
4969952
1367027
2588409
5124830
5281470
5111885
2658713
2440405
1339062
2520494
1152884
1223810
9882345
9557822
3747538
9087635
10191939
4445479
9157666
10069898
1796234
7292008
2532354
1466240
10232549
6236364
3157982
8815410
865220
2146471
3022179
1605054
3427280
3343927
476207
240493
2430222
764303
2363673
1527263
312728
1115986
2651964
1875656
76539
1670559
3242342
1992526
324723
3395918
1597113
826684
107366
1370668
1546333
3118097
2512866
2593677
3064186
1592051
1911554
3295547
2653405
990336
3294604
2464415
1514962
4723869
4381606
4233895
2451677
1643425
494823
3849160
5279299
11151179
10783831
10952571
11035709
10802195
8071367
2849836
10795371
7238099
2808654
818012
599409
540284
331731
677177
721449
2456540
8419095
3190082
969035
8517013
8499117
8509454
8589684
6171738
8656896
2151301
403013
3821792
8536241
6531669
8697966
4210117
8706211
8309261
2193613
8444568
8811645
4333011
8714883
8809622
6388054
8652598
9223272
9690623
6324473
3448069
3574816
909628
1754880
2766967
1651705
919909
3603942
1727045
2948921
1673950
1364440
1211739
1790503
979003
637343
2430112
880360
2729576
1837995
927587
2314398
1019623
2044938
923654
1671378
2641759
2447311
2735599
927233
3734066
550473
1993272
1397055
910437
913713
1732536
2751266
2611168
909077
3229792
1993935
2031093
3987229
2031964
4023208
3066243
3953169
3122326
3328450
3216916
3299281
1110551
1776558
1089515
1600290
563631
2213686
2735662
2744676
3535991
2838428
1072005
2031524
2036005
4198667
1930633
1364369
926457
3790750
998850
1918678
3694758
2001630
2032242
2098488
2159490
1950960
3149557
2123835
1544674
468366
2760671
2729058
3443463
2741288
3762658
4213969
4179242
3365620
491028
3359324
1886313
3821888
3898169
4111729
2050522
4127178
1065449
853430
538366
1004699
2463616
3528339
3593049
1764777
3473427
3070641
3976279
1068843
4015245
1454581
911456
2672688
3743440
1789651
1859516
3016649
4093236
1051651
2103305
4035766
1346885
2031475
554403
2959698
1754938
3437443
2715902
3551538
4240968
2014451
4057923
2654686
1474462
946279
1905733
3842581
2943192
3051873
2118262
4004103
3144179
2883110
550991
543105
2838557
1715297
3558595
2738905
3526886
3111440
4201673
4111347
2708953
2487926
3714342
997125
3777428
3055674
3964500
4133653
990678
1052983
1957144
542366
1960577
2199051
822479
913306
1773579
3623795
3588770
2003132
2075448
3159916
3949226
2084990
1892677
3351918
3812085
2942069
3076209
4096025
3134366
3963833
555299
1983108
984691
2150287
3600311
1735237
1779162
2716742
3742803
4160703
2229857
2927348
152052
1528654
242847
3486381
3090564
397291
1179437
2215718
1626929
1926831
1802191
1961201
3009160
2063745
1630497
1404303
244245
291468
1642223
728265
33821
3579943
2436426
926972
1347043
3550630
236401
2027660
2049138
3130564
3165761
2544942
2592650
1904696
3831359
2952011
3987493
3208092
3208255
4071625
1962700
1053881
1889417
2723767
3449374
1797057
3563525
3082075
4164765
3144156
1086772
2776457
2362697
1592515
3998195
3083897
4106539
3274559
3319034
2122846
3025979
1572676
1013154
519822
2071115
2725281
3557411
1839846
745385
915925
2882594
3936624
2083739
4171649
2142280
2724390
1946187
3741218
1907784
3915955
1078614
3989493
1998686
4072239
1026026
998668
1567798
3062554
901707
1800232
3424846
1828340
3704465
2013425
2038775
4165070
3159057
1438383
3387742
1018683
1808055
3735984
4035136
1951786
3982558
3969465
1616304
1984625
3226918
3609449
1767737
1808976
3624754
4078867
1052228
4103636
1955893
2796122
459016
1648011
1932994
4000560
3828681
1065161
2096510
2102008
4307212
4021708
1060618
2053420
2878856
3575637
899149
899970
1768639
2717900
3817469
2095419
4160166
2116345
2565332
3049773
1929860
1918708
3883480
3880943
3167018
4045761
3735189
1012110
2033899
1330503
801707
913783
2710680
3429568
1824332
3703133
1949415
1045151
1047236
4018131
1496686
3243996
1994268
1901058
1935674
3949592
2090694
2035510
3118156
3931090
2031310
1988336
770339
3700977
1749164
3448031
3604727
4067193
2041155
4093606
1928372
1486693
1319102
3992494
3681867
3889043
4067961
1967925
2085440
3168321
2442507
1981048
1630085
1823672
1847635
1765971
1814340
917410
2743519
3719114
2107734
1063135
924888
1039145
2916140
1036558
2339697
2491838
996974
3778050
1786948
1831050
4049798
4000025
4188126
2047590
2227428
2604082
1833348
3484111
3595593
1814031
1698054
3133509
1989184
3139753
4134313
1091818
858459
2796187
3659581
1935223
3869673
1072261
4076458
4183758
3560055
549088
1010994
998548
3539460
1813158
1803481
2725949
928200
3595903
3130659
3148350
943709
3098206
1036755
1481234
2123457
1003659
3451117
3919902
1886241
3892386
3139490
3982801
2094332
2932675
1604089
3387116
3605383
1850907
1710806
3549538
1093299
4093292
2068039
4059294
1086966
1074676
1933114
2918001
1870386
2902720
2932860
1996762
3115748
3144502
2011890
2992562
1581963
2512152
2747428
3439275
1836302
1687890
1760370
3909911
3164938
3044437
3914198
841662
860604
3153752
1859640
2911053
3892267
2030169
4059944
1904452
4107906
1885353
1597622
3457917
3587791
1751246
3590844
3924409
2138213
2096353
3108928
3485539
918765
1888795
1985416
1362950
1651145
3983773
2166343
1075538
2125708
2067420
2152548
2653805
580130
542717
1519379
2892433
1787142
1124898
1456993
559911
1151333
1928089
1639744
3893901
2059567
2818947
326278
1269002
464645
1045595
89159
2259746
3425515
1978937
2027496
1813980
2957681
3932039
2057712
528210
4089187
3215566
205349
857863
1044626
1180937
1527308
2847859
1847634
1801014
2733751
2799172
2097040
2031798
2080108
4148119
2716516
1296245
2066423
2006640
792003
3686234
809148
2122945
3255612
3929362
2087142
2018613
1614571
1541666
2727208
3483488
458552
1729521
1705818
2736748
3835058
3943811
1742344
1996064
2019980
1035762
1084889
2721420
812071
76437
3731826
1850390
3756054
2216105
2192534
2138546
3313037
3412329
1056326
1029853
1608603
2722469
3564950
3410624
2711967
4090709
3134044
3894893
2701326
909540
2246555
1920039
3879905
1975709
1947541
3169644
4200529
4205735
2413661
1573326
3648634
3571787
3421014
2701989
4137852
4230722
2062505
1948891
1777585
443995
1828993
3670813
1927958
3829613
3075157
3124820
4145143
3583937
2072476
1057995
3887678
3432292
2723005
2752463
4058566
3976818
2101113
3561141
473958
837149
1360926
1974792
2927035
3712512
1988418
4025914
4043236
2085960
1006166
3039470
2031913
2948357
1776334
3562611
2724690
2089608
2050377
3174617
3984848
1819381
1839621
3221336
3842669
3793467
1963694
3987210
3135689
3945716
1172385
1997480
3324528
2690840
2709917
2689725
2738882
3963334
1054169
3114678
2091152
3069105
1478946
3929950
3849365
1827889
3869373
1943441
2025535
3193207
3152284
2145134
1024434
3414521
2729507
2713358
3398529
1829440
4000766
4151944
4243827
1051913
2797657
3873859
3875260
1938825
3996242
1939823
2032423
3163532
2523494
1965833
1222269
3828329
3453936
2709621
2717776
3091511
3158345
3144871
3837701
884552
840018
2194816
2936568
2938048
3719389
2097908
4085844
3164705
3746874
1955041
2248118
2716055
3559702
1804543
1754105
2742356
3140507
3984087
4126009
1589223
2179721
2907600
3861203
2871197
3924858
4187854
2128345
2076906
2419216
1553880
2977767
3405299
2750093
2735845
2713340
4157497
4012341
1078677
2108453
1747629
875892
2416248
3719515
1979147
1882601
1934624
4287124
3301518
2182751
1101676
3208669
1058878
1016730
1679433
2692154
2734372
2726187
3415919
4021847
2088817
4029639
3654644
880556
3215159
1818319
1862579
1953104
1945527
977505
3916745
2135214
2052056
2078349
3174368
1586304
1932243
2174562
1737850
1763628
3617023
3608748
2008077
4170830
3208483
3203266
2155596
1811392
1899455
2907974
3682467
1944283
4089183
1070024
1923675
1055941
760163
1002857
2038650
3694638
1751663
1758710
3569451
3537033
4138670
4165117
2101151
2581961
3118586
3165873
2532560
2994542
2658328
2578533
1261827
1350208
1556418
8404396
8272519
8651292
8455580
2242994
8598289
8463015
8414490
8527232
8777571
8724604
8450633
8524195
8277239
8519056
2212299
8807734
8462247
8454171
8718357
8715787
7822758
1671820
2681679
2704124
2765241
2796844
3547323
1074604
1625094
479152
1188225
813499
1777713
3404169
1820549
1778464
1806273
2970981
1077326
1022334
1616037
2041128
1743495
3486615
2695150
2726123
3208248
555090
2018240
435631
822465
3120679
933578
3454146
3448709
929910
3210689
950902
1918781
2961535
2056901
3999389
3131391
3312188
3283745
3311313
3317463
1063444
1014026
1659929
2749356
2768719
3490539
1842570
1796116
2031918
3154806
3163742
858969
2069106
1660128
1406498
3874888
1947275
3768685
1826387
2043635
4003285
2075319
4157397
2011243
1576717
3396375
3459840
2734768
2750323
1683629
3121885
3195497
4006616
1054769
2730974
1562917
3724333
3858084
3782130
2010046
4032212
4168797
2515876
1973060
1464407
1847805
1783135
3602967
1817199
1776954
2857411
3982247
2063090
992500
3145418
1048699
1360506
2844169
3635045
2929598
2923376
3165509
4271054
2132363
2092396
2427147
1965657
1644376
3463423
1679756
1776699
3726870
4067476
3173849
3194850
2230896
2136817
3689346
1917676
3843166
3065739
3155129
4151571
3154994
2167234
1062738
3408522
3581238
3601524
3608878
4174479
1959300
4094479
1058113
1627957
912759
3666398
3870777
1808135
1936083
3094542
3943648
1069313
4042853
2322737
1958932
1701840
1745196
1785348
2728349
2733938
3455792
2081072
4126241
4214280
2157329
1013888
2220241
2940270
3714898
1971422
3993171
3951192
4076057
2094274
1232521
1606360
3037837
1825233
1764556
1802255
2739265
2727243
3883179
1074447
4015203
4183001
1949062
1248093
1787937
875110
1942552
1866822
3853832
3939268
3170469
3132611
2992860
2100718
1064054
2057825
2712969
3421109
3556703
1798854
3976634
4171912
4154143
1650451
3575144
3710375
2932849
4042304
2148389
3965018
3960587
1349778
2039693
3476724
1823854
3533872
3581406
1866807
4051014
3214651
4051387
1077536
1882335
1420787
3232760
3086958
3951950
3223457
3324313
4201026
2187390
2740592
1577946
3645558
3477952
935589
3489267
3776932
4171887
870081
4132577
1079647
1414973
2305661
1806124
1901347
2924278
3831284
3979433
4210902
4205646
1891489
1559618
2555678
2724570
2714310
3416956
1788041
4015581
3163136
3170594
3645317
2266174
1979904
888029
998770
2952746
3728592
2103826
1992236
2038468
4152697
3525798
1958962
553025
3541533
1805919
2723527
3436879
4044158
4098886
1905431
2079615
2268230
2524917
4009024
3833961
1961927
2159718
3298089
4178699
2231238
2446814
976620
1047716
3109340
2723372
2724989
3430231
1891222
4151241
3192679
3181094
2634951
898795
4105457
2926004
3865613
4106838
4080253
4002998
1593030
1035092
1571208
3384881
932502
3471442
2751850
3456537
2091152
4142916
4187582
2119831
525717
443223
1957282
3746527
1977243
3838345
1891746
4059232
3126224
3946608
1513691
2035234
2501762
2716559
3427525
1795151
3562661
3939878
1070549
4076033
2003621
2854304
2178091
2917475
3677089
1921456
1931938
2158578
2024334
3194202
4151898
2583161
544444
1031281
1710445
2745065
3455121
1838875
3526326
4026601
2082251
2026121
4112109
1520369
855109
1181776
2111951
1921852
3882923
3794499
3147807
4169868
2097579
3402529
1563202
2801746
1800512
3592118
2732255
3592603
3921027
4120640
1065198
2044233
2364448
1322534
4081034
1952676
3753332
1780629
4166101
1065205
1953202
4064940
2354607
1560718
1001450
2992245
3600296
1752050
3589151
1680549
1969181
3122630
4136159
2008509
2619471
1866187
2967100
1995735
4698591
1014412
1842955
2014966
3145880
3202666
4019215
588696
1899750
1038104
3992153
1690773
3561249
3618787
1964804
2061727
3145434
3135809
3413016
1339715
4012633
991393
3712554
2074572
989603
4106958
2112198
2058673
1889164
1596453
3391616
940533
1683034
3432946
1809921
3707457
3147726
3061111
1083515
1935219
3275806
1538820
2016286
1932664
1858563
2911348
3858612
3140322
3972673
2072381
3242572
1567238
3103895
2693299
3631228
3528183
3875131
2086633
3974373
3193941
2314663
3645210
3884449
1863348
4019683
3288459
4372584
2157839
1927859
1567510
2507255
1831917
3585186
3609428
1760635
3705216
4122122
3144968
1890496
1871050
865430
3236665
2956681
2930973
1987093
3927709
1911122
2008126
3183840
3618310
973365
1005091
2342025
3563448
2757820
3475461
1804232
4049161
1074927
2029168
3145815
3435246
911158
3519471
2952193
3749429
1782483
2001488
3135098
942105
4130996
1035263
1878114
2045760
2839449
2736588
3517937
2726630
2749278
4044167
1932981
1960344
4101675
1850031
3140566
3753607
1952142
3890243
2215539
2099756
4372141
4032006
1968047
3054492
3442816
939596
1752316
1734113
2720872
3791644
2050820
4078682
3123764
2147564
3744160
1972759
3717334
2998997
4068134
1942436
4120508
2125631
1019585
2048832
3567229
1775847
3427604
3602080
3722684
3201877
4040686
1962556
2061410
874230
3881602
3846757
1887523
810949
3026818
3141168
3977384
2066113
3049259
1574500
3231846
2709810
939899
1759414
2722387
2748321
1962470
3120902
3136422
2978170
1346640
1359133
1755196
2925637
2954478
3729639
2026442
4091753
1088915
2984136
1066982
2730123
2020379
1049445
3834370
1704205
1752270
2744735
3560173
4002010
2025462
4122989
3162922
2828731
1980015
1922386
3831190
1912299
3969637
1060133
1978861
3131772
3467203
1592718
2825802
3505424
1786639
3424836
3428726
2035124
2023422
4147278
3148574
2350118
3351988
1905736
3706597
3897053
3959832
3158697
4060926
2495301
1051280
3199118
2742489
3497920
2707635
2833752
4041036
1917731
2000074
4154822
847271
855712
3135086
3742587
3878962
1924978
3145950
2135990
4077794
3324224
1940500
2617934
3488918
2755471
943832
1769691
2770303
3142685
2013469
3166537
3133599
1549693
2335674
1939682
1846700
2980736
1900702
4043878
1077042
2070503
4020687
2111943
2812607
1051316
932603
2855679
1739886
2683753
1837905
1745691
924231
1725901
3983961
1029315
2053852
4040538
2484853
2556296
1875529
1901704
2916858
3654742
2066477
2050040
1080489
2048809
4112572
1094017
2171843
2456118
3576568
921705
1725832
3414991
1823019
3818697
3127024
3160636
3997289
1308734
3437580
1945090
3870292
2928472
4378937
2195143
2065202
3313551
2389807
2590484
3551222
1732028
1787515
2735346
3543469
2099001
4176074
2096427
3846132
470083
852241
1707471
2931253
3716750
3873974
4171120
3171092
2150520
1546720
3135374
2713668
929944
1752292
3493174
1816656
3965518
3204659
3145248
2010036
1930327
2145048
1878752
2934494
2959165
3903263
1929105
2068525
3147610
3964045
1274669
2017315
1639447
1732065
849077
911057
2731035
3460717
1793229
3942376
4202344
2027198
3759633
1306124
2724362
3959263
1958296
4792916
2616182
2377843
829429
3260879
2701023
2781535
3874774
2980220
2020496
1721597
3265837
3185939
1623576
2689888
2825542
3514214
2723721
2687638
3161690
2419164
2406313
1309590
2476264
2674346
1710954
2719227
1616047
821006
1564380
820537
3251497
1470059
1333817
3398137
3586174
1736719
3259065
1647837
1489401
3075810
1492407
1297339
1598520
2719400
2679325
3359759
802626
1613938
3066372
1601001
2776879
845960
1612319
3380104
1819299
1740163
1620639
2469919
82127
2365435
3040609
2110543
3421825
1798759
3341426
2491570
3149184
2939177
2998560
913518
2129138
1723253
4721949
706823
1426962
1830674
1926844
2932438
2743046
921951
2739814
3596450
517304
1033684
2425866
2711134
3526414
2877592
2886989
2824777
528758
882757
2052065
2666532
1432357
3403177
1931997
3100225
1709282
3590230
3575782
1641493
1645746
67095
3460742
3436210
472799
1428380
363919
3344636
2140715
752584
244533
742745
2560572
756552
1811227
536830
1584895
3534208
3566485
1228792
1093830
624037
2505398
783106
2247123
371330
927138
2516119
519409
1208544
1748123
1079604
2712246
1607417
1384142
2942468
772719
751985
3414135
580230
26324
349220
3123262
3551398
495505
1730818
2564095
3634208
1598716
89263
1637010
2181601
1995330
215974
653780
1689300
2043489
2234219
2434741
837803
1319563
782916
1452399
382014
15484
1857068
647507
1137497
477590
986836
1864961
1591814
1107494
1779960
3392514
2519520
17775
1557330
1110518
2892420
616303
790690
447226
314877
2132370
1984951
1381279
1350808
3500854
2665238
401500
3201547
187720
1645915
903844
723491
1102143
1678166
1771130
993419
1755881
949142
651348
1096680
1412224
180801
2173935
2000938
1302710
1820246
1388967
3368720
1162272
1174409
420744
2606382
732723
1106764
1639281
3429862
1680157
894144
977114
143457
3630071
2117901
219956
247591
1051391
248302
460124
3094235
1210115
88385
1576890
11038
3423606
240843
1561259
3311811
1515172
1973429
3265111
493583
2749830
860651
1634563
2216736
1841650
3877865
1944597
2708901
1794707
3719735
2917684
3615114
3526124
1645299
3301998
2793444
2424602
1174259
2853736
2046275
2997767
1769248
1683234
2768277
1763689
2761867
2740728
1752661
2747454
2754398
1686332
2874971
819594
2098089
2142412
3532244
2938642
3636011
1836136
3545498
2538485
869651
1813283
1789588
2824866
1483614
1935039
2508229
3592773
3511777
2688843
3529443
3567369
1637088
849862
3233399
3615969
3375258
2593125
2170664
2553065
2912333
990857
1861947
3594242
1849099
1740756
1676954
2520599
2724494
1764898
2031930
1710561
3198084
1052503
2552835
2690272
3543591
2789340
948848
1767009
2754238
1764580
1854112
1763235
2755543
2210187
2127822
2075435
2558005
2140844
3496740
1941323
1846283
2840589
3507294
3380483
711967
849460
2547739
3746758
617735
713477
781519
2779119
2102883
417767
3103771
2679031
3426061
1825135
3589441
2765414
3629660
2884499
3089797
1649651
3271555
3038485
1771364
3610346
2596368
2686648
1789155
2759656
2519004
1608103
2659663
2755203
824745
3542540
1926375
1360908
1696941
916149
1716156
3482399
1854646
1778901
1770719
2730977
2771835
860245
3689211
2996403
1023303
1919294
1310869
1188986
1793416
1780847
2804573
3499493
2712184
2768212
3390875
1516655
1531929
2668297
2749779
2473501
1929164
1510360
2178243
3437178
1801146
3593281
3656625
3549464
1717320
3650867
2520323
2461896
3162480
1270552
3588952
1856871
767854
2754687
3507873
3642277
3315545
3355534
1837425
3545525
2112313
2913856
951372
940568
1795029
802063
3593667
890597
3403772
3395192
2512441
3447229
1702050
3944610
2266135
2574677
3501743
1738213
3502789
2747693
3387620
1835508
3685674
2716006
2210515
1407151
3432595
2118406
3052256
997915
3752660
1798034
1770471
2798433
827886
3333739
1681985
1731232
2890287
2536851
384876
2842825
2599691
2780179
1974081
2734467
1937314
1916812
926920
3606892
2545725
3111203
1848021
3752202
1602961
1859099
2443045
860766
779901
3737851
1897952
1792935
2646700
2728976
3502881
1820626
3610984
656484
1195770
1745156
2736422
3539706
1244401
2197904
981187
1840589
1829845
2803022
3279185
1844993
3629222
3534595
1542483
2707862
2765451
3625967
2017010
1179402
3371183
2663861
3448107
3637630
3573195
1714559
3724054
987830
1551673
2588422
3037703
2910970
1815820
3569374
947822
1638857
1643337
3644285
3424007
2456015
3325465
2756353
3304471
2605084
3454001
3646521
1785576
1644316
2753109
3589318
1517311
1591581
2575063
2609059
3155456
2349036
1627818
1860039
907724
2671938
3396154
947634
3527779
2760091
3491856
1890444
3767858
2897907
887004
3208532
2727376
1355190
3648771
3806317
1914583
1825157
3580217
3148528
2651878
2829933
2078990
1578631
3360027
1407984
1373449
2566387
1875134
2916902
2871314
1765645
2774066
2516926
1610961
2706334
3783072
1013458
302845
2035979
2584970
1016801
840526
3804776
2845073
3419377
2781133
2751032
2623759
2810250
918421
1749165
1733363
3234020
2320480
2377062
1882277
3652248
3436098
1650474
3606707
2779206
3504258
1027414
3489613
3526368
2502955
847252
876891
2732166
3498059
2746477
3481015
948826
3513569
2764422
3537703
1717377
2725915
785235
1444147
2576904
920258
1709969
920798
1863217
3461085
1665897
3582872
2812685
3290287
2581419
2765636
4216680
2690134
1782473
3529830
2778010
3342980
1815538
3588242
2462696
3216355
1682668
4001113
2410279
1968143
1341328
3374215
2660116
3444922
1817909
3587674
2759641
3738308
2688673
2213006
2877166
1963244
2137973
1420014
2764367
2879642
1858058
3687976
2786498
3166903
1509513
3600105
973643
1816752
1395505
3230422
1298236
2790733
2758247
3791792
2888792
3635862
1740487
1685329
3352174
3625383
979870
1764406
734812
2138067
2363839
770436
3554776
2912926
2788023
3472271
1705130
1760115
3597279
1752713
1262788
2315978
3442371
1661431
2524036
1264752
3426875
1884617
3622433
3531386
1696033
1797975
2789004
3490374
1906953
3458942
3765047
1316441
378644
1487852
901484
1803181
3449520
935170
3550126
3468907
1822240
3570856
1758758
3473752
740084
1389910
1599930
2692181
1234021
2788473
3649780
1834850
1693927
2734692
3511706
1752244
3331763
2707389
3547050
3569319
3268715
5652458
947901
725399
3010746
2917012
3693685
1820938
3555994
3666247
1167573
2177530
2697403
3414821
1855040
3773491
2293270
1849268
1867745
2503940
2753636
1569074
3803509
999955
1880041
1776277
2723476
3842381
1324873
1851370
1722033
3411964
3455022
3728722
2983721
1322098
767665
3434525
2762310
1410427
3847726
1801674
3759073
3648673
1581211
659578
1294103
649919
894285
1123993
896968
3466587
4324839
1746707
3318267
2569190
1653978
1376261
2068833
3581628
929726
1707095
3401111
902130
1794331
3581268
2583227
3334472
1764309
1806345
3530356
2488737
733771
2795083
3674066
1960753
1885109
1846292
2777432
2663308
3185482
2672572
3627636
661211
1462374
2743440
2125704
437326
3118407
3390078
1830385
2628519
3473738
1768605
1724467
1810512
3790221
2483437
2395432
3207060
675375
1386621
2779683
1945010
3849027
970228
1900741
1829538
923620
1771757
2557976
2496584
3599590
3068755
1671852
2677436
3078115
1705893
3609422
1819942
3355043
2750443
3329829
1651284
3407031
3622665
2380694
2495106
2185308
3331689
1931115
3823391
3611545
939434
1768618
720254
2511097
2675809
1935392
977388
2312754
730643
1950724
1949424
1749679
944275
3445375
3398209
1773671
3613498
904724
1805496
1818903
921095
3761704
3388626
2372928
2568652
2600219
1332379
998427
1761959
3643044
1862859
1777856
1832544
2501779
2496705
1762165
2866225
1995866
2093668
2296846
3041398
1830250
3633980
3447225
1804173
3542134
2605240
828030
3369727
1866783
770481
4154201
2678194
1392083
3323375
2908169
3816788
3613320
1710665
3253269
850832
3700493
2771514
1455455
3182467
1263655
790424
2175007
2681521
1716011
2734859
2784743
1776205
2702061
2709761
3780161
3365615
2324629
2584421
2581090
1435168
1413866
2909243
3654853
985573
3557292
1697679
1684925
91566
2383650
2550472
1830030
928829
2784245
1127472
3224693
1239811
2196220
2560928
3499688
2761074
1215991
1536711
3515604
2706527
3602749
1938700
1439868
25361
2402042
2605477
2726960
1708467
1876472
1868714
1797091
2612316
3109847
1799249
2613365
1671166
3176946
2658203
940725
2438494
2629746
16364
971516
595229
2959737
1688063
1707547
2752577
2709298
1148137
3547682
1790176
2080326
1666923
1607037
1202723
466553
2349072
79998
1772869
1334369
692145
3004498
1369691
1811245
3659827
1724683
1717442
1674221
2825495
1555149
2636523
3477971
1791636
1774360
3144629
1278778
770947
869745
1281104
3377642
924184
2302468
1852803
1783306
3060376
1188234
604707
1783488
2722731
3398307
738315
1786981
1666572
2795696
3092272
3684298
1717304
939058
3391353
1287442
652786
1033422
3200976
1084723
1668605
1545140
2347229
2820573
235723
2821893
1901030
945769
11291
1791553
2170578
2608459
1783578
1812871
3188417
2120267
532046
1826148
1651506
1780354
1580700
3310226
2040502
634403
1528528
2654354
3347022
3200667
1846172
1781572
2770466
2160622
620576
2077467
984026
1895856
2021165
354921
1691250
3116176
372390
2682165
2363244
3637437
281216
1636463
1845119
1793824
2736767
2591245
3106453
1151782
1826543
1837311
2049108
719047
3076413
2012794
2895457
2918469
1760953
997291
1900111
2784408
1658245
1859033
1642497
3284694
2846679
2891158
701134
458947
2780495
1497367
1083819
824421
1772301
1743784
2910764
3488801
1812363
58055
3586031
1717857
3474192
2622108
3459880
3480519
1993675
1522106
1238883
1742825
3717063
1897070
3453255
3520694
2771146
2732227
2759429
3482127
1778288
2214791
2250782
807400
1639573
1767729
2737537
1796305
932646
2751718
3429439
1775667
3605948
972855
1719044
1785061
2854362
2889967
1203017
1323919
3450075
1865027
3476331
1611183
3593444
2771600
3242248
1725119
3508201
1703679
2361057
1929315
2508960
3500322
1858571
3426742
1687664
1806495
2794350
3089182
839524
1621939
3566078
3436003
1951698
529648
398525
1520572
3451614
3516604
1848489
1812173
2751421
2745538
1754375
1920851
1759565
671829
1447527
2878879
2629232
2853733
1845043
3801067
1914278
1752172
3662038
3270034
3231087
2690803
1820796
1827984
420677
1869786
1609403
2752194
3376599
1972591
1915914
2894281
2767324
1768427
2334934
3215281
2850865
2383402
1316931
2273546
2836943
945383
344945
2389151
3169703
807487
149497
1755553
3391691
1703741
3614345
2696722
497652
2420830
1923965
932213
3644868
1062254
924853
1232261
1855952
486424
2157994
1810133
128252
252907
1593064
1768815
3469860
946650
1811605
2529801
3363866
127751
1684187
1517561
2719906
868909
3955957
352923
2144849
347606
2383271
3215076
213963
3295625
2548006
1518657
2015392
2395628
2995913
3028433
535738
1139545
1406362
1359287
720004
2742381
667084
688795
1162225
531089
1719196
820042
2846216
2601969
1034456
2865596
2072205
2261444
2727679
2620533
2178875
1750919
3798995
1349150
1201911
3604651
1760397
1747738
1715705
3252596
1813061
1812885
208482
2316319
509157
2755986
3467413
2002834
2670063
305106
1102456
750455
3151007
1308968
1399639
3539339
2765706
947406
1750706
3493234
3703444
1866051
3018071
1706211
3257818
2742006
2348248
3855423
1956789
2543943
2834513
1038957
3319774
1678977
3400892
3008459
1510931
2486288
2522842
583829
715105
730019
3416965
2810055
982287
1892147
2771204
1693265
2507146
3504012
1834158
801277
2347736
767608
3243108
687123
995897
2781847
1763203
816376
2924603
1637825
1715330
2767668
1621693
1146242
1779513
194600
2517231
2045307
3283981
99317
4114598
1224965
1948915
1268241
1845820
3758240
3588816
1659579
3588459
235842
2470071
1965250
717336
1595249
1812286
2723347
1742548
2939895
1741564
1672359
1758744
895722
3506196
2751444
3455751
1862649
1055345
3592655
1825414
3378353
1360005
1399641
2047179
2218067
3096165
1842737
3531820
2657171
3531662
179921
3510387
1636399
1652346
2632419
2728851
1738637
2943450
2315312
2072489
4288782
2609324
4366637
755733
3631103
1888993
3731361
3592574
2478695
2553611
1264934
2619537
3423309
1644275
3673671
3358887
55491
748815
1315255
743909
3457813
2662811
881068
603034
3713997
2934486
3553499
38740
1764672
3871743
677416
1139819
786926
2330136
3481875
1773479
3493154
1711485
1582617
2163089
2895915
1943749
2659601
1484179
3805208
2933213
3620391
4353530
2561179
1193604
3370937
1787745
1737251
2789444
3748731
1349966
1355350
2956042
2437647
1716443
1768228
1813580
2746142
3291767
1817097
3585272
2538392
3169903
2718644
2747665
1683636
2513458
2168193
2455272
3780907
1938082
1853684
2735225
3467037
2509416
2679530
3701657
1599854
771894
1931070
2554145
1707452
3449427
3511971
1801690
3437466
2753207
3604107
2465847
3064572
1699135
3281881
2690943
3206787
1846595
3735659
1865894
917244
3563335
2529088
3140254
1899305
1811685
2517156
2674227
2501266
1791805
3604956
2784473
3357457
1687464
3576148
878814
1575640
1566385
2563845
3467266
509694
2052118
2533839
752349
1362815
1435349
934188
1945659
718808
2927429
3052907
610659
2755128
3259934
1648317
3594293
1942179
1472921
734717
766182
2713675
2126568
831078
3462647
920691
1693011
1694262
3632637
1819756
3495938
934676
1737681
1864816
2857160
2838475
746669
2846833
2509518
2184966
3467850
2911317
3757449
195484
1554464
852232
917090
2564917
847670
1677507
1671265
3613524
1590665
676351
396629
785666
2887261
2955854
939370
2744152
1846404
3258453
1632815
1744742
2733570
3276372
2458713
3492449
1812719
3601732
687869
2768997
2674787
3674917
1938544
3635566
1810828
1683920
1651804
2505227
3601493
2712978
744643
3096825
680018
1100275
2083027
900401
1730089
2666146
2703006
3552474
3605809
3515976
986442
971151
3496619
2727088
413759
1960359
1979447
2669773
751754
3572712
3837778
2820710
3552767
2540753
3140855
1925513
3719809
392580
710188
774816
2884824
2009601
1269255
3522329
2744687
791188
3640404
1709646
1771474
1775127
3674918
3357933
2464666
1905363
2452861
2686858
3548279
3571631
1729841
3482988
2721362
3211066
1703543
1722849
854196
913728
3465130
2477902
866539
2793471
2693647
3552719
1689256
3579604
3571538
1754650
3461259
2572968
2654530
413956
3120624
2161456
3535243
933139
3509091
3515871
2747137
3341472
1671879
3414934
951119
1775608
1760410
3554624
1046669
771791
3496537
3412784
2739715
3551099
2767199
3658242
3725995
1719760
742034
1380451
1366533
3364088
1471042
1793141
2742044
3420129
1672624
3515722
941287
3451091
2529351
3474797
1781181
4095471
1973350
2731956
1772993
2770346
2678781
1704957
2751904
2767213
3278839
1569134
3519110
4257720
2492580
2134719
1795988
1716219
1751715
3570550
3610809
1729954
1768415
2733791
2860253
3251485
2065433
2844091
1339904
2689789
2438930
3751171
1915724
1784077
2740780
2742546
1530378
871429
1664525
3538743
3201319
369611
2147476
1591264
2656953
1414744
3398277
985237
1838035
1826935
2798988
3461702
900503
3186838
2660176
3606480
1310606
1456976
2874291
1660412
844511
1784286
2846979
954803
2804337
3331200
1813265
3574500
947487
1768315
1760491
1874174
3469954
1807687
3475088
1458503
3073266
949956
1895804
1910736
1725541
3513134
2751863
1806796
906447
1726479
2515331
1854398
1737940
1795489
912739
2920918
1250998
2633712
3480094
3479972
2755401
3513329
1682304
1742886
2767215
2720549
2761936
1663796
2602769
3108067
3648917
3622846
3393820
1752165
3408224
3194244
1784062
3507653
2070007
2988883
2556435
3600559
1838595
1645923
3464753
1767123
869179
2677727
3353996
1735088
1724478
2748406
3563578
1910253
2287250
2719435
3543313
2749443
3436277
1812833
3604825
2816155
3308006
2033352
2409179
2573858
2684868
1765827
3747394
2941972
1650973
1822168
1754542
2583514
2510267
1820226
3642890
1659445
2615056
1290212
2667208
1465924
3493983
2897541
3577605
935451
3520677
2472907
791875
2565208
942802
1890593
2684009
737552
1900532
1952157
1901393
1701112
3754776
2857856
2529337
1720193
2760301
2746520
1752022
2650332
1984435
3577296
3125690
2193802
791086
3652278
1926251
3529922
3364837
940860
1755694
1704386
2715320
2675760
985790
3610561
1802317
2181622
1929859
2049301
3532988
3407856
2750190
3514105
2775592
2820898
872566
2867861
2487380
2389538
1894391
2593528
2719253
3532905
1862869
1690782
2679447
3461756
941917
3239887
2538390
3435014
1811683
3495459
1535507
1774766
3663797
2718914
3373331
3613784
1755695
3308733
881793
1752673
1769275
3046836
2529260
1221200
1250757
907835
1715253
3456287
1835830
1768647
1810833
2741897
3610234
1781927
3629926
3134910
1384884
1495251
1264044
2625168
1423390
3449912
2924164
1000471
1855077
3622523
3346081
2515918
3563838
2884603
1300362
2928703
688600
1207307
2734026
752037
3716985
3668027
1842895
3592351
2605103
2519560
3475948
3306830
1390991
2029269
2469176
807168
3256729
2878718
3535312
1574726
3581793
936034
1746655
1718088
2693056
2343948
1831500
1778931
2560163
1296513
2100868
1117933
3614278
3597202
1771961
3506762
940938
1778811
1766151
2738400
2680725
1812805
3552938
2272746
2742181
2681041
1738836
3468978
951321
1774707
3555695
1837677
1754070
1813720
2906342
2865340
649507
2647411
422259
3181439
1261255
3623979
3663416
1729966
1739746
2747324
3639323
1596306
1637657
2582729
3497653
3886286
669334
1419326
905048
1061072
3244587
5369516
2254677
2915960
990526
1762371
1857233
2901750
3583651
3898297
1285231
1795369
2653249
3499526
2729798
2764662
3224958
2421538
3195604
667822
1363275
1358006
3373864
1021666
1819811
3617425
939849
792988
4415062
1323149
1289935
1866055
3448908
2737472
3627396
3512237
1397591
1343346
1949433
2800201
2081613
3053518
3805178
968507
1910988
775920
924674
2738314
3712322
1275943
1985838
2703081
3512723
1699883
3733074
2451378
2383202
2574295
1947428
3557695
2770228
2726386
1677529
2700204
2744419
1725705
2520881
2600728
1772578
3683741
593228
1375329
2988842
960185
1925459
3808601
1777749
1783006
3524463
3160770
2683121
3641551
1494491
1799146
1055503
2436809
2150687
3550147
921047
1788836
1703488
3618946
2707093
2726397
1801995
2838234
3326914
1407270
2899369
1223895
1301974
2847021
2770358
2929218
1864848
2795121
2731150
4247983
878823
1576138
1740426
2790399
1615947
738376
2614331
1293237
3363766
1777955
766945
3597673
1544659
3497465
2725658
3325252
2583829
3625846
1791933
2187649
2658522
2179987
3585556
3602093
2779496
1683940
1776224
2580824
3175023
1838501
3690338
1219644
2889640
1927221
1285066
3327773
1687376
1701100
2739137
3420994
1796466
3572216
3726918
3441499
1350497
2030248
2912019
2674658
3211691
1951203
1764418
2910399
2707563
1843567
3280837
2539352
3535455
1893783
1957823
418982
490923
2135797
2804253
3479311
2781445
2644640
2662154
904260
3562185
1676492
3275955
2728267
3972612
1069614
1199803
2698267
1466925
893124
1844938
3662527
2848249
2717768
3492641
1602198
3372045
977025
1740133
2220112
698463
2350118
1941339
1057784
1609750
2711461
1739771
2696705
3471227
3568408
1789918
3612846
2815639
3138519
1461015
2801536
2664214
2817279
1775624
3783090
2900703
3508103
1836203
757611
853179
2545525
3486901
1898864
2183385
2067722
2635997
1387660
2350297
3476531
2738379
3509601
2698000
2739475
3540161
2243538
1752452
1918476
2531718
915024
1819113
899556
3678414
1695795
829134
3537342
936075
1659546
825174
2538673
2528276
2744744
1781402
3396166
1959095
990206
395510
1306615
915711
1725490
3535929
3454329
3567374
3510864
1844523
1823201
1838185
3164101
745361
1113716
3077499
2076016
943752
1770867
3640385
3298666
3529219
1745225
3309975
3151261
1830286
1782186
1802361
3098809
2256572
917227
1732900
2643380
3354230
1801997
3559502
2701374
808638
2725615
2863035
1907152
783931
2766458
2361945
2437260
1795824
3574516
1783885
3360991
1661937
3557295
1656456
1574903
3261263
1743869
920688
4145446
1536519
1197891
3487981
1795681
1831261
2664634
3301143
931347
3506929
3152239
1663897
3605688
3305776
2210294
1952093
2313704
3370063
1803861
3585217
927668
1751317
1742145
2754019
3510217
942104
3245650
1292741
747515
830843
2019798
1970319
2161576
3212531
3688713
3735361
1836065
4226811
3174728
1813626
3718941
1512250
770050
2706623
2720669
1391913
1620259
2906294
3654094
974033
3443575
2680222
3145358
855103
3462237
2994676
710831
780832
2121702
1957753
1267461
2598300
3609753
3558842
1608033
1799599
2746379
2739311
3523967
1682353
3488048
2387214
2839952
914441
898470
1866847
2829785
3538776
3448461
2724971
3544184
2494530
3130203
1772655
2580947
1992924
1053756
822708
1461355
3553790
1723222
1783987
2702812
3396712
1783539
3629722
2917134
3282676
1979538
2419231
1929639
2595420
1778275
3667487
3477774
1714188
3555367
2558963
854253
1596013
3444228
1850273
2576618
1282689
2032176
942955
1789479
3589386
927893
1744948
3476336
902664
3567302
1676657
3184461
943645
1670941
1742514
3270508
1247509
1590328
1963128
3472383
890528
1807024
3460266
1804976
3532192
2709259
3547452
1698696
2909195
2935205
2475362
757441
1374227
1389343
3852290
3705238
968562
3433988
3321442
1676324
1633477
1809115
3791673
956561
2309799
2113666
2705269
3296133
1960229
1782118
2889870
2728748
908511
916561
3200460
2465300
3409484
1823732
1893280
420674
1908358
1243962
1761979
2232849
966298
3636021
3561632
1632097
3549507
2707274
3526134
1899369
2528085
3997318
2353361
1628095
988856
3773478
3748583
1730220
1669773
933127
1742313
3494273
1807217
3179055
2053047
2777423
2331952
2211529
1596614
878011
2630113
2646466
3474998
904254
1808396
3426880
1777961
3624268
2893637
3090227
1781895
2576488
2706007
3537402
1826582
1727673
2639446
909461
3482419
3442997
3250083
1698087
3486091
3224134
2657852
1815159
3618091
2730382
3420662
3587693
1776804
1572845
3345640
3907018
1201364
1103190
1522892
3545434
3403557
2725565
3530491
3587718
3750861
973551
1897003
2882728
2787896
1455703
1217010
2730779
1622425
1916625
2933036
994456
1864301
3488694
1874788
1616149
1656033
3440800
2864458
2265434
1942395
2809638
2825295
1601403
1922615
2902116
3578849
1810159
3500641
2490504
3370404
2872148
1995803
2270151
2194732
1871964
1446111
3706233
973781
1843534
1692493
2649408
3427377
1797183
1780638
3385203
1221607
3461633
3935069
2265756
2727726
3791514
1775386
3219016
2715241
3417087
3571496
918197
1192801
386628
941295
2769997
3920519
667363
2050594
2783202
2648819
3367162
1791661
3553256
2729776
3590673
2878862
2614368
2615970
3045604
2017002
2757899
1762913
2755917
2569816
1665807
2740534
2735453
1602766
3221647
922130
1768005
915567
4168253
2753250
4175095
1122447
3693238
1080454
1099199
1667975
2340640
3214909
2530591
2952805
680656
684977
2566633
583920
681525
1279462
1270782
1924323
1933733
2930008
2612845
4657153
1019827
1339031
1358207
2680958
1589714
2333788
2357754
2289028
2967260
4419511
2401205
2738573
3241648
3336885
2249038
1681530
4307443
3467208
3633929
2322531
2310397
1099659
4440939
2710197
2536191
1105861
3826819
3153938
2324240
2400370
3667976
3102602
1831131
2343783
2094431
2339614
1721111
3029221
1317007
1325455
3675396
3156304
1130655
2308054
2360647
2404930
1691542
2762932
1242414
3974764
2386986
1677269
3466251
2959565
3156367
2435120
1229968
2354946
1153580
1087501
4453354
3284034
1103867
2413505
4196808
2139683
3651532
1213418
3198371
1676390
2939149
2454019
2022005
1412173
1846845
3124172
2427877
1134753
782802
2975695
4444720
1804777
1701453
3726408
2455737
1520211
1824328
4668560
1899639
1332198
1361248
2945978
4095471
2566770
1815154
3183110
3235570
1732831
4785229
2715923
2831003
3636845
1032640
1467671
3707097
3101349
1080303
2517135
1250795
2216632
3510113
1180627
1168986
2431508
4572964
2488718
1741890
3072891
3343305
1037976
4018589
1214361
1761961
2197536
1653970
3490667
3695657
3225759
2381349
3253767
1007264
4724126
2570203
1990989
1721992
3010105
3435936
2552684
1220865
3459604
3896781
554960
1634161
4637549
1316222
2181468
577605
1526533
4703431
640767
709658
1313467
4341988
3246219
2202457
3658497
2870531
1050906
2716899
4709021
1441235
1285220
1747815
3033059
3754156
1110378
2169303
2403279
2575045
2217684
3284835
3529260
2158175
2868936
3679490
2748217
2586543
4389997
1275595
1054170
2286493
4806058
3010304
2078301
4143954
2106320
2526531
3644323
2558772
1116867
1107837
3329516
1250091
2225417
1363010
1977652
4789886
2960587
4343457
1283119
2340832
2042836
3624516
2939131
1927023
2393282
2817332
2686522
4677710
1079204
3751758
3207862
2509674
2503449
4814729
1433532
2506426
2095137
3619541
2592427
2341225
3213808
4229331
1096405
4179757
1253107
1594772
2171109
1864819
4782335
2821879
3804001
2308783
2411984
3027282
4020758
712051
2403931
592545
1040285
2040967
3640855
2880032
2119757
4612037
1791668
2021570
4901194
1274192
1067417
1690445
3981671
3661986
2187972
3695804
2720642
1824170
3680596
3237443
1124950
1098449
547087
4400256
3356435
730344
411583
1219797
3653978
3766838
1167371
2409056
3473263
2217870
1155046
3656768
3983681
2052614
3702804
2938757
2549103
4358571
2731870
1680156
2638021
2465256
2355071
2687889
925580
1114929
2020045
3622349
1824524
4128225
3415134
1101306
2263394
3658417
3333266
1233476
2008406
2395861
2807815
2136365
4129241
2296268
1384651
1394637
1133481
563159
3549653
3825646
2129675
3665194
2502162
2017880
2429232
1212347
2825676
1848068
1146403
3369475
1636434
1687545
4181453
2176468
2531567
1788132
3217353
3801656
1379829
1070075
1095189
2971081
2427415
1012678
2551374
2392244
2314679
1940556
1700872
2203839
4604219
1347235
2963937
3681197
2287748
3160470
2424189
3254467
1825465
1688394
4276941
2065452
2688935
1694005
3384919
3452913
1272633
1002542
1125291
557984
2139084
4295367
3522869
3651149
3524327
2340980
4742136
1782643
1075940
1699993
2310045
4500857
1455257
1305905
1163808
3498551
3440842
1652146
3547594
3508300
1111430
2125377
2129657
2385156
1907334
724182
2246479
4644882
1620165
1303581
1162263
4506335
2052127
1129893
1708807
3222800
2439612
1801606
1333421
2233623
1393159
2376238
3190216
1806750
4644078
1030132
2216216
2280705
2449788
2383509
2325053
3072315
1238781
3902558
2704491
3695469
3365645
1102711
1096850
1126411
3640735
3615276
2314853
3617246
4138094
2416731
4623665
1234914
1580585
2796040
4787255
2311490
4760561
1516639
2104666
1070252
2291943
4166998
1429538
2218893
3070379
3404434
2508573
1187216
1318183
4557459
1053173
1055772
520746
3379887
3753492
1108382
1127819
2218496
3616263
3171961
3581677
3353486
1759044
2987297
3515279
2723318
1179898
1088517
1769248
4626714
2126354
2198795
4091589
2762040
2224688
3703663
2381127
1669010
2716001
2457467
3591387
3566056
2417024
2911856
1167263
2396028
3400390
2198007
613555
2917916
3625462
2881065
1206728
2937455
3614188
1973746
3001602
2458947
2801481
1060748
2932000
3618248
2406226
2580133
2364920
3025838
2139731
3803159
3256442
1708178
1698287
549770
4686289
1762906
2538954
1031504
1496904
3679307
2356924
3662616
2373851
1070586
1092397
3189966
3285279
2393621
2454509
4174132
1324117
3344306
3688862
2457197
1137699
3108972
4395141
1372145
3239877
5422480
2349825
4785016
1258259
3325346
1209563
1938759
3671574
1859613
4277439
3071634
576107
1125031
1235938
3625045
3325589
1222556
1644328
4000678
2314190
2656824
2077529
2233876
2325822
1806537
1893225
3633490
3197427
2219083
3889134
3719426
751801
3437914
3507862
1814749
3969173
3723731
2635873
1128513
3823424
3117296
557646
1387658
1052653
3133892
3665587
2320423
2439154
4020778
1036721
1120090
1746368
4598686
3047149
1267982
4671330
2200624
3337215
1238186
2272024
2315586
1690614
4080517
3473167
2311346
1094075
3192746
1227130
2465946
3504663
2401619
1605714
1656481
2274529
3641126
3320886
703134
3640546
3327679
2719008
1612996
4711550
1867779
1691533
554350
4165453
2160688
1425798
2402540
2399152
3686898
2452555
3519524
3083615
2107833
1115065
3982066
2205580
1353111
2082662
4529693
1745200
1320075
1304906
1861809
3685913
2549516
1138939
3092535
2257891
2092036
2136853
4051932
2338991
4471942
3678673
3669360
2167858
3907822
3143861
1834083
4681201
1613545
1293900
1142270
1712443
4640817
3006923
1144712
2427871
2258258
2389543
2989442
2045228
3282046
3660736
1291232
2364853
4000330
2207092
1019977
1962324
4486583
2525378
2401763
1151556
1116841
1831914
3727763
2473953
1463177
1400892
2287992
3868566
1031897
3325025
1733703
1781962
2358062
3356009
2905237
4570242
1240842
2139006
2384260
3687241
2975344
1419380
2383783
3259803
2189600
2451871
1232554
3314878
1693865
1821967
3672070
2753460
2321730
1088290
4151615
3302979
1704279
4594314
1857699
2104550
1670247
3536942
1717441
1320998
1016599
2387442
3577725
2711490
1366362
4725777
1539100
521030
2156091
2488260
3704169
2313909
2255080
3735576
3609262
566625
1681904
2301116
3602050
2093094
3460664
2465346
3048454
2694107
4278149
682406
2443889
2260175
4179031
2603513
1157530
1078412
4327498
1269428
2417341
4757953
2864983
3914757
2400367
2555853
3668489
1957554
1303366
2219305
2590793
4328690
705699
2427336
575109
1005908
992523
4746092
1466305
1247615
1123644
2270230
3692291
2122612
3785427
2420739
1335625
1072892
1663666
2755804
4205540
749385
3110888
1250034
2238079
2763207
3935894
2232814
1521648
2635929
1619268
3419830
3770644
2349410
3182726
2366381
2895129
4071816
2217454
1259162
2189774
3411147
1219443
2190357
2584589
3317697
3733641
1117600
4087878
3510957
1678214
1094725
4436753
2043081
2384184
1800261
4206160
2121521
1065261
1680684
3617987
1127464
1257425
2177328
1146864
4728279
1047191
1239685
2151674
4638979
744509
2946148
3621351
2442681
1720905
1730706
3690960
3448247
1208040
2222382
3677216
2727601
3220633
2414318
1872143
1117675
1126295
563990
2176483
4620119
1415647
3148361
2381970
1200265
2983520
3329848
3624915
2779224
1727040
2004991
3703033
2871801
3219141
3874965
576785
3409584
4106633
1984469
2201784
2451442
2408644
3044763
2183377
1631922
4721277
2063029
2134033
1518995
2386547
3543268
2547139
3676389
2058030
1708971
2107842
4645095
742958
2276315
1224206
2243050
3611191
1107890
1883730
3623408
818608
1409922
1339870
1686165
3225263
2473234
1770066
2526028
2615133
2376403
3457120
1107846
2334064
3451259
1805707
2085451
635369
4730363
2344214
3145790
2459584
2025906
1182699
2359756
4655390
2198185
2257143
2473808
2398763
2953595
1729537
3398850
2482119
2562453
2121504
2368807
3093926
2107688
2814115
3601264
2664161
4280974
2099956
1927689
3147980
3644538
2075767
1711697
3194160
3662102
2702441
1997271
4496018
1910091
1043057
1822177
3675364
2617451
1153709
1072001
1857803
3711664
2286198
3160326
2464153
1986587
1324415
3108277
2458311
2844364
1415272
1307875
1649242
3855926
2479668
1066990
1350848
4786053
920599
1167977
3362492
2427577
2639058
1059682
1073209
4805260
3059291
1730764
3316548
2363414
3089113
905582
2475867
3720649
2516525
2466488
1770688
2086410
716094
4742584
1500697
1310940
3709693
3837740
2904625
2432192
2170366
1392008
1980281
1652110
446272
2231792
2290554
3213599
1277731
2350386
2288251
3770443
2444190
4594304
1257003
1112624
2518659
4883498
1374698
3083109
3594188
2298589
440702
1499355
2396133
3797490
2081943
2088634
3687771
2564847
1848847
2411834
4895410
1078387
3579472
4015110
1138989
2098205
3204555
3794063
1360352
1510270
2365922
3232828
2047968
2345044
2327388
3067885
2236033
1877959
1241152
2347030
2794843
1802813
2274139
2489996
2351368
1486595
2254418
3673112
2359799
2087728
1101698
4809323
2908716
1210714
1214187
4493350
2084483
2262735
3636806
3046275
1685099
3176028
2430359
3305180
1396787
4577988
3214117
4161539
1105885
1105492
1096523
3323030
3196891
2333391
2582724
4758394
666266
2565957
2119760
2317459
2457648
1623436
1069264
890955
4775395
2529976
1119848
3232711
3648349
2144888
3581501
2434490
1594110
555863
3388494
4123144
696313
708289
1366338
1515567
1458396
2402392
3202566
2600400
2370913
3698370
2962911
1996203
4338830
2267542
1672181
4286334
3307503
1219207
4478101
3144853
3518407
3413613
1769752
1687350
3712910
3909109
2478383
3181124
3671843
1770494
4469553
2058405
1158573
2190953
2790904
3621458
706583
1320103
3746947
3908854
694416
1353922
3272059
2194971
1120573
1440209
2418168
3898056
1402702
1042298
2041396
4717071
2412427
2374615
3910607
1667546
2274345
2460879
2356825
1633961
1867529
3634656
3579089
710285
3008750
3627411
2705334
1164231
1057645
513830
4649635
1117018
1279740
1294897
2950712
4165526
2448850
3692075
1704281
2020945
3715599
3226518
1745842
1783447
2489058
3897020
665927
1040284
1714045
1916285
2391751
2668607
2294977
4507773
1314703
1070256
1125217
2268638
3729533
2983093
603081
4298122
2749965
2680630
4712000
1374656
2432443
1662854
4552629
1846964
2491119
1662338
3409715
3034606
1100640
4498578
2543962
1079079
2204978
3402340
3703600
1687473
4879501
2786968
2657564
4410469
1704505
2177176
2180721
2413855
2579309
1825689
2446255
4891438
2261278
1251016
4527873
1655675
1098360
1039591
4223282
3430302
1278664
1840659
3657011
2335697
2761437
2447179
2320406
1370192
1701078
1654047
4658787
3208943
1697950
1937322
2481139
2368105
1130595
3692187
2397135
1495538
1633259
1679079
4241214
2135742
1377224
1124958
3615000
3072671
2547068
1694986
4568709
2350583
1687390
3158740
3922814
1869915
4686310
4188568
3632568
3663691
3423213
2407252
4692241
1068237
3931237
3079047
2535775
2338564
2475114
2398812
2268949
1852878
1254336
3202260
3189915
1401790
695781
1002768
2007115
2438035
1818275
2987466
2442314
2119842
1762866
2149154
879784
2263220
3887997
752625
3426051
4271780
1059062
1325778
3653158
3461897
2428273
1098315
4437684
2746081
2460985
1011657
4383139
2522870
3547115
4068242
1080463
1055196
3034274
2456802
2072246
2736202
1269349
2254137
3440484
3147376
2397893
3068303
1701466
3094304
2359038
3387889
1854333
566765
1619339
2291291
3007655
2911427
2474478
3230446
1668729
3000286
3678832
2957279
1840824
2419372
2925581
2162262
441596
2343094
3591941
1290416
1702220
1684284
2357148
3480462
2144971
1100451
1639158
4881910
1482209
1087409
3477267
3548174
1101859
2109815
3428272
3747807
3249109
4479487
1400190
1387709
3005033
4127146
1347187
1323033
2102665
2181200
1226312
3448798
2551673
3692360
2596698
673814
2443706
3929439
742003
2385892
2510711
4393907
2516340
1178005
569754
4021809
3648850
1281388
2129900
3544526
3280683
1382601
4760950
2051792
2148397
2702637
3668909
2760284
1631196
2246072
3047268
2427479
1233226
4290975
2141544
2224305
1285100
4762613
2263353
2296378
3666376
3297030
503759
3510364
2447963
2708251
1718498
1208906
1228104
2333183
3516331
707812
1612004
4637306
1398640
2989524
2238829
3354477
1668852
2927773
3649246
2282095
1145251
2444400
2427205
2296368
2034978
1601365
3661867
2399559
1063068
1678395
4007636
1937431
4369807
2060760
2820637
1736633
4533362
1865635
2133391
1818523
4553551
718998
1378870
1110549
1615101
4786577
1586963
3140179
2197989
1985444
2275244
1055892
3744673
3241828
2180225
4028374
2960661
2541340
4405035
3468345
1349868
2179301
3334208
3584890
2484921
3712245
2597753
595778
2253792
4093123
1434951
2229310
4060037
2278100
2575378
1039277
3091140
3639068
2807498
1165751
3164241
3683691
2391864
2485679
2260656
2193406
555166
1136479
1079583
3167668
3955340
1461837
4170411
3448851
1107664
2202991
3603122
1404816
2073964
1719907
1672072
4681648
2062327
2222778
3901517
2960469
2106909
4742034
1294991
1099527
1677122
2764333
2346788
2582845
3161776
2329471
3440549
3390185
2428128
1827742
1668508
2205070
4842466
2888317
1756331
3338107
4058507
2158598
1094400
4323239
621991
1066418
1098739
2091151
4624447
1416380
3135943
1236948
4052113
2106751
3905132
1256327
3047111
2178583
2823624
4150289
728479
2387921
1045992
2104209
3626916
2289093
4881180
1554319
2072572
1684770
4609417
1812155
3004114
2402982
3702807
2528676
4608231
2600377
2504147
1654536
3578766
3321798
3873658
2377923
2437726
768551
1241567
2354823
3058319
1054723
1075317
4209147
3395614
1895797
2731544
4679214
1414172
1254336
1721980
2981576
1221513
1217416
2535793
3464201
576635
2111145
2786096
4192887
1435371
3871332
3360009
2286015
3671003
2938872
2517628
1788351
3176853
2309208
2278527
1879598
1080073
4328908
2044040
1052813
2984939
2330482
2890740
1051296
1598054
4671307
3122198
635187
2045430
4478925
1162294
1108786
3708469
3347649
1659381
2815219
2404077
3445883
1862002
1643536
2467484
3842052
2180789
4591706
1364664
2181590
2195543
4640189
2712954
1931715
2287257
2912144
2574761
2320866
4304258
1652540
2091175
2353584
4176010
748911
1264660
1161053
2291248
4545006
1066469
3889905
3744094
1021015
1104094
3293768
4194937
741767
1400135
1825114
4600891
2584449
2793962
4336954
1713279
1686555
567142
4635771
1769282
2767688
3650192
4271408
4196389
2203617
1027064
2253564
3610979
2046212
1185883
1644848
3488577
2331027
2152509
1694757
1054046
3426772
1232878
1751950
1925990
4566054
983899
1210575
1681487
1916512
4767342
2876949
3973969
1227292
1847654
1061675
2684014
4256307
1445055
2395348
1122544
1935599
4441585
2061693
2198520
3227293
3742339
3609173
2387948
2711400
1065203
2969932
3682227
2225578
1132407
3559283
3130526
1057576
2644426
3665731
2425591
1153515
1065218
2100268
3640962
2738750
1081372
3083121
4243942
1092456
1766213
3660133
2302412
2160910
3660706
2424867
2799057
2839995
4267050
2117930
2561872
3624405
2172367
4349822
3358501
1102562
2170277
4834610
1541530
3283694
3599755
2312699
1681729
2904260
4142569
2937364
3636667
2680677
1330023
2495726
4603821
2224028
1668530
3087572
4059151
3120318
2313944
4356041
3676964
1424893
563049
1655257
3585104
2424038
2970329
1740760
3733475
3247849
2579217
1673245
4454166
2845764
3045932
4072252
1051669
1108748
541737
1204085
4627129
1721383
1383841
2716850
4330878
1697090
4179751
1240814
3033216
1868345
2790466
2419810
3584911
1924289
3022327
3675653
1858434
4185057
2121510
2293983
606750
2810719
4597106
2579031
2253292
2390944
2544491
3022424
4488742
1098585
2160582
3545386
2409521
3025466
1756667
2733178
4229960
3025889
4423075
595276
2208403
567966
1234589
4658645
1529465
1367221
4098752
2326148
1444196
2101608
4135974
3357653
1082652
2215418
3649482
3380279
1237886
2279269
3680553
2695779
2314525
4608759
1206475
1045913
1683181
4028657
3028361
2916575
3636352
1104931
2929530
3930519
2366713
1557990
1718573
1662541
2088858
3688050
2717628
1761326
4575876
3335570
3243664
705513
2431652
3033045
3680338
2902354
1726076
2659638
4273631
2349805
1749379
3143260
3739251
3249284
2396069
1905991
1645384
1669377
1597860
3655386
2480014
1301080
4201241
2173523
2238910
3640116
3607008
1352915
1064240
2567396
4724726
2872167
1048783
3760276
2450335
1158037
1291742
3708105
2137935
1140556
1699068
2023980
4625250
1483968
3239096
4544076
2219096
2181490
2400529
2562698
1693207
2656493
2252699
2322961
2185521
2296517
4021731
3298204
566465
1977655
2335829
2804116
2078767
1112081
4257741
2114964
2564829
3780111
3563946
2620526
2453006
2391158
2113961
1674097
1108591
4384122
2671735
2280442
576429
3458197
3383543
2521630
2397088
3690141
1676584
2602945
2467526
2214332
2056596
3450117
3523992
2129490
1249348
3534596
3174517
1326270
1933410
1641436
2151589
3635027
2575425
4716814
2582928
3174082
3340495
2025443
1189908
1077353
4376551
3262633
2355196
1130051
1224596
4450026
2579183
1057584
3197583
3633503
2407457
3673772
2712749
2149252
3169857
1222416
2338453
2677324
1565448
2359584
2384194
1353912
997681
4284975
2143571
2711406
479222
2148922
3605162
3545587
1906248
2782856
2313893
3397002
1382939
2257384
3310975
2292919
1065096
3854474
2442436
1278941
1962570
2331536
3486254
1821556
1463348
3694509
2559046
498240
2172746
2873052
3519402
2625169
1646720
2872246
4034733
2041502
4580334
1490650
2182514
575236
1346469
2364583
3237964
2377076
1257381
1221549
4144491
1299797
2935583
1253877
2269873
1845245
1665340
2109285
2329402
1152392
2264709
1312088
1851790
2480730
3671531
2856563
4477517
1806559
571546
1160033
1302301
3654506
3219027
1164651
4543846
2689159
2568580
2435880
2222905
3259974
1242574
1172056
2353761
4500358
1101206
1455228
4821857
814519
1081734
1229604
3700661
3297980
1199924
2180363
3571951
3530164
1359714
1114951
3340873
1230653
2261686
1419475
1995567
2573122
2376430
3444042
2635518
4428113
1710634
2198155
2171954
2381397
2623181
3270729
3689013
2104773
3531880
3983927
848601
1853983
2168418
1187193
2417441
2956268
2495691
567462
1011439
4448515
1833789
1066738
1931390
3599955
2170445
1095730
1644090
3299565
2339054
2183246
2406912
4603982
733813
1031930
1384440
2377682
3867770
582284
1108565
2464904
3648863
1235033
1358518
2404727
1102744
1937342
2358814
2609359
2448047
4506300
1809250
1025874
2918065
2386920
2144292
2019404
3702539
2374631
2970344
2596842
4616566
1809863
1688571
3851971
2366485
1425709
2047696
2465938
3638097
2823172
1835576
4603461
716964
1002823
1671980
3366573
1240346
3543347
695960
1633148
4668137
1475105
2584648
3625908
3556785
1389008
1088862
1652415
4476235
1834238
3109520
3673984
2531365
3113520
3315506
2135180
1919953
3671920
1956388
2049419
2193308
1915718
4464755
1329196
2438433
2580724
4311273
538546
1146493
3706704
3343640
1664381
2788192
2403356
3557215
2458159
4708221
2362262
2401386
3860916
2545682
1648937
3462470
3076601
2525901
1645095
3483986
2331284
1670540
3291808
2326412
2061793
575042
1100549
3048403
1210141
2382150
2718664
1466633
4757690
1903982
1247152
3700706
2766646
1064153
1703465
2747566
4226899
558277
1371775
1131255
3048280
2323638
3098503
631996
2227503
3541552
2885182
573626
1004638
2277936
1213126
2309969
2042193
3734137
3351427
2688073
1773370
4694419
1304047
2157674
3590841
1209955
2158859
1314175
1945875
2762479
1155373
2306413
2656743
3474322
3074412
604339
1001973
1687839
1348025
1244634
2379276
2712828
3182989
2472998
2126833
2643310
2783683
4317928
1714822
2183341
2200386
2374833
2529224
2764317
4736841
1900959
4483518
1630384
2076539
4711700
1748385
2450822
2572784
2446735
2345941
2070749
607990
2113028
844869
2229340
3754657
989818
2142698
3645346
1794891
555367
1662717
3773715
1225966
2482126
692865
2275984
4580582
772807
1589453
4388765
1233074
1544259
607899
689348
1776241
2606591
1235741
4083559
2482292
1114241
3789481
2198829
2465547
3678407
1228705
2690487
1107182
2943444
3646396
2831265
1459145
2284021
3254487
1718648
1854787
3624523
2183886
2140122
543567
1829924
2328886
1247821
1561326
1280889
1763765
2316866
1084104
3956158
3230480
2340424
1990677
1729630
1685948
2840338
4177866
1325527
1206204
2393471
3397596
1333828
1245678
2327502
4023229
1720388
2416878
3603977
1240472
1400992
2378710
2691655
3673159
950225
2618995
4812347
1244475
2162911
2152343
4688277
2038461
3602594
2453406
860043
2041237
3361204
4326850
2276253
1060834
3651992
3289025
1302857
1319917
2392223
3506866
3349511
3729169
1129435
2487114
3664231
3315797
1228986
1068842
1470850
4760826
741489
608405
1281086
2096594
3056670
3350887
1067661
4088375
3555742
1050863
2150175
3624836
2918586
1948997
3280289
2355028
2053975
2443950
4549078
1300819
573848
1813772
1625099
2225854
1218290
3710371
2399177
569886
1454011
1093359
4233788
1782022
3693184
1110193
2676250
581162
1067541
506978
690507
3601930
3368764
1283503
4690104
1219676
2329681
3238365
3771925
1108781
2199867
3300864
3808137
2023846
2546346
2356591
2382424
1782720
4184062
2173388
2266785
1106361
1376912
2397504
3283795
2142969
1815457
3673418
1027488
1332672
2635298
1222989
2409426
3219617
536044
1121237
2041911
2313835
1197461
1962261
1362997
695212
1029397
1835194
4846124
750088
2817415
2255296
2298416
1728802
2189566
1637858
2377766
3017702
2025881
4120721
2931419
1287322
1280922
2359244
3620569
2369307
2184633
2343040
4010411
2029053
4208528
2154573
2157371
2314291
3313175
1099063
1470334
1419694
2546952
1240350
2612058
2537555
2288671
2512869
1104955
3367380
2284118
2017663
1188768
634689
2021042
2999744
3395061
1774917
3039982
1013928
2343218
1363719
2448233
2095687
2455860
2685863
1415821
1014669
1834116
3654698
3187433
1108765
718842
1390138
2563544
2339349
3697556
2549684
3040388
3647902
1940609
1106893
1378388
1414147
2609040
1326450
1402964
2326512
2583646
3674326
2517889
2623650
1210712
2554338
4777043
2570922
678489
3093216
1238188
2399332
1597365
2249126
2528473
712648
1263171
2570784
1936898
1653965
3525307
3086927
1656219
2642460
1179972
1979496
3792076
1234260
1874911
2803011
1895404
2392211
2876365
2067413
2558239
1263834
2365582
4848857
2045027
546002
1951662
4428074
2522996
2903825
2549748
1139584
1405283
1226303
2670010
1193821
1418367
2318228
2674537
1224601
2432432
1330032
1085931
1998080
1942806
2445864
2037747
4389111
1177406
2424726
4572821
1420409
2422019
2137050
1883182
1920600
694139
1395840
2226375
1587891
3625434
2510890
2371741
2598903
2345903
1308054
2329289
2268061
2372125
4321811
2731762
1673800
2132046
2443149
1896372
2171294
2106937
1969275
2440401
2152969
1183576
1083418
717900
2543080
2557529
4226669
2138676
1338966
1867942
4238825
2146709
1176356
1096842
1385946
707798
1906589
2330699
1433262
1296031
1104628
4749917
2247945
643764
1317217
1906308
1299732
2180632
3667887
3177899
1924396
4578531
1854790
2705816
752377
1328030
2280163
538336
675660
4822295
1641445
2760839
3697051
2391176
2462155
2480214
1333460
1198506
2093795
2595038
2569720
1434262
1053267
2704393
3694793
2822898
514705
1244943
2557309
2121105
3028109
3495867
2277044
2068939
2321141
2754396
2116308
2550516
673164
1229963
2531331
2555051
1182304
3631103
3364153
1778371
2678460
1171020
1326151
2135432
4603557
920267
1196538
3481518
1273805
2154101
2301727
2081538
2435372
700146
1036871
1480438
1964499
2446044
2376618
3817990
1711704
2610707
615712
1337804
3274897
3622269
1553376
1443404
1350192
2441896
1216249
2878066
2241898
1453130
1173576
1412629
2719513
1430176
1043359
537516
1259588
2360018
3399695
664532
1090651
1191675
2558373
2109830
2856407
2369808
2687934
1361341
1058184
1298001
2430365
3613077
2372040
1448625
1287324
2176261
3580916
3072015
1660333
4410966
1842666
2360679
1957159
2071334
2610990
1383214
2588000
638819
1318028
2459176
2872671
4582195
2196548
1374122
1415529
1162949
2161292
4243330
2143184
2302165
3630087
2238866
2810611
1328350
595574
1865331
2661003
1281454
1373557
1195539
1655321
3477598
3137070
2123191
1414797
1215842
1997584
3476529
4263916
1053436
3533476
2177300
1403090
2467104
2441038
2081707
1774859
3442848
4231333
2158454
1395253
2498663
1814514
3676806
3579082
1404769
1416827
3717789
2721648
2259387
1442029
1142100
1400957
2689303
1455056
1066952
1994796
4649522
1515097
1065437
1261250
2054471
2048299
2478670
4574900
724490
2635375
4023548
2279588
1238138
1088640
2069662
1925447
2051737
3852578
2321551
1999377
1136332
1202148
3197793
1211282
1375023
1211293
700732
2468085
2646110
2614970
1890970
1862334
1799677
4272894
2139377
666754
2292055
2526468
1273897
3055928
3650353
2207911
2300480
2423366
3662171
1307185
633297
1249817
1352132
2415289
705665
2510716
2375901
3398996
4146782
1076704
2517874
2510185
1359410
1737760
3660591
2282412
2233050
2358274
3150011
538420
1087710
1298205
2569881
2576048
740311
1361923
1691292
574162
1425872
1225450
2428791
1987479
2257357
2602644
606879
1257686
2143555
2294325
3949592
1388902
1100064
3556404
3175228
2124980
1430787
721262
1105480
3083892
730289
1264036
2145016
1722739
4561681
1850973
1929829
2517991
1300359
1005612
3624897
3599617
674118
1344375
4121847
2959626
2219855
2628477
2674569
930477
4734921
1897957
4773641
1111656
1064522
2559526
2629643
1288578
2460270
1318336
2480338
2595639
1114510
445271
3273005
3289680
1724144
2573861
631134
3058820
4639614
975403
1182298
3275520
1229077
2376987
2614821
1015040
2857543
2653176
1320251
2622271
2427341
2248656
2383165
2124687
1816851
2509545
1458519
1272630
2254356
3661607
1875507
3567998
1161121
2090129
662355
1633182
678542
1437602
2635035
2588698
1433017
1090894
2955623
2355169
3367169
2460879
1431268
1142336
2925754
3670356
2708319
2389394
2488668
2378154
2394797
2319749
1435577
1133677
2069260
2571584
2222587
1481024
4671607
1364486
1076006
2636755
2407364
1993504
3667598
3454185
3009697
3675047
2435263
2395388
1436167
1099137
679140
1357915
4113916
2250636
919360
4573452
2874353
1227836
3020674
750033
2565659
2343363
1513012
1415478
1076338
1356934
2246658
1481666
4612549
2563247
1187318
2392418
1311132
1411329
4050455
2242413
1673790
1589683
2419504
3174786
2759959
1977283
2417404
1429407
1931834
2323091
1832647
3664764
2786435
1643101
2594345
1169788
2828672
3671605
2725593
1116821
1812993
3614227
2756596
1214207
1910569
1184700
675323
725525
2018554
2379664
1113676
1420366
2382710
3266867
1652204
2474412
1176238
1381861
1307592
4665384
3319103
1364110
4203401
3377282
1073931
1885223
1064082
1524212
1919643
2590277
1017975
1058446
2018051
3627111
2008616
2403073
1349784
1729331
3100864
3666422
2978515
1187916
2275408
4390945
2054403
2570155
1058974
3301223
3598575
787521
1103915
1372084
4816689
814959
1342251
2590848
1800129
2657514
1979361
1207346
2702093
1170714
2373032
1768260
3117174
3389272
1142447
2392206
720638
981135
748236
730170
2026062
4610703
1783497
1072017
1539282
4752415
1510713
1408711
1861633
706569
1258731
2504018
2584314
1803581
1724644
4744469
1714074
2146511
715313
1360841
2409387
2375299
1221783
2426601
2871139
1485675
1194417
4232486
1202083
2436179
1819340
2066502
2584387
1148595
1619182
4078402
2206470
1312798
1728359
2455683
1256900
2867709
3611205
1986748
1407193
2036904
3638336
2853175
1090413
1903030
2483416
2481087
2596258
1067328
1075262
2093003
2383013
1202136
1961852
2318941
707723
1711019
2071618
4211489
2106150
1348365
1915104
4559956
1952351
1414838
1990903
2572474
497896
1087972
3784489
3305985
2511625
3660025
3314170
1882451
2471849
1260167
1334420
1932538
2398653
2688348
2496175
1178358
1081398
4853276
2299534
2386299
2437802
1435135
3664091
2364820
1641909
1627842
3464361
3140125
1336828
2052122
2488642
2541473
579889
1347557
2361532
2913582
4554191
2223508
1254668
2454850
2040801
4039608
3085205
1630136
4483069
2037294
2107899
2071303
1838087
2574289
2490742
1174264
3489348
3466022
2287880
1333257
1355368
1120321
1358133
693468
2967348
4031612
1306742
2136945
3709332
1958736
2356727
1298458
2529493
1275386
688566
1818874
2127267
2401332
4143426
1651264
1977936
2373898
1424019
1687581
2399097
2356060
727679
2057327
3601478
2412331
1590079
1421334
1894965
2075013
2032703
1800505
2343075
2245751
1279717
564101
2820980
4017640
1105275
1226068
1337014
1824473
1935169
2491898
1153169
1402626
1260418
1381212
677520
1739440
2949739
4454279
1791748
2539485
2528883
1420927
2022096
2343215
2121390
649683
2715578
2411353
2244190
2186230
2579252
2334108
2537635
2643009
1015718
1094332
4096605
3016454
552525
564924
2467503
1125171
1263517
2985561
4628585
1372216
999321
3143548
1004637
2280737
2301991
1310099
2383419
2034621
2572597
2265173
1538581
4780835
1319393
566104
2403063
2420343
2847431
4642833
2309667
2082356
3678830
2906383
1065549
1907338
2528817
2544766
2585562
1668343
2948081
4152081
2236738
1266385
1789222
737957
3113946
2391394
3563744
2452082
2458596
2327026
1742876
1073811
555965
2019991
1819766
565441
1434323
1519768
3626048
4145747
2434845
1536511
1066595
1995313
2466911
2446436
2041735
2494699
2558490
1246079
1025008
1924482
3522465
2122954
2208042
631934
1269629
2502739
736627
1231600
2313529
2282401
2412601
3056852
2422742
3422212
1957740
2018802
1165883
1253731
1913802
546400
1139687
1662534
722149
2462687
2366048
2570930
1151555
1332772
1840573
556990
1364083
1665519
3644318
912201
1314613
1078046
4429354
3094504
1090374
1340125
2492317
2412516
1395910
1293622
2061896
4499287
1907774
2246415
2033767
1826642
2008319
4351175
3479335
1905573
3481411
2345781
1276625
1773173
2073846
2540527
1169899
2650278
986588
557035
2612203
4315393
1192176
2314798
1360342
1178505
1431671
668280
4334472
3331551
2947167
1237701
2367125
3008262
2467537
1857834
2150509
4164155
4425572
1256586
2404498
1285150
558602
2439241
1114147
2114300
692602
2625046
1148049
2495280
2610802
1660922
2407281
1204145
2390413
2728037
1198882
1375327
1831177
2465034
4740510
1778182
2389424
3680270
3278903
747349
2543057
1277319
2469276
2545755
1294914
2016571
3344327
3693199
1099870
562012
2598967
1144776
2763478
4676321
1644330
1055610
1634992
3651483
2940162
1201418
1354827
2536577
1424396
1249633
2468835
1083071
1350693
3685934
2646344
2241036
1381261
636696
1188961
1965307
2235155
2411342
2684715
2672454
4614143
2297664
1778819
2048429
2512927
1218820
695890
1954758
2019094
2113241
2321917
2044260
1161509
1781755
685055
2536366
1353583
3594247
3290439
1452598
1425418
3036161
4040208
544247
1105792
2567016
1831519
1808108
2341295
3588315
851278
2421081
1354710
537924
2725471
1317322
2404373
2767212
2814469
1140773
2688437
1108894
3690039
2394556
2496537
1988561
2053327
2173340
4025532
3011241
2470016
2405228
3869224
2159471
2513070
1322978
695069
1304716
1728413
1460264
1193194
1810893
3662318
997371
1702534
1077950
1962860
581242
1317873
1266064
1859947
4646972
1826369
1070080
1467548
3649466
3111928
2416846
740429
1229041
1304343
1855588
2479644
2549314
2424411
2320328
2117108
2362468
673793
1252171
2624263
3072247
4034576
1456902
1080516
4901623
2864648
1185421
2652922
2722140
1941988
723476
2291155
1874269
3558851
1015368
1192308
565658
2621740
1288872
2632023
3324032
3767256
2048608
2808431
4263861
1318440
1356945
1972849
2371389
1154534
3484073
3466821
3338804
2443345
1814658
2451702
2697379
1304953
1263872
2632322
2005067
573637
1408080
1123588
2175135
471143
1102214
1435972
4782849
1962498
2365146
1375704
2672952
1352636
2338567
3261225
1743278
1967875
2467211
2079734
1423739
725203
2508680
1420636
2569193
1935785
1967108
1219198
1158003
3617870
968615
1834364
1087426
2579296
1999202
2539724
1233813
4460359
731094
1029854
462794
4434128
3181635
1146146
1423742
2602605
2618339
2629750
1653964
4640663
2478987
2346259
1894640
2113119
2435882
4561137
2170432
3356799
4293582
1170548
2553920
2837628
544234
1331287
1956041
1100771
509368
1022493
4789534
2313403
2708527
549763
1464195
3012495
4619480
2687511
3836051
2224686
1625152
2030871
2547253
2407056
3748483
3292532
1712270
1851822
4525872
746348
1319112
2580981
2605678
1899675
1461264
1239091
2115835
2539295
1411627
1132306
2197499
4593600
1345098
2360575
1329927
592973
1434315
1347197
2718952
4306956
1113731
2491229
1232457
2326725
2784564
1185462
1356988
1414783
1286556
696688
1912877
2636427
2296852
4667667
1732752
1084282
2544204
1219538
1427622
3048332
4624837
1799776
542296
4667647
1179351
1319261
1657176
2616427
820954
1256703
2550711
1975071
2493134
4842783
1343054
1104102
2069403
2551309
1380543
4081818
2155992
1395412
2266918
2470845
4192237
581717
1035323
2674488
619878
1254482
1320242
1831299
2009763
2342287
1243160
1036622
3303421
1772188
2565022
1277523
2545179
3225306
3315693
2526884
1595717
4742169
2173278
1964373
2578939
1211739
3504907
3439355
1828817
1771970
3542757
2164431
1199971
1444134
2008974
2466014
1391318
1269051
2667937
1157984
1382541
1892606
2891439
2450498
2714864
1076473
2569558
743136
1140844
2545815
4661105
1746780
1110051
4095561
2275847
2696226
688353
1041465
2643665
688811
2461903
2591965
1803722
3208815
3322394
1763457
2585183
1289757
1275924
2043282
1200782
3270358
2147681
1230959
4595377
1833184
2491385
1291759
1298138
1328535
2667928
629912
623211
1091278
2916445
4097224
1127241
2450926
2017756
2071134
3957396
3632163
1353405
670653
3989393
2968143
1678442
683534
1427815
2515944
1313264
2593256
1798216
2440789
2419385
1211182
2613375
572196
2641523
2441844
702162
3883359
3094022
2600677
1814058
2280575
3476423
1105552
1363136
2696145
2935374
2397099
4310883
4634166
2285940
2672589
695906
2437821
2676509
1351084
1403941
1922339
2541471
3071051
1214189
2245938
1505882
1659849
589166
2664163
2581029
2085093
4303460
2166835
4760116
1091583
745018
1410643
1930942
1388487
1193484
2164166
2523023
1374876
2215010
4790260
2883922
1232148
2624093
2019856
3739315
2425048
2575458
2976730
4106968
1103739
1152474
1417709
2650769
2625530
2625960
1053715
4107639
1234733
1672602
1056263
2595970
1317894
1328064
679405
1325117
4545143
1106250
624864
2097365
2653186
4339002
1210166
2431627
2044277
2158574
2511538
1319555
2439432
2374849
2427521
1423998
1698713
2175530
2621545
1118571
3484852
3713674
698382
1313919
1747738
3623853
2680089
1904990
2041104
2069222
2492696
4410924
2211804
1106221
1210567
1937842
1707791
1406995
717970
2518019
1173338
1358946
1417516
2005609
1917745
2601690
1174522
489845
2251630
4278141
2265215
1425263
2675883
1398748
1715823
3612188
2618078
1597085
2362651
1155565
3270536
1388042
2541025
713714
1228517
1318975
2564702
1948022
1891095
4646399
1644327
564304
2426332
1417633
2557337
3542593
2382603
2662000
4129794
3473999
2420986
2640926
2212576
2912008
598627
1057479
1451267
3682750
2964201
1139448
1395418
1316023
666178
1341754
3300927
4253476
1398056
3067615
4642033
2309850
2692918
1203142
1356802
2585061
745450
1173799
498108
2217192
3647877
2410696
2323703
1425070
433268
818354
1426831
2419429
2418675
1209367
2394313
2498504
1207995
4467999
2232313
1410370
2569305
2753603
2428022
2367603
3190361
3576380
2667542
1253916
1321118
2585965
1210334
1297071
2557913
2389994
2095857
2342079
2650034
1215837
2421116
1988319
1785403
1988591
534251
1430601
1207029
4541019
3004204
3577847
2454788
956215
2160681
1910753
2061925
2454721
1034945
1420146
1943883
1635957
3093616
3912146
1626505
1363248
2534420
1272565
1138951
3675598
2890602
2645467
2434405
1098333
1173501
1312422
1701252
1333568
2506633
1387351
1113541
2063845
1719362
3570401
2443376
2608669
1110147
2407365
1474737
691922
3279533
2437358
1035149
2175771
714263
1373487
3610834
3199973
1108388
600550
2049080
2562651
685734
1191262
1981503
2077391
2147674
2281214
2428779
1293499
557649
2601089
2245154
1007019
3246990
2558581
1525034
2343034
2386305
2886532
2625637
1870018
1622971
4782722
1072979
1261279
3104373
2436110
3249874
1834766
2585363
2112803
2458850
1207023
2817948
1072712
1332283
1141303
1763993
4380357
2081265
2167885
2648847
542965
2684493
1870572
2353828
3333856
534602
1726745
3701755
2533799
2501842
1391261
2547637
704971
2630365
1342576
1112025
3344529
3586076
2348345
1322848
1351779
2656890
1450276
2395766
3998464
2688339
1237503
3509739
1282141
2256304
1246120
1166486
2114069
1954708
2368115
579506
2541137
4547951
1078029
2375395
714763
1140114
2096759
679355
803095
4670419
1552181
1368698
2228511
3638558
1985957
1555265
564432
2043436
2531868
1255976
2592514
1738714
2425921
4456133
2288659
1318707
562109
1938811
2148210
3964939
2251299
2772326
2887595
4365694
2606760
1835058
1942034
2592340
4805576
1263736
2965424
4352818
2127016
1873781
2571636
1424210
591587
1941868
2571144
2382196
2564027
1193096
3303839
3554357
2323644
2615185
1106748
2436136
3518993
3134059
1684516
4348668
2124101
2639143
2457718
2510815
1408660
2489689
2298880
1537045
2414006
3166822
2221301
2503584
1388719
3177924
4666638
1228937
1087757
3452841
3213196
2087675
1391399
1249824
1336194
2660840
2607217
2555765
2478298
2661931
549081
1134563
2571969
620298
2594827
1132741
2449852
3635466
1371467
3485262
3484642
1833618
2395180
705012
2477074
1058635
2675037
2216281
1935203
2223413
2189824
1814646
1903307
2449799
710292
2884212
4519595
2175110
3449831
2478969
1030807
2927407
1226181
1337279
1932694
2381164
1243389
4324209
1740323
4020687
3314698
1198304
2059283
1266679
2029862
589364
2009468
2406267
1271752
2546012
1198349
562234
2333375
4513425
2327062
2639767
1155385
2374364
3472080
3708292
2936552
4586247
1334562
640748
699644
1833920
2470631
2697087
1365113
2295068
1028964
2019009
2462963
1241951
2002277
2342647
681655
2512966
3373563
3709576
1948306
2536469
3621569
2531210
2546238
1177658
671082
732505
2023203
2491973
645017
1540622
1147127
3699578
2767771
571943
1846148
1911143
2700719
1223484
2442689
2973761
2071914
3639874
2442380
2514405
1888219
1882701
2572863
467680
1928318
688245
1660122
3688198
3830757
1092656
2477560
1893800
2361800
2420042
4110697
1307419
1277990
2194074
3701845
2406487
2493789
1981514
1864200
2443906
1213422
3163849
4539259
2572446
1313619
550959
2567138
734943
2548543
2563611
1413896
1193538
2499815
2150543
2388137
2365787
1797981
1670129
2643502
2556358
2447017
3646111
2274285
2193433
2442658
1214697
3129706
2552257
2505298
2600471
1327952
1104184
539167
1109413
4749186
1765821
564401
2296343
697100
2539456
3064905
2376934
3501120
2128207
1221382
2424054
2965896
1115855
2553828
2785019
1272575
1337300
1202618
1075137
557687
4345065
1253246
1383241
1090190
1906283
2475494
2862640
2423767
3889957
2168012
2939926
3465446
2280578
2661785
1276053
2011177
2412074
2333292
1635079
4607074
1894275
1816248
1307580
2589358
2333328
1202990
2390678
1855790
2124153
2791404
2343974
2736423
2295277
1324520
1220963
2004975
3487381
2422549
1000238
2111729
4269014
574046
1037421
2658149
2544573
1163200
1351842
1907517
2527987
2137553
555476
1166348
1091366
3230707
3822900
1112867
1192579
1356658
1960012
2021484
607260
2417782
2351105
2676025
2898153
4112314
1420519
2547610
2579911
1390006
1139731
1344616
2470876
1104260
2970118
1238642
2117918
2279479
2640149
1178359
2476557
3646986
2940893
2667711
2445055
2995479
1126375
1044296
1999921
2391759
1332628
2410891
2214393
1402779
4795458
2381664
1244064
1343329
1177767
2611968
4406738
2064246
2823934
2929290
4140068
1675813
659240
1369056
2586705
1884739
2529733
577028
2552690
4605081
1445035
2216480
708362
2472823
1426997
1471400
2292644
3940505
1345757
1084946
3352771
2315977
2041743
540916
2561278
1179386
1386840
3603943
3586020
832989
2314052
4119290
6628821
8437043
8738637
8714131
8399098
8531647
8300674
8528599
8371253
8416105
8514507
4374757
8736690
4011749
8706555
8716712
8454956
8455517
8619536
8458851
2196263
8827630
2616328
1633205
1717380
3029476
4868256
4902773
4696139
3002055
569060
2163911
587239
1001590
1039875
1139305
2259368
3173368
1022929
2008408
1903534
2696705
2631801
715889
3542261
1713563
2464780
1632354
1592360
3442850
3813697
1738600
3410019
895216
3353556
1705190
3218309
2387376
1640046
1701977
2630147
3198909
3191141
1602426
3576583
2760639
3107598
3434469
1898052
61190
5306548
7122349
4530364
3414373
3645746
2942388
1550763
2575312
891651
1505766
1522299
1647234
1515816
888264
3051706
3583614
1811779
3162824
1667334
3149400
3340969
805811
1614619
2703454
2417749
3617581
3380872
1160980
2937001
366613
399134
702358
949643
1750866
2652954
1603838
1673307
1298652
767573
1757530
1563857
1477131
1686378
1674879
3290979
2170320
900059
2684002
1073891
2296282
152011
2903593
1167531
1725722
2328256
3468202
3384597
3126932
2605829
2701581
2261512
2305933
829082
753801
2737040
3346476
934051
3196947
1685220
2573513
3513586
1726155
1616898
3137836
669467
2319125
2649076
3333825
1866382
1845754
1884465
947803
2906876
3118136
905406
1494911
3156981
1777473
3302844
1212195
2592600
3451584
3618810
1719417
1797208
1699236
3074937
1551100
1632789
3106348
937021
1651082
3470974
3287392
2731950
1817255
986533
2604933
3406658
3667730
1786385
3098861
702963
2408104
3337070
825273
1751787
915531
2594920
1772722
3171407
2263648
1584989
3531373
3296487
918127
3601307
1757873
2089164
722083
1563171
3440043
766784
1471530
3489152
3466137
3201139
483738
1855963
1873860
849921
1655724
1604951
1837138
1834605
3725753
2831854
1482278
1769912
3226065
1613716
1811056
3255994
678940
835183
844023
2822531
2767988
3358219
1673011
3554401
1845586
871891
3093373
2189353
1518382
2571754
3529661
3313389
3429992
2348662
2579455
3592590
3601518
761676
2683232
1821295
2156181
2989908
3367406
1753026
1719986
2398892
3429410
3180039
340343
417566
1808478
1444469
1693302
3396752
3690415
957684
1846929
2820593
3248347
1501690
1634448
2524873
2501029
1505221
3261442
1625276
2640363
3098924
1691768
784886
2728041
3623149
1741771
629368
2787818
1760488
3187295
3560006
1527206
3396677
3300000
397733
3602845
3522820
1867240
1710790
3405525
1812593
2731096
3508297
1632233
1531451
3476208
373896
1679045
3243336
2130834
2800949
1756173
1539804
955604
3605223
3780088
949479
1561959
1373244
3350361
1621702
1672436
2683445
3209781
2105341
2203426
1388010
857242
1678923
1876842
1727683
3744521
1811865
1566666
1422773
3344980
777620
3236380
3438117
652827
775705
1562441
1590116
1619588
1575592
2261540
1765298
1760876
1785901
2775769
2828786
1790673
2917887
3176542
1271147
2836344
2675032
907281
3050763
1655730
1587751
2840767
2094755
3349121
920875
1795104
2485765
1661086
3460945
3427195
335579
2275196
2929154
3587465
937844
1632606
1728994
1539918
2558280
1346525
2795825
3799672
1892965
3473117
2681051
1138081
846213
1640852
2435952
817700
1869886
3444191
1190314
961737
2774300
2887412
2755375
2582927
3737282
1919209
963803
3487741
3497801
776647
1705431
1256936
2252173
1825891
3430316
3308883
1665840
2852007
2967914
875982
3593647
1716326
3598138
2333130
937968
2026629
3556679
3098541
899486
2693493
3319049
2697660
1845014
2837194
1762357
3593274
1564860
3303111
3492549
3195560
3071775
752242
1701620
3546544
1518189
1748285
2579624
3063151
2824671
951312
3709464
2885807
792041
1819570
2752492
721747
1515618
2433229
3216416
1902855
2682911
903785
3558371
2422122
1797486
2595576
2552569
2741683
3776543
3414844
492488
2738257
1539126
1603721
2583302
957305
395981
3140289
1655411
3288817
2338514
2525218
1737341
1691031
1832231
3633502
1668404
2296997
2996189
1705159
3111410
3409443
3207330
122086
2867310
2670716
2415655
1764072
3382210
1671369
1757949
3550253
2526763
1632266
809004
1622177
3155597
1676628
2619803
1560490
2528967
2873842
1311550
3304953
3774711
2839994
1838867
1762108
2070077
3485034
2508923
2689921
1884874
1850202
944718
1672443
1053557
2816172
1885259
1275984
1332361
1785207
1944316
1851481
2856783
3254045
1759743
3233255
1566577
3457978
1803666
1751421
3421082
1610528
800199
1790478
3211563
3382851
1863070
3501027
1734294
1399118
3112149
3580645
3258667
1778618
3368360
1523457
2392561
821007
1223054
135509
1731936
1692704
3533010
1780447
1616152
867952
1791125
3461226
3334722
1517673
1637759
3202755
3529625
1788076
2702322
1800275
1220931
574883
2850496
3804534
1827899
3475365
3353538
2253372
808084
3289989
1731994
2778170
1713325
1197296
3623040
941130
439321
359677
2203588
1415430
2900765
1902639
3706949
1852934
2587352
3326653
1604228
3137312
3380972
3467328
3415978
1575842
1591161
1267138
1511958
2054723
1859125
2771571
3482906
3578870
2613630
1793748
719323
1588712
1618918
1589356
3537069
1756343
1732527
2780213
2767830
2742178
2166919
97836
711677
284849
2817843
2002560
1610592
1771177
1723450
2755654
2413404
2093780
859479
418328
328681
1524985
1745659
3566654
1837439
866950
1768810
2205247
421000
528496
536740
991677
1800282
1681776
1965512
2006783
4011942
4236848
2108437
3241799
2009416
3031949
543812
1570117
1004579
2946949
2727022
1718390
1799363
2734795
3713604
1065590
907868
3139094
4143372
1831339
2341989
1011088
1874907
1869863
2891645
791220
1973773
2039902
4205701
3183226
3976096
1065673
2003737
2880658
3528108
964318
2429162
1171560
568773
1795539
4066002
3194195
1559171
1069991
3747920
1395588
3144196
3806777
2968851
1982490
1046280
1998039
3158696
3163242
1057419
2698641
1578516
2667678
2715220
3421650
1792796
3548333
4034676
4039850
2069166
1064370
2025768
1635183
1676396
3679076
2882512
3677557
2092130
4204434
4177897
2041870
1856632
1598194
3349164
2730724
3442418
3552320
861055
4141220
1953292
4057448
1064112
1071889
1685779
1531599
1901183
3845251
3684527
1009028
1977298
1998733
4143370
2073313
3570258
2049556
544677
1909327
1713854
2738963
3449418
1805308
3798697
3163808
3192762
3167740
1065306
1735016
483860
1844088
1000602
3712711
3844489
1892829
4037106
3135281
4065781
1682842
959628
2057377
2110048
3546054
2728936
923153
3499700
3071772
3203423
3203444
3240446
1364597
945333
1748547
3887928
3813834
3976520
3164769
4183246
2048577
2963496
515963
2210047
3887165
1718168
1781257
2726051
3532609
4147636
1067696
2027092
2026478
1952985
3106480
3803671
990628
3854042
1929457
4120929
2126143
1057644
4009888
2217204
1038154
1771787
3529410
2759291
3551752
2798360
3126144
3022142
2069145
3151364
1410404
2502026
1911313
986654
3690185
2945095
3040197
1957731
3246372
405125
2753062
2276889
1691428
242232
769241
2373011
925841
1223549
490843
806632
1819893
1753432
2803857
1834501
25989
212645
343676
257986
3338533
1983141
2035739
4208963
1482597
2271430
2893770
2920611
4068782
1909719
2156398
1991412
2232008
2165493
1094727
2192759
2759907
1016603
1032078
3112797
1636677
918902
1783765
2737374
3572148
4182256
2074042
985253
1051875
4200068
1654743
3064830
2826617
1952813
1860603
1894014
3163388
2970210
2133513
2036063
995110
1062976
1962793
1948020
1938811
3572655
2692097
3502508
2849369
1050801
2097182
4078677
1920410
2020343
2223003
1673284
1942280
2937639
2922958
1012435
1967770
3136911
1041272
2083368
2012240
3115864
2634459
1077461
1051600
3170800
2748497
824887
1732961
933350
1785659
3739450
1063134
1966075
4071248
2099054
2067614
1710203
2142837
3953262
828029
1006127
1864500
4200120
2173013
2072939
4342737
1114991
1450584
1558259
1697826
3926628
1768648
3501906
1760321
3696121
4192954
2101856
4184801
1743246
3117695
3913678
1924032
2023262
4157350
3136154
2918901
2115144
1583506
2082282
1371353
1749476
3515907
930073
2568883
1817660
1844416
2029951
3169983
2971332
2118590
2545793
2327434
1808216
3755635
1822963
1891822
3022943
3112614
3120931
2075245
1046690
2980360
2074855
1822797
3443781
2707685
3417145
871122
3822882
2055336
4008184
2089485
3047260
2808375
993929
984560
3747315
3857503
3107972
2057134
4083592
4059968
1021992
1482005
2526882
2724528
2734290
3530568
746752
2804012
2001987
4082669
2083602
2076814
2331679
2504526
1000328
3747050
3713771
3057679
3108661
4200680
2094508
1988395
2177164
1033657
1717639
1759926
3568708
932648
1758516
1743499
901538
1840623
846814
2091102
2051956
4088582
3770268
1682418
4248313
1863798
980820
1952518
1905670
3126438
2109008
2048678
3175839
3129344
979130
1585104
1298976
1145595
1741638
2718919
2731290
3533234
3806234
3140837
4155412
3331196
870429
2338455
3738695
1895589
3728427
1841099
1949620
4098010
2138886
4053893
2348890
980001
1573847
2725207
1753342
3626092
1805521
1693083
1952478
1996157
3130538
3166765
2007381
2690141
1484405
1881078
2944987
3801077
2960310
3966502
2088206
4132481
3013650
1961447
577967
3932127
3458819
1697386
3548705
3030061
4105280
3178844
1050379
2023032
1726769
4173579
2932064
3767614
4076870
2931638
4083381
1774555
2025586
3038627
2733673
3476502
3564717
2009920
998669
1064518
4189240
1096885
4134083
1727753
2236824
3927010
3036261
4034131
4363947
3283487
3310510
1165402
2087963
1793268
1717989
931148
1767607
3563955
1845495
1775193
1957005
3140239
1062523
2015357
4156594
2038793
802697
1131722
1903891
968469
1939962
3693573
1953962
4060449
1076897
2019566
1986721
3156509
2406948
1043060
3308675
944973
832737
918786
1760405
2745533
2560933
1930416
1993279
2037882
4108459
4102293
470018
871113
3652115
2927835
2907452
1945240
3891275
3108231
3936620
3335380
1032521
2579198
2706496
3416179
1810708
3609195
2998597
4054243
4162955
2086994
1999222
2003330
3815610
2888056
2007180
2044105
3317753
3291393
4154272
1683166
2009069
993776
2148780
2741887
3456367
1787639
3568587
3140986
3149652
2934420
2096949
1592519
882994
2529166
2734322
1004733
1920377
2954143
3091544
4010912
2141498
2046186
2081356
1410186
976959
2597542
3447733
3608688
3591134
1700650
2027627
3191543
3166963
3999176
2166284
1901254
3741762
999044
1877273
875185
3866846
3149647
3143602
4074726
1063830
1094662
1951462
3582646
3564338
1764595
1785301
2764848
3081372
4051659
3158403
1907856
1548080
865162
1854590
1991925
1964709
3737339
3884893
4001287
3209077
4139701
2897708
1074774
1818999
1748070
2734479
3428368
3893627
4034132
1939000
4042882
968148
852762
846293
4116901
3698183
2898728
3989779
4154379
3154848
2824330
1978195
2211524
3382316
924104
3445554
1648292
1712212
2930959
4024814
3969557
3134473
413241
450092
2845390
3855213
3709765
2984432
4105879
4191750
3926820
2019417
2204768
3476524
1775882
3598408
2709431
1893891
4221666
2160634
2093425
3212636
913317
2019862
3880550
1909472
3835846
1859045
4072345
4217487
2027444
1875985
2029658
1024880
1893245
2768011
3555975
3608890
3706037
1066123
2012445
2025871
3967322
1989926
1698743
4047900
1000086
1896462
3709497
2080365
2037538
2084359
3198951
1066986
2014401
2711077
515149
1027352
3374851
2721426
2726237
1733428
2682157
3015148
4021441
3147353
3696799
882095
865814
4131583
999351
1903491
871494
984728
2933534
3997920
2071245
4138152
2127797
2106482
1004046
1589447
2729992
3538693
2702735
3416577
2058983
4093882
2112280
3961041
827699
879939
3033668
1934892
3861717
2932705
4184274
2179830
2078046
3326729
2903410
976209
442053
537103
2769767
3389921
1783965
3509275
2758345
4043193
3209141
4207697
1392533
858495
3537842
3722749
997562
1865796
931324
3083384
1051346
2107876
3183955
4081053
1800192
1971503
2069948
3563866
2736823
3507507
2909740
3173844
4153612
1986836
864297
4083455
2948790
3740004
4086623
4140235
1065606
2054465
3176407
1044990
1006660
1622602
3553053
79061
3469590
1734355
3480392
3960940
2102242
4059787
2983178
1322856
7589416
9896327
2064364
3290874
1562356
1635518
2542888
1635299
2551373
857385
1625978
2396961
2596894
1335674
2641732
2031045
2039070
2039982
2605331
1244151
1339795
2507530
695778
2835142
2530244
3392700
1275073
2651644
2053304
2579184
2426211
610051
3254730
3559813
3456885
3173126
1506464
3034352
696398
3181163
1657872
1711154
2676105
3251839
835738
1505739
3057506
821616
1346905
3182038
2689477
3528688
1748627
1551325
2478156
2471807
2982676
2289090
3414655
3590519
1666600
1616323
3276966
3175040
1304876
558132
2499970
2685815
3388838
915701
3174787
1516234
1602953
3133035
1393702
3102090
2712110
3573958
1601216
3221426
3241992
2723823
1703172
1665436
2718668
3433785
1692037
3197640
3261696
1544336
2733894
3597710
3559557
1615893
3114110
2470192
2872116
1330779
3196197
2505033
3190659
3052898
1317491
1304733
1991762
2564889
1997203
