145292
121341
165531
44703
85296
162722
167181
159200
82590
77882
42191
79265
40637
36946
130464
123280
81680
137978
126038
65755
124141
116945
38358
83610
27287
33564
122110
210361
61805
235984
56491
139268
192076
81063
172618
198543
35353
18889
179861
51275
129711
83913
17606
62055
160062
123578
5525
109873
178888
107498
17670
212440
116810
60445
8355
94931
85639
173529
145409
190369
205277
87654
107012
192261
175517
64741
188104
136373
83550
145112
140547
135997
190306
154131
47194
345236
221107
61701
60409
63248
62208
58798
44169
16197
56384
38042
15196
9863
8366
8876
5429
8713
8856
13292
34683
14047
5769
35301
35064
35470
36025
26073
35994
9519
2279
17235
36043
29404
36016
18510
36142
35503
10228
34917
35848
18659
36302
35789
26478
35644
78365
114860
192837
165706
258143
167244
118429
189940
112499
62302
245073
115857
246636
198493
288736
144890
122155
67927
42720
164930
60684
184243
124934
61932
183734
121477
342965
167460
113493
179763
168791
185684
62023
234304
64471
242598
298853
172889
61452
116890
187611
177513
60516
251409
271632
120823
240720
121620
227396
146238
189632
152816
169029
164086
167397
56423
113428
111764
164959
54762
82260
120474
120631
156395
132128
57816
109539
110007
225767
102670
113349
112779
199739
50702
97530
189152
104485
110471
113849
117032
105544
168322
166299
160947
49031
136272
121375
153399
121739
183166
229620
225081
227548
58279
202687
96066
196376
203705
224653
111536
222808
56865
53934
53975
102571
208484
155458
159167
78038
154601
164032
217825
57624
215655
106615
110306
153581
191622
91168
94551
157926
223309
57773
113401
216067
109517
211699
55629
126468
77411
152512
120326
166343
230772
108701
218837
219531
111026
48033
96963
196582
149435
162732
115431
218230
168906
209117
55395
54662
192960
76168
158395
121408
157854
164256
228648
221168
222050
160811
190399
50750
194373
163873
216865
223901
53864
56084
157441
53869
204251
86279
36889
40233
78098
160231
158687
103229
112424
171658
212935
111190
232421
148727
197203
151734
162693
223763
169646
215155
55804
206383
99488
84426
159872
77047
78718
120911
188901
226319
121562
226119
19162
108633
12903
178581
158662
20621
60659
113041
89284
104503
99686
106150
162385
109772
134638
147206
25802
28553
96571
32435
2472
158747
107960
40883
60204
158776
13315
109728
111238
170052
169536
172435
208851
97184
196213
150420
213962
173900
173739
222620
204747
107663
94200
120896
152247
79516
158012
164555
225979
168641
57605
224757
287134
134146
191523
147104
201630
167064
168775
106725
168946
161816
103437
54554
86362
121062
158236
82034
33718
40770
141505
213869
111975
223893
166125
202237
99237
191441
96917
205789
58331
217395
108713
218493
101272
102128
161713
129777
40703
80082
152764
81296
178257
109313
111088
226447
168991
163315
198309
51742
92456
192110
214542
106380
217905
214552
112938
207348
187016
160207
78135
79742
161069
220145
57415
221891
104064
215114
54387
96638
96728
201749
193005
55280
107220
106772
220280
209452
108798
214280
129245
158503
40386
39838
78159
120714
198616
113798
225484
112959
209932
193329
98879
98025
199787
208798
171615
219098
225837
103766
212428
43078
36118
40484
121310
153429
81057
179363
105122
57173
56632
216348
162860
193231
101734
97307
98906
207062
114057
110899
169678
212006
166094
207447
53871
155760
77002
153162
160021
216548
110346
220027
103048
105757
161268
195305
189330
199829
221256
106752
112700
170230
170365
206403
102401
80968
82358
78415
81407
40725
122435
187037
114694
57814
50686
55775
158038
55437
167899
197328
50887
194656
91636
93678
216530
217674
226655
108972
212827
200970
81471
155582
159634
80534
75857
169976
108181
170700
220916
103757
103422
147859
187348
98532
199706
58207
222275
226741
214489
55217
103353
102145
177196
79692
79005
120340
40954
163566
170191
170349
51688
166076
55909
108728
205123
178203
223287
200459
95995
204676
169840
214081
110906
219301
164920
178128
159313
81427
75682
157559
57782
220769
110949
215798
57314
107115
158976
148579
94961
148064
149033
106720
169141
169643
107501
167207
162975
206086
121323
153216
81609
75766
78311
200020
172208
164714
217777
101943
104209
144419
95067
149419
199991
110430
221548
103106
221053
167061
164395
179519
161985
79064
162637
198258
115870
112895
167208
209445
111565
94573
99594
69233
83240
201458
109969
54780
108229
103709
107146
219509
61337
54654
101859
128968
78646
50158
64611
25071
51861
86080
72548
208111
111161
152918
18256
68361
24921
55318
5635
202503
203703
100634
104131
92563
150673
212012
110701
29032
219192
221927
21763
87670
106595
68319
67435
128007
82314
79674
121918
132364
113640
110525
112136
222309
223761
102978
101710
103751
40716
189793
41644
111497
179121
214089
112255
107449
110147
160964
196669
154872
20697
75898
75367
121275
186353
214101
93999
106874
107018
55674
109780
197699
41672
4476
192269
94986
194111
114142
111854
108527
166569
210412
107827
105094
99273
120935
158747
152505
120485
220427
169502
209831
213587
110227
92411
97603
198283
100665
99726
171907
227663
224665
209621
161849
171664
161526
154800
122199
220439
229143
109425
103349
164166
55542
100443
187946
98046
195936
164062
169473
223844
212470
216372
108579
154025
152129
120676
121647
213864
215279
112252
220927
55839
100526
150310
240532
150323
191265
101808
215108
219412
112985
54479
171926
236456
215228
84574
170118
130300
111732
110209
171277
213580
116642
248414
148327
197334
194638
106214
217242
169324
210646
119369
232812
180887
128496
129401
128726
130878
215869
57083
167767
111655
225613
184853
184985
197431
93364
205793
105459
109458
172458
169431
230679
116740
193215
130131
129558
163138
87132
217458
224844
226306
125119
228037
199224
199292
99103
215932
105470
110005
169653
174316
229158
113421
172084
165474
129509
129883
163877
170907
169476
215062
126902
120261
96928
149950
150485
191195
114161
222349
170778
228249
227665
163932
129940
170392
86173
83606
132260
169691
216942
221296
118609
232808
148056
197961
147175
210262
227574
115123
110485
174156
178475
209964
163153
131009
130607
129485
223286
217446
57480
111642
117056
124535
172694
191228
100964
96235
98718
218907
168134
112281
55164
218134
120441
115634
104729
128946
130330
130412
164029
212860
113135
218484
220307
126165
213936
92640
95860
100154
100201
49757
213159
115560
110689
111688
169122
179656
224812
88790
82812
83789
173200
172826
106250
226879
173237
170671
247855
110965
97046
148578
188991
101412
221888
57896
104093
57414
61858
114276
237563
168961
82885
83450
170960
174541
224782
224241
111672
238164
241489
231123
183487
252402
252773
245579
118725
127279
185037
46736
34357
36000
35062
10586
36173
35503
35977
35575
36944
36131
35178
35266
34350
35736
10229
36594
34622
34596
35841
35595
75243
353714
183081
183125
188403
188234
235127
128701
195038
99252
257148
68749
121160
232706
123033
120046
121239
178915
129234
121889
253287
298723
119057
239099
183479
183390
229982
65195
286297
109918
178145
252867
62782
235476
234513
61945
241874
129685
280561
248748
98319
191410
150608
168810
167064
166838
209311
108473
103683
98368
121771
122310
154499
81603
82692
109861
171948
171312
46753
110528
109252
172495
189181
99356
192719
93044
109840
217967
111838
223476
165977
161877
186159
154784
121642
122541
74864
167141
173365
216453
56858
230475
107811
191461
198189
197783
108892
219376
224941
168519
205409
103326
78348
78873
160466
80543
78881
135530
217158
111703
54271
168367
56321
116227
215368
186685
149173
149233
170521
231854
115300
111080
168905
204413
102996
154035
74482
78430
176353
222375
171685
171671
174062
165240
188513
97436
196783
162940
171143
224529
168164
206644
108619
176678
159416
160615
165094
226766
105866
221691
57482
116269
113816
206360
198414
92413
98990
164045
214685
57571
217817
167744
203680
102019
77093
78748
120635
121037
154185
113281
225259
227696
115143
114790
166256
151525
191981
101401
212875
214321
219289
111213
106951
164884
184772
80970
78399
79973
121914
122125
204123
58216
218635
224423
225711
53087
90886
45044
98780
94701
196638
212944
171536
168018
170841
218695
109078
87431
120584
152257
158000
80051
217934
227680
223031
176093
206434
190735
149626
214008
116541
215330
212533
109500
212015
181217
80756
156792
159153
84552
221344
174038
218203
57292
221551
151508
256158
147822
189698
160872
168924
213229
109081
217165
162200
178405
154869
41548
155891
182068
226833
47534
222379
57645
103746
200592
91901
97330
149498
196212
215821
228787
225831
164946
160243
142496
121324
121020
152736
79880
208529
171914
170962
216283
210283
99648
45855
50818
152023
192048
113119
108584
110379
224644
222997
204121
55230
164698
80101
120933
153628
215194
223465
103369
111288
207290
151407
202605
193650
100463
109934
168044
211549
111531
211931
99022
104279
120397
121101
120837
153178
89157
226224
172348
170472
209899
109165
191019
149879
198812
222298
220771
214426
104402
105079
162022
171054
41364
155280
122435
156179
112926
226490
226508
113404
53656
52414
155462
192481
101010
197259
98831
221087
169530
212035
111654
212148
147943
120005
151774
79328
158252
210590
57722
221067
106811
219027
154778
149439
189056
98438
100047
117093
109844
172595
223553
210135
54459
105028
95161
122106
154087
81781
158147
211758
113415
109482
221609
104469
103611
98010
104067
98235
199577
198593
170221
225324
112156
214449
160970
190635
79814
160417
121072
160401
210747
224328
57171
109308
165088
161763
186694
99497
192040
91718
225654
57815
104961
219011
166977
160424
102162
131189
159224
77360
159131
74728
107108
169636
223861
107269
218988
192397
275009
101635
239906
51339
95618
107417
169206
170488
219634
59287
197663
105962
157525
74817
157802
160662
101307
110496
169533
167816
217521
164055
186685
50253
190206
112148
54076
221854
112201
108938
165835
164251
173262
41714
74581
152964
80527
173420
170891
166386
58236
103423
219575
161483
90525
98749
95069
148810
201801
170361
215513
110234
218557
160898
188589
121681
164269
159948
197938
113053
215855
170579
210804
204904
196270
93641
203642
166305
220181
107512
107014
161078
200935
80644
159528
160072
78039
182716
223824
168740
101611
110392
104946
206210
150175
149003
101029
207475
102850
107132
169688
218109
99515
102344
151252
159353
122766
154995
80410
213787
58422
109598
169140
214325
110343
198147
151211
192369
91202
109054
170135
51488
222519
54911
108992
212737
189218
121081
156422
120728
121607
216965
104050
105345
219756
169358
199732
193233
99506
200125
111769
106136
220489
218250
204904
192907
153452
41696
77938
77092
121650
195761
110979
220888
166300
215712
201575
100378
190088
153674
219617
104180
220557
112685
102233
213266
175391
80194
155811
163185
189338
173891
217359
104519
162630
105878
196058
196644
96146
41897
158759
170002
214377
109144
218741
161938
180503
120115
41390
77832
120561
121317
102557
168505
168838
167826
164625
128994
265860
150069
151402
191919
106444
221583
58430
161468
56334
172238
234398
119457
167687
81238
83402
131002
171478
216998
109112
221572
239456
227345
100980
98142
197450
98542
214304
57106
106431
167661
222627
182690
209359
168434
85815
164432
166808
109412
109483
224849
168295
238943
209788
97583
191047
203423
215356
170001
218169
234177
119903
197167
131101
168523
130150
139301
219425
103757
107603
226149
121303
122345
154175
192255
199400
100186
170206
115872
219915
230057
225651
154513
167949
131711
45026
84782
135672
169698
108641
170911
167418
113390
242304
98828
94018
151887
96804
211703
57621
111532
216854
112120
226741
119770
108194
141166
83285
128655
87965
83856
44238
82577
212579
56566
111092
217483
176125
238582
95913
97117
149203
187700
110799
111495
58725
110315
221191
57880
222973
223258
170233
43814
82033
163692
87090
199720
169297
169875
221927
189290
199396
99749
199010
151540
223482
111305
104366
166068
230430
231882
169502
82699
85206
130947
174208
113304
226666
113060
221776
65714
122024
105410
149605
190365
198308
226220
170445
178606
176882
198296
130038
44249
83606
167748
87065
211355
173404
169019
107505
186605
178216
95877
150127
151171
204044
104376
111108
169803
212099
114863
234538
109114
82670
41012
43267
130300
165891
85586
207520
227210
108833
216741
188983
265286
289453
141457
352763
171943
158096
54319
215724
196684
202221
283573
217218
146501
110823
216421
211428
106615
201481
218631
290669
224276
194655
207004
156614
158746
97543
191100
219388
139779
217452
104657
52432
100871
53899
211402
103849
99618
249126
296508
142226
241101
106693
96339
200389
103282
96737
127307
223024
219625
248488
52677
104321
199500
104804
195934
56504
131862
279290
149169
142941
109450
160663
6252
153319
204511
160831
282330
146748
264353
161048
205031
198372
206611
119532
202497
161646
296592
75572
150833
126565
120468
182076
177352
61482
184750
198935
42039
131134
297571
183800
239529
193642
201404
301453
92311
167728
94312
235390
151763
263271
120313
194578
113365
242920
196083
173665
248518
5669
236279
234145
32744
95946
24841
225229
225866
78511
26529
148907
195238
62049
156322
58880
168512
249532
231618
83342
74332
41421
102107
64288
217149
83075
148446
172268
36067
81043
118122
75553
182425
108534
92500
297922
100296
181401
205333
46822
2551
24582
213763
241115
33818
141279
212034
245831
107432
5698
110238
147857
136882
14990
43644
113373
138728
89192
197992
87482
141074
84433
109256
24239
1579
116045
40938
71236
30246
61206
116923
108454
75473
119331
228198
170252
1659
105337
76051
195025
89219
176698
111526
71834
99082
159833
279520
92725
238383
182372
28411
216920
13174
110461
61508
49219
75370
112008
117533
68206
118479
63491
44254
78041
147572
19712
312840
138206
104598
161864
146417
271305
72892
74162
26709
162754
45243
76008
110137
231091
113039
61185
66223
9498
245637
141964
15209
16186
152153
58574
112309
277111
98343
6136
109747
1101
234153
17594
104836
275452
140643
133635
220560
33039
187108
57656
109977
149697
123552
208966
155354
286290
137894
233780
181230
245563
236720
111382
224721
187130
267566
281560
153943
267639
278734
119775
113709
186981
118258
185771
183604
116814
185746
185671
123896
307509
190709
114892
228094
260585
183520
233655
123283
238475
171185
58319
121832
119845
190374
335293
148529
204197
243574
238651
230539
275422
240043
110219
56940
220523
244798
166525
208575
233115
206010
182225
61396
115241
239528
123904
114023
112954
170452
182779
117792
205774
346016
196579
142995
293413
181622
242469
187627
63237
118313
184706
119580
124759
118443
185505
226399
353266
91123
216759
227702
251961
120559
114180
183812
236992
228665
48840
56747
172538
252039
75829
159215
188011
171968
249457
87202
248155
181728
233305
122358
242617
185197
246465
194944
294690
266695
226288
219180
119642
244505
218792
204514
119835
184565
170245
108411
178542
185247
56063
197883
286712
132507
115241
61741
116059
236580
124244
119440
118503
183041
186271
58677
250651
307515
176496
142458
105539
94883
122189
120097
188510
285484
224891
185886
228460
102474
103314
180033
184589
101688
155612
227300
216238
234120
121929
242932
246796
238967
115686
248035
216750
322937
256764
103119
245281
124611
52694
212096
302542
245892
224402
229341
123346
229081
100692
222250
64167
63253
121176
55209
279918
82938
260879
229971
169992
234318
114193
215423
261629
275099
238706
117240
238748
184847
228174
122498
250843
206018
232880
278296
196521
203068
276336
61808
235157
111713
118253
187913
56274
225088
113767
116215
193867
279041
83704
288064
219735
297494
123939
171545
119932
123672
61872
244146
170727
211947
123937
252762
344924
145914
198659
141704
157785
250243
125059
117435
243856
208485
236693
121731
242660
65184
109614
116940
183947
196132
110719
321560
64775
121950
119753
196787
272199
123605
245279
238204
128756
262695
186027
199559
267930
148651
230560
181115
234991
245729
240503
114641
253228
66023
139147
313174
274987
218988
122035
242254
63776
136012
142267
251873
230149
166309
226141
185758
163077
206544
235963
248346
156574
155209
193753
242030
103741
107484
174734
176509
172710
156121
209262
225778
61471
181460
229248
63097
238731
185278
235691
127396
259414
309069
178769
229237
256640
142615
250072
238408
125457
122232
239840
214666
178794
189608
210767
342773
200596
130472
145213
211404
116722
181427
183833
118295
184037
170040
108413
182507
254520
164148
71736
258698
196030
149087
167172
254267
211644
296187
187092
184457
176714
239761
63394
117343
116048
159805
211679
320542
124864
240642
284984
125603
243949
186560
235787
162222
252472
170494
203299
142787
160946
184730
238874
186152
235176
63220
236806
186515
240552
140327
308912
189516
39716
209176
60924
116121
64008
125032
248962
144721
258384
188633
223096
174835
186227
225615
212497
120047
238855
202768
301814
121693
240618
166791
218786
112867
233060
157643
292395
128882
230952
180046
234792
121920
242159
184284
254569
206041
233497
313904
158440
209302
148896
191603
179168
115094
246691
184838
215792
102196
243218
64582
123571
329171
253311
103923
294185
198993
237802
185265
245473
114459
113154
228022
244423
64928
302190
177051
93976
238726
166014
257048
192239
224243
284895
114337
117771
242337
117022
144214
201856
232532
46137
205246
259652
244338
123891
272574
299244
113507
120418
186909
242564
231048
233840
206729
105064
66410
245160
61890
122181
235110
62938
242058
234383
121684
241856
118190
264157
77100
145828
278295
149943
99160
186587
247126
135815
160652
218345
237290
115910
226813
183039
239954
201243
130712
233869
68411
75257
284247
183311
230248
120488
240609
206548
116108
306615
183271
231982
124946
254487
222292
247517
158695
203707
284367
136214
237513
62024
116616
117763
183053
206427
106166
316960
117304
232257
235189
250924
282501
154836
184836
205253
272324
144245
240178
112606
242950
246405
41341
52517
103512
52694
165994
157660
60593
236498
293428
116810
261009
319778
163209
97043
162580
243889
62955
114822
287680
84898
131620
242429
173996
226849
119071
120611
170620
202239
62402
299999
238502
121929
115843
122611
187311
177323
217342
179993
243986
78222
355469
169640
249569
91607
250744
230621
123047
178269
234741
118252
116418
121854
257412
215486
320869
253671
53572
124018
291813
121058
241881
61471
123395
124072
61635
118724
171626
168712
243686
278495
346413
150164
225717
114548
245998
154359
281978
185131
224491
111211
231881
244756
100087
201748
231538
258556
120276
239242
244326
62682
117538
49315
169810
180451
130688
64788
303465
175018
121272
157262
311278
62892
234481
231482
118442
244718
61451
120929
122444
60965
254603
278795
317079
202996
222365
138770
61942
109938
228518
125052
119313
122206
169310
169064
117956
192013
217662
333766
153377
218838
123406
246606
318016
128657
239658
174562
56780
229474
125425
52449
223194
227664
147205
271388
181614
241189
244355
112432
221383
58164
249712
195828
352773
229027
100777
169152
214093
181656
116334
185085
187358
119041
181216
180970
257747
282259
316873
197398
222563
150319
145303
182222
228097
60918
238299
113985
112551
6983
161681
172410
123457
61605
265863
272499
218275
111481
319610
178222
238633
186101
82727
103292
237439
181230
245228
130422
144805
3829
326265
198635
209909
115027
126731
125455
121925
248218
228269
120661
174160
113029
217303
180424
62712
107793
200155
1705
146957
132856
216205
114372
115744
185959
184195
78045
239130
120727
142032
112390
109322
88668
50613
251848
9643
253951
72084
56935
220615
93178
122638
263695
161318
138709
113638
191710
104087
179603
236106
120112
118725
169531
111586
165780
118092
87092
230314
62385
157685
124495
119765
206897
80507
40060
118714
185643
235360
76815
191971
294657
152905
225494
250256
116208
74051
305668
87564
44202
69235
217851
74212
112170
104526
158750
137299
18295
211171
129674
63252
1414
120095
149787
247542
136761
121583
213799
143998
35642
124643
111155
119285
106978
169543
180109
142041
173673
181195
227878
216130
123867
118931
185970
145692
42145
141315
65769
127312
207578
36150
259236
229127
29528
257296
221528
227287
18213
101962
115500
120484
184330
173268
211715
78516
122187
122726
228173
170741
266025
166310
311852
186331
110554
62043
118345
186960
112677
122271
110589
223839
191235
193457
135395
99585
290665
120801
129772
178070
132716
115957
192199
291127
155717
3650
242514
114613
234321
280095
237343
168485
160908
222508
158825
116145
246500
133784
316301
238483
186148
183079
298234
235330
119066
94011
228226
174331
122907
119360
185797
122650
61967
185417
231727
118889
243563
64932
115879
128118
305776
310747
96691
103386
236475
125580
266050
152264
260398
183903
220440
116230
238105
113839
96454
155593
175401
239528
127857
308471
125796
121249
187370
211058
56306
109881
241492
167878
157284
43039
75324
238988
236860
239185
126075
121813
184983
183765
116822
130155
118399
70476
152399
309643
214301
306483
125083
238309
118341
115996
247630
220148
219907
181371
121520
299722
97490
129494
130323
262952
286578
123419
119014
182472
186162
118640
156403
218893
191656
160632
176248
330488
211890
157941
77101
201581
211087
52935
9749
121712
310135
114504
244681
180379
33777
188746
209316
62266
234940
16535
75576
99056
313295
40308
145035
120215
8801
17929
103624
123108
318118
63253
121448
170527
226634
9099
112431
190076
183089
58000
214591
27796
263984
77766
194657
219724
15282
222811
172274
102889
135237
161607
203937
206162
36552
101342
147550
157481
172313
162093
54963
54059
80053
35894
116141
55843
193416
219804
97581
211372
139899
152790
185529
177680
146546
117243
210897
107430
81707
245281
119512
130671
160565
250970
121556
120893
14603
156469
34784
188926
234728
118743
153826
23945
120039
161005
256334
89416
94950
238963
186345
63161
116956
235013
251188
125732
288886
268060
231135
260727
224708
241514
122125
164471
192093
70665
223208
113251
230208
203255
308774
216440
206498
63517
73920
76233
262205
175936
60666
116156
186700
111858
169247
237100
122523
53292
289756
180755
230202
54232
141508
304055
116531
54331
192607
148906
159352
192350
109846
76829
118909
13473
168962
220787
248898
7222
217182
98399
267712
152016
122484
249673
304623
139689
242985
16334
166077
132580
47515
119095
198739
182883
116752
150097
190011
242627
120274
60200
238769
186995
233955
124553
71555
243178
122878
243793
142673
147815
256846
161051
221254
126112
238630
243143
265369
11879
235912
110114
111267
178318
183276
116315
150765
147251
83140
172179
106704
323654
79334
247433
118075
239846
242607
102993
207095
265089
182796
233551
111381
248516
276750
6833
78119
156777
179239
208342
261966
95303
60395
232999
183950
236306
3141
118339
211551
53795
116523
169413
197751
236932
119729
235966
114257
133873
229375
314177
156559
264672
149185
239250
182736
239839
230152
207938
253910
240726
120747
117210
188308
251482
140767
142236
325066
198356
118090
119494
121152
186309
311054
125204
242459
170292
216140
183856
184326
46491
204516
223665
216153
237277
120977
118204
183683
234063
169895
180522
249556
224225
181863
135572
207102
117300
235804
238021
120900
232317
184464
244242
167385
289555
260968
240777
253215
282115
115016
232999
122837
61256
241173
168821
213933
126899
121043
281280
323740
203173
120021
246984
195984
308950
113230
241407
55983
106635
105562
172085
234372
34603
71557
205772
70055
144344
150807
62312
121466
45414
182555
200619
40625
185301
220553
111032
243260
129745
126500
164517
184210
174027
237629
167953
237326
61808
115169
113662
247590
121880
235493
61880
116791
125738
192797
287170
78572
303542
205499
233272
260433
181625
242060
13625
104179
57927
61041
171242
58242
113247
112518
243359
115687
148073
87392
189433
150760
214603
62731
185013
125117
270900
124812
117266
183348
221301
166598
235653
121588
203138
54060
289955
200007
230594
120283
245898
122461
112214
111064
170916
242874
285020
172888
251137
53860
112510
297478
61208
117144
181066
183549
240385
242837
236203
66194
65115
264014
311198
96520
137121
159627
264685
78679
249470
240115
185440
240286
170412
213720
128789
262789
86402
165084
183948
148624
271273
150777
240217
185811
53243
246492
114712
119754
118685
248654
275164
325859
148780
199394
183849
240392
290082
159855
235691
180928
218205
116788
115496
57960
60794
168228
200989
162744
271059
182084
243086
113365
242094
240258
118011
235701
199927
293837
96641
245387
163072
240592
62988
259768
304924
185040
225698
112504
232764
63366
119128
117852
203220
139301
165868
245448
232665
185932
240002
185417
245583
252908
137557
75659
145708
254131
214270
108694
121049
185032
240992
145545
257335
62621
232627
171164
235189
119469
220135
158913
186419
119337
186795
231044
151041
185226
185186
222979
105952
238829
226661
218315
311792
121400
117418
117674
242617
243950
115701
117679
183498
193055
270126
234497
281743
107771
264348
215199
235396
118628
114810
184356
183111
104342
58334
112188
239125
241024
78754
338290
97898
236636
148175
258691
60960
114569
113443
184234
234049
58924
216714
179279
242937
142280
350748
156667
181811
182813
126396
189824
62624
198141
298481
121691
241279
62834
118033
117255
237386
234689
121083
197607
223944
275302
64578
124531
125402
153639
291221
184940
122181
60157
115166
185362
198136
116290
121690
60722
149379
99621
185660
237909
237551
185167
236819
112270
117191
186654
191303
296154
265566
155775
223568
247754
286249
280731
117268
229652
217036
120815
236852
106403
199325
178367
244823
123551
135895
275399
118346
59042
179457
227932
117776
115645
184695
198144
276469
206147
184116
242022
185005
232296
121094
244267
190547
279445
243602
230158
207099
289842
133015
234933
184289
112031
122123
117419
173111
169699
122371
245572
235994
311179
103603
248446
153784
244637
180561
232510
62255
237357
167268
54273
173320
63906
126539
287588
172179
147852
157622
310492
127472
249959
197379
220435
120266
185616
184055
117033
195479
224442
242307
157700
233307
169560
252386
127148
271969
279800
62685
117509
114106
183144
185227
121679
243935
120719
90137
155199
326756
241083
232732
185466
237665
186013
190062
59606
193833
215432
313708
150959
210743
185303
240839
127696
159533
220874
233823
62680
219060
172570
231850
121342
196943
110888
119787
248800
202935
273148
244483
117308
224950
59010
117486
118742
179897
153237
106102
258985
61522
116541
234822
124712
118638
121205
184054
242913
118835
246597
287788
152247
60526
101670
235934
149327
255177
182346
61548
117940
244653
226506
169686
241070
193021
259844
294745
54429
96402
282730
78045
236993
227626
122286
242984
173765
170385
235363
251183
330748
126905
215232
173834
267325
190306
269725
134454
243456
62242
116925
114701
180125
245673
122687
120708
106151
105936
270905
150167
241103
239646
166328
276003
62648
119232
118143
183353
231837
125631
240105
94504
309894
272343
117935
237317
64949
118912
240118
122735
117140
121500
196368
200447
70135
314911
97879
223676
100414
245114
248634
148301
162209
196732
243280
107737
110080
174679
236641
211534
53211
98552
36772
42720
130765
220744
162533
282290
61203
109345
115018
182692
242309
209635
102671
304570
188972
238586
184109
185086
271860
341867
230778
52745
124474
142941
268917
64989
113150
228698
62711
54017
231009
106492
102942
313452
236009
184858
245392
252648
145436
142064
259321
199836
206943
268887
237797
59900
120201
52772
61774
184496
202764
101806
321848
183363
238386
114854
251618
215077
320318
199393
156451
242318
187489
212070
157245
197191
184002
115045
170585
176201
118992
207219
48281
132099
292897
60735
120095
236882
116954
119217
237652
215299
180411
245347
234739
264432
50527
210025
316477
242290
61595
121493
115892
244740
181525
182316
121484
191822
284075
148443
314401
98438
103711
300156
198424
182319
115588
183905
183263
285559
58657
106249
116425
186776
221275
172505
200301
105424
235852
120054
52885
260987
133822
251035
182793
223272
174030
245467
117513
95274
232262
230329
243901
224752
183455
112985
118933
172187
216194
123040
248560
238538
298223
154969
250370
247705
114034
115221
186324
231007
120145
240543
251514
263945
142678
347084
150801
252771
286176
121664
109486
180931
181865
123669
220401
171749
238867
126408
320578
98112
90794
94254
215673
237153
187795
231453
216278
61447
238517
112898
222924
183910
228083
51158
96378
255077
156015
71642
114735
228865
182840
182687
233828
108197
228824
64882
116363
208822
156941
238777
156442
132154
241349
183356
117450
184353
235721
240733
119619
244578
190011
281720
154256
297947
222778
303689
115403
237616
183327
237128
120388
51842
57232
172428
235748
126794
288205
256964
202556
243067
200172
237305
184274
237011
180544
184767
240311
228670
257157
138372
205412
62690
123636
63247
248549
139661
79085
279653
62124
111182
56068
170965
170792
184600
119337
166182
158068
134986
88054
148264
62066
116824
241231
235512
240640
236318
122942
124166
123945
281171
77520
166270
261687
160107
63898
120122
246485
269674
259054
116672
222382
214441
122705
119536
120691
156962
262917
157363
117561
179985
229992
120645
240724
180843
54844
183489
193376
129530
73481
308234
244405
197727
122572
241762
119809
295218
134298
240160
108795
106201
221950
117757
61503
228247
105669
95997
241541
121043
123212
203020
258001
62053
236117
214188
112007
244673
175306
154702
286046
203163
229821
121547
243418
61699
117312
116282
184275
238869
62956
264516
138757
77975
182602
119296
160305
216354
271584
231204
240458
123252
283989
215627
121429
250777
246812
184612
179316
245155
147704
141416
182154
227536
62836
232928
179533
214142
57289
234123
247623
157866
187826
107973
157457
246068
199797
239562
272040
135338
120256
184437
183398
237219
201277
236259
110341
210084
153076
159569
123069
189112
253837
256762
182766
239049
181342
243672
118905
106434
161074
113240
177441
132125
242723
116683
121148
181720
229360
118918
245623
196860
281270
242744
226763
155534
182213
119577
248184
321300
119062
240291
172360
57218
107543
234273
124057
105577
102936
157568
63472
120338
244259
62902
160416
284275
61383
238586
112995
216275
63321
112183
116799
161512
100269
208110
230521
237326
60881
121919
235278
120965
238523
181743
240600
114284
302524
323173
200916
71474
145140
146082
244676
233042
64240
232309
223558
112736
109915
121257
255150
150126
331716
155893
259982
280678
122822
110578
181759
183297
61743
60983
215223
166832
230252
121663
294758
98236
141618
99876
182730
291141
63887
242202
288315
151676
240118
181397
237210
196935
190589
229932
157536
211709
162937
251616
251473
162558
149936
61982
116551
235939
121016
246323
211128
186475
107755
156409
203963
158039
179045
180068
237826
61579
121468
231078
118546
245474
195195
284722
256403
198600
208035
240932
125438
119167
247059
80537
235478
231364
221245
113991
235910
160676
205648
122721
246691
208673
297165
242490
118612
105984
228414
208589
96576
121147
249666
241900
231539
184373
238674
242259
254337
65147
127505
287844
331492
104092
97330
277928
148075
119075
183972
62029
118435
235699
123680
109002
111480
234138
191997
286336
267547
205657
288914
140794
119420
181044
229585
121344
235297
169069
228885
192499
225648
334202
160089
278316
142700
247305
63766
120448
156723
226195
231602
120277
120371
240012
116828
234259
214833
258416
287543
251671
115663
284964
186764
230734
240553
60807
144063
67960
63462
186760
209162
52950
255270
276581
180440
231159
120052
240168
182793
242881
194885
209331
316565
274656
156645
186094
118728
187139
219800
134862
184240
181093
108255
219799
61158
118671
62291
223117
202062
167894
44987
173473
100876
102388
156627
175970
242667
189952
243587
63940
64861
249836
57338
64664
123075
122302
200313
223270
270207
243071
167270
54430
126241
128640
254502
116360
84173
84351
196120
280782
262663
86021
239190
142872
145142
233840
179306
172499
252019
212804
83701
169241
117286
171186
176735
265744
117691
194716
151438
253282
222139
132416
214193
102433
84864
81666
237101
181584
145481
125326
109270
132776
212925
116781
83180
84756
172025
179382
210328
44844
197275
239376
179560
136862
148680
210323
88645
44432
225162
120562
115673
177666
237917
121589
85142
199402
207064
194066
43832
212324
178289
204605
88193
100595
133743
192096
215369
87712
40955
56020
218865
175318
180321
179816
199749
88043
127792
194787
165557
110783
127609
128011
139486
204663
261228
180310
142116
141165
176045
172581
224447
150462
138270
112537
109290
133652
229372
123545
230195
44920
79821
229903
122250
111775
162985
187085
256427
179100
145229
139484
112751
188940
43853
99338
233874
177046
132501
231068
225156
86106
216666
107607
175449
185944
205426
182339
146010
143299
260447
117932
196997
194166
60335
103795
169541
121387
233989
60163
97366
172015
65085
70054
125744
184382
209415
163006
131650
222816
108071
220225
180375
142805
131250
175630
144787
184002
118625
89237
86744
168802
239116
198626
134680
211533
157136
134992
263004
174589
174144
122589
112577
228736
172863
265252
228454
183301
85831
220819
131439
165873
118873
116105
205601
45053
79990
133453
193503
172992
245363
199718
124585
241796
171223
130780
219300
94697
86612
162389
211386
177824
115007
187310
153538
254426
226703
172325
129377
251550
169178
130423
176211
243401
213249
186964
116830
177260
45237
111521
233393
172647
173089
253814
188959
83192
226832
146184
193608
67722
245350
61691
110616
87946
130635
273406
224246
179578
105306
170173
176505
112605
113811
179540
196360
215157
189156
133602
163382
176000
132650
211052
119869
115117
56627
186744
233291
71474
52846
113638
200028
197402
117998
86952
141546
227392
119783
202375
211221
201992
133698
160078
259583
172984
164947
178651
224034
88922
87378
261149
105949
118536
94662
130727
173386
179972
213872
117414
225686
132191
220040
125802
90265
86504
171576
204707
175811
99397
130570
132090
124453
58876
203771
187973
165303
132349
169832
168053
87730
43370
208175
98870
41850
137687
175401
178780
177356
101531
258436
176183
143778
200656
131282
112971
116573
147071
87649
49301
217676
86436
83627
179358
179496
165092
167935
128962
224758
132917
171233
198956
87212
234055
185690
179056
173857
102944
263500
181472
138230
195565
114246
57127
110522
58442
228877
187973
236408
213277
139333
240173
177802
102161
114191
180701
163702
168384
138651
129896
114229
206878
136625
177461
135850
203085
118510
227994
84017
85773
110675
68384
188640
167757
120618
124164
121042
179286
107092
116770
180019
202318
87507
104149
127947
239296
112291
85893
143877
175155
167625
52738
227571
233087
88627
85534
184625
206970
44994
203598
264017
133218
208398
117274
114939
114426
131395
235441
183773
131010
186210
87029
166014
44216
115696
246897
172191
223065
171594
113389
225414
107759
82545
206058
138466
231081
146568
143314
262037
118728
123686
166494
51898
112247
56647
136730
209115
118237
117514
164401
130790
250161
191043
141601
179212
147425
141807
261129
127489
115726
101728
183701
206183
227056
182086
150964
165861
133833
171744
176613
209841
88670
230585
217518
87283
216259
106236
86066
141917
227483
62518
211691
130382
248924
117287
215204
130576
169348
147911
88584
231410
111080
217235
130291
198203
169580
85491
160999
206841
192972
150104
177391
180270
59845
173880
112185
258747
109681
105844
132689
165586
190593
85400
111555
116118
141266
150908
260854
88240
193286
129392
227907
132668
226178
119630
211405
191717
134558
203975
232154
85557
172214
45009
219768
121805
88057
132257
172954
188131
204411
60442
116334
111332
130474
220951
126916
174783
186733
90736
270485
227529
93517
83700
99434
172356
131226
214520
238895
196987
213535
73766
203988
137013
178974
194491
212302
277388
120250
184492
155465
56409
135652
113006
215514
131925
223200
88059
197370
109552
117573
175869
165582
251671
102913
168807
177465
197671
44695
88240
234382
178884
185642
217278
237990
116322
131339
44253
160624
193487
86285
105253
177789
230410
131428
214584
66955
195734
143541
261259
111115
174474
182595
179347
60242
186690
91156
135134
253375
161253
132339
221610
133420
154433
226495
118649
185347
79819
128569
199048
163584
112835
125646
130984
89689
132579
227421
117895
212328
81289
98599
206456
184164
93290
189626
132696
133214
213765
197778
146488
171604
168572
126380
124513
134364
177334
167542
240503
120719
216463
81688
86220
271375
231919
141327
203706
113521
85419
202738
237681
108679
96395
191858
264823
86831
41836
49399
181248
186523
88717
123937
136160
243051
198573
37729
233435
178243
173401
85243
141671
222465
178133
119184
230555
160540
133057
254078
104580
86157
150676
220471
88225
44425
210062
179790
171455
132581
169434
236108
115808
189001
214769
105204
170344
180570
226772
106130
127944
102481
127966
117838
82660
136809
257705
117246
170192
109769
56676
231287
158361
133428
201255
235189
199173
192160
59301
98496
83419
212142
225187
207793
88902
248388
164929
178676
64199
257061
84609
180621
251871
138964
114677
184963
45630
225841
171120
232332
185997
87575
228655
132179
109449
130543
236466
157974
181735
67335
263011
59976
107291
36651
181557
141628
126819
112285
163986
133605
167043
184595
87106
117840
113979
174618
152941
192642
69888
229729
45416
81028
221808
194245
80231
128841
260173
173847
140488
218740
257903
212224
85340
210399
179456
90820
119828
235857
195989
44402
92604
263952
149483
196646
119117
181725
218512
177010
119146
186297
105658
263662
180155
178842
99119
113196
101082
130567
49748
118567
233062
117677
170478
53113
118043
202405
167088
73051
239215
130694
169988
182181
174586
132685
233334
133481
226744
132912
155996
197439
87010
103512
116638
120844
59197
162955
171299
140850
226312
86605
43304
252364
229360
130001
263505
178875
170429
133628
215245
144004
197718
60454
200562
198906
202824
234448
90189
86530
249568
250675
104153
178829
201528
228005
108772
86522
203110
155964
132740
179405
181518
166256
167811
67071
241013
44877
81334
200693
117781
94762
130181
44666
133032
128574
179715
198685
88711
108785
269620
225422
85913
196626
106392
84142
138436
180514
223654
58629
171013
184586
230121
88752
96423
117667
162408
184211
225706
232969
89023
86093
252387
199882
195343
89158
223360
84233
85466
223689
225044
152951
135280
265200
197283
95774
186044
214713
131026
180357
180588
204872
133668
265215
220220
185025
100262
111106
98180
132584
221273
120164
114409
99903
133905
190726
206674
88710
101324
126413
257053
88880
147905
136369
137164
176365
185358
92300
113432
109456
172349
60073
116069
194025
86653
221901
110360
114398
176524
248592
199810
199917
84979
239916
107094
225017
134370
158946
159320
179739
224933
56108
170938
112372
125671
197191
195854
222663
87517
89153
128709
197874
174560
48819
93956
82406
235158
146008
220206
82795
200947
162413
184747
123896
117903
229806
176128
128486
245911
130128
171739
47907
108796
86594
209589
223786
167835
132710
180576
203071
216396
176253
109394
198397
201021
121364
225096
143706
201278
129064
125641
85302
149719
197840
160699
84026
158619
240993
174643
45392
84632
170688
193871
223658
89824
84862
108520
165459
132652
169415
224014
117601
175936
235334
114713
43892
176835
195991
197602
130577
221459
179158
200052
87553
249401
124748
166153
152697
174400
117747
116225
116551
141034
150975
264004
230002
171168
42796
263492
225568
91227
88678
101402
116285
50511
174357
237604
117270
208614
133005
206974
204942
87554
109943
57744
206415
186474
67195
66577
133451
171728
110798
86653
151933
277190
218897
133528
220061
97980
174134
234905
177597
181482
220121
142286
177370
222828
193052
142732
179600
179326
195331
214149
270516
213301
132583
180191
183731
103232
118070
235326
153709
134400
66380
127364
226383
193504
67428
133760
147545
230067
119529
106644
87087
228522
137733
116791
166971
169969
225110
85927
194150
178620
224125
88897
84768
128360
207503
132458
208030
67737
239903
130879
220702
121756
112636
55688
167361
50535
125969
124214
144111
186815
88627
193584
181149
170819
133455
238430
181253
162966
89620
216497
65558
123282
174043
101320
86407
156887
160770
168134
122856
113797
118279
162803
134584
248722
68570
174423
161018
209325
182251
127983
249418
178596
172165
109766
252603
178695
139867
148288
117363
184148
155812
115216
236048
139799
212260
189437
172077
218563
152964
191939
178056
232738
88126
86857
178227
183062
223828
176262
221172
45067
181742
169052
114531
110158
192172
219015
131160
86629
132040
188800
236713
88160
83369
118175
179226
177600
175379
254420
179115
156014
89580
85149
115873
197339
86289
110606
175144
177290
177400
103905
135661
126952
135974
153775
250726
97832
174575
238693
178233
146027
204149
208697
181857
188271
130405
131331
234031
190280
179205
113642
194421
155744
272096
217309
89117
85678
207215
186573
133999
121118
157213
142001
65686
108395
167829
88344
98840
213098
88484
98146
179980
229969
54035
81816
206898
70945
214074
194089
112757
109140
132310
236803
255973
117105
182206
176959
245733
107838
181085
159526
198990
201758
115246
108794
218489
88379
101277
260840
45672
81642
204899
207674
86356
214184
180415
204232
85526
244376
187206
59363
108258
82968
147239
205763
89224
214013
177195
209679
132570
270174
94114
87326
162086
211038
63229
87288
133947
119277
180956
178396
84971
139922
209494
112971
176064
175995
105870
115638
135512
200471
117258
226169
137398
219518
238449
183193
130930
135973
149610
193124
129445
135941
241363
91265
44330
195500
159111
132572
236820
57430
87713
203731
69957
240939
160693
177985
267671
124070
59728
183086
231349
135839
226918
133660
198670
108336
172252
179831
231318
152906
132359
271738
88930
81327
153171
217327
44504
180617
208039
242001
111675
171666
192300
256615
203434
142226
54919
203569
88170
221129
182245
114250
44307
84155
232268
67187
127043
166960
123031
210265
80879
213400
176396
212083
131463
192444
137286
235086
87729
82594
169494
99531
132076
170055
112656
177209
203267
208933
176786
101349
275719
100943
173831
185082
230048
99943
182969
70443
132876
118220
175852
172782
110199
199294
80089
96602
237411
112424
195986
153143
210425
183656
159620
260081
189161
241156
128308
228168
141694
199227
159401
133582
230491
59453
80915
193308
141723
244001
192442
86881
251452
127751
211208
131012
261198
115011
211875
132594
224731
90065
81451
175103
58139
119232
114777
141374
217293
140850
179540
216489
117777
82963
134564
129055
207070
177159
100331
182083
199073
254944
184117
151653
168461
170587
114119
116778
177937
151777
84627
174197
249161
84329
214343
206723
87165
106679
179184
234958
174111
239850
202494
201619
195567
167709
40114
190222
62426
113373
114142
165624
166837
128427
251992
44689
197225
204983
188919
45181
220101
234699
149545
194018
68690
240029
111493
94083
130874
222193
175836
108827
222554
175326
166766
120852
243993
86922
205052
271160
166344
181755
257742
177684
133753
204729
194040
85348
235469
55671
44538
84378
204869
110195
114403
186176
216903
209146
217570
181118
137310
125599
174073
145894
44423
43987
219209
137499
60446
227431
154046
193098
138872
205134
148891
229120
132251
167096
258163
176194
141763
82847
189475
210354
114813
185847
95314
111634
148769
83707
226665
109933
173662
171184
248374
73549
103240
190958
118312
109418
133233
212416
176123
206815
86671
224296
206634
174732
89264
188982
167371
165295
120997
234720
165928
170305
269662
112330
82909
164622
264923
80418
196879
176717
225357
89510
204115
71508
128647
112860
161647
172041
116017
195364
209153
107937
115635
212164
191201
69845
134463
90522
187161
249894
175110
190337
180380
177792
59600
171297
108379
257651
131475
191319
190734
237211
109468
89859
135920
197894
137373
176661
137111
85612
210461
176472
112128
138310
44443
100173
171348
165052
56222
118621
177877
169821
172291
265523
180604
44389
109763
112842
153298
179310
136897
250232
119691
94013
187188
200201
253742
143520
203910
198824
85712
231251
110784
213743
132870
191494
138959
134743
153368
112083
155629
131986
231276
121026
113528
92028
131125
260528
132894
209965
178915
116101
99417
132151
175290
232640
200030
87121
247887
171782
190364
209810
158304
130668
233568
181396
235600
119686
227636
174738
108892
204742
133706
232389
178682
148237
202824
264071
131499
171781
129904
184701
180755
229546
176836
145865
213800
236996
83812
193980
132953
111585
58802
177883
189595
86770
265706
178844
192804
153778
261894
179534
177805
207886
143612
201955
111843
114644
59086
113932
166857
123695
133106
156155
188121
176037
178400
44522
255414
196257
208286
87209
237520
188956
213094
132450
170817
184518
87970
235158
61761
212613
186514
263648
82986
86659
167432
208647
188760
110267
232453
189949
86395
266829
180440
155719
191961
208896
183535
56877
237364
59123
103296
167999
118059
131238
196630
85599
132133
210357
174052
217031
115528
221512
131495
224849
137008
233511
132992
154518
164264
175598
113274
113335
178442
188519
164907
256392
131050
40266
266874
209229
84923
117667
181882
178415
89289
132838
261114
116185
178882
143620
146002
67935
263871
215646
131774
262645
177701
154125
187074
248295
174830
145607
193281
197926
86312
106135
175552
176594
100710
132199
180214
128030
184230
98774
232612
134449
218596
131916
113852
225735
169956
276373
111300
186006
88162
113575
112375
133911
104228
112814
180402
167831
166788
129492
235171
180052
228786
89290
86067
168441
179537
214996
81375
83374
210181
234791
191613
196941
59460
93652
84262
163571
224150
118208
178911
103200
260750
134372
220173
237528
88509
85661
178042
177958
117956
174510
172508
233843
60146
196391
137148
214343
86673
206404
177983
217319
89295
80245
199631
201454
139815
202822
128356
135652
155532
128814
211097
175546
88413
131227
229490
169622
238873
142863
148457
199057
119508
114549
182312
225305
261163
111237
44241
173454
257148
111757
205424
130843
226094
132758
163098
231319
209153
44353
84053
250062
107219
85128
86466
124143
108192
181302
98428
263042
58990
221886
132182
221194
211308
219157
83976
210388
100685
81549
146876
239752
113071
193443
88151
119700
211861
84077
135598
180588
103072
133142
170074
54272
233965
148997
135580
262836
189467
151386
190148
168553
165154
117538
234890
60031
103765
85635
148866
268363
46280
44507
188740
124130
225849
45450
81645
107874
178494
227076
87278
41910
85908
126153
191467
225248
132820
211398
179357
182146
59967
121367
107549
132003
222432
123144
177459
172712
268601
87925
79703
255831
125258
112704
161567
171824
117158
104278
173503
64455
111516
111803
132507
221421
125113
231936
131565
216437
139427
129596
205984
44298
82915
137347
196762
212819
86057
202642
155039
190358
178356
236746
88729
85842
181381
225758
133102
180098
197463
194538
83595
186401
223651
45338
87371
161638
269177
59307
107449
169941
102055
113260
96224
130010
178057
115608
174615
141142
84207
192654
188402
173761
63357
109872
109117
85833
207170
61032
116315
219899
131618
44395
127215
262201
117327
93340
85272
157999
163319
177118
179760
109627
216860
86300
95150
196591
208490
85159
261455
168455
184001
182511
179160
199386
84894
127064
194821
222172
131547
205424
100495
183178
62443
106737
177301
193634
44717
226677
68013
112207
168416
124764
274630
130087
219773
133644
115283
176963
171053
103422
214149
132104
236730
143889
142082
229979
170217
132232
100515
197993
254281
94612
188746
128413
249571
156272
183072
58911
114571
133720
211045
176542
206417
87145
233679
175782
177207
239549
86345
220386
249821
176794
137048
157213
272456
176118
136902
84281
177685
139475
83572
176998
60058
114578
205582
44127
85800
249603
117179
171583
179752
107829
133431
162546
113242
181001
154357
190440
53973
132990
137005
213944
84263
212911
60454
80744
136925
295849
59583
106782
85549
44316
91425
197516
220043
145175
262339
104557
179983
124003
232173
201546
43589
98569
127225
191359
208554
42428
83138
222457
138754
147309
61220
106775
179328
99781
45177
85712
178833
225744
89095
94829
255974
174676
188024
179782
235105
87497
85466
175084
217913
178378
97617
172877
175092
223286
172450
114208
261260
222992
88442
84236
196879
60286
231556
55117
80538
193983
107596
86568
132114
174892
58048
176365
185549
44252
165341
65299
167076
165630
63696
170317
183768
44178
119154
59593
65256
181110
210807
44699
192313
265493
118355
191795
79733
226989
132486
44205
229363
115116
211765
131560
248025
123070
82581
147792
178455
94904
131004
176156
230048
59325
90610
84403
45037
116087
122777
202802
162354
39837
188136
209584
84492
102104
180843
178390
150209
198490
135984
44021
86703
213838
128808
110761
84017
204109
182250
222349
130348
44590
119728
245330
208365
132315
44045
223439
177340
113989
232948
164491
172288
197333
206673
88349
43799
190698
242372
181827
236467
112850
191108
149307
128481
125923
86416
139066
144759
203430
118303
221172
131779
245764
116735
116086
106203
171188
64310
59470
125207
228095
145112
138829
113613
192674
212572
111877
231452
133479
159844
197561
140613
84569
178366
159176
183074
120636
56892
184236
173990
92472
44032
220219
241642
59508
104096
39892
184047
173243
133266
40360
230332
60787
111712
55166
56231
130868
222929
133161
174162
47195
233184
139102
194562
118127
237278
139412
214595
196709
223014
85321
85714
177442
177771
96643
233345
117805
114603
86594
150568
208609
93145
132947
54580
124431
240140
44417
86823
217457
58604
117798
169003
83540
43477
104244
133120
67395
111562
173730
174763
50140
218170
81477
88101
170280
235209
103800
85980
156018
198679
178811
164288
126331
134554
87098
136176
238958
232253
84439
192866
203960
188691
98038
94166
83219
235232
142271
129218
139572
251464
134315
253567
261669
241469
156986
40597
141719
237932
201030
127217
62150
195585
143734
141485
180514
148626
36816
93474
127171
250149
207871
257176
265339
137485
110023
171559
131999
207640
118313
70482
137663
268813
181571
133653
167894
209197
130903
166594
118140
137078
135804
266104
128851
137230
251358
155318
132372
234497
265528
132187
259862
176077
178924
66874
217253
45035
86528
109856
241329
264233
69463
121618
264750
205484
177574
133715
154194
177889
264017
121452
193977
184633
44519
101908
278406
86548
85996
166535
199771
278365
131632
221105
175394
181820
59434
98345
183253
261237
274850
264688
135248
136103
137729
262482
121444
139351
250894
155631
44725
87532
114054
115850
200547
202824
250168
91861
184564
120613
158831
182187
132784
241781
210910
200176
211772
68799
138538
232352
108368
130559
170114
248844
266835
267897
43225
84331
84547
238764
175137
164264
179710
209860
251095
207386
213036
234997
100204
87880
100850
116582
118660
71128
257785
252069
196892
96315
126610
190406
170393
101489
117319
117094
139628
66734
202502
233790
140477
132861
114927
179875
228305
64828
128577
189735
128700
171136
131975
230302
205418
165159
112476
275857
64201
131319
240080
58649
55921
173820
114810
218355
132583
183589
253361
251112
130235
134871
210232
267636
251368
138382
110292
224399
133518
216223
56135
127203
256804
208187
144977
139809
232313
83961
83384
172906
204750
251580
70274
127281
271503
273566
110621
202263
140289
180381
269003
129856
129314
198158
165886
56359
116990
202464
45724
86412
234857
205257
246979
66222
136347
133556
199031
221009
85867
202474
183250
262871
66749
127766
235107
130152
129876
141097
115325
88611
43927
161975
238906
142237
125991
138846
269715
137752
115268
58735
112325
85157
142749
62551
116502
123828
260041
206123
159092
85440
170415
131340
140081
43225
87555
219119
240926
140700
131299
237232
134802
158256
178379
168360
99970
249801
207721
197426
281333
135495
271742
67462
120987
250853
215924
181228
226227
134968
139625
124638
210771
172880
98458
237325
130463
94012
271235
129986
58257
206368
253348
147713
135879
129047
177391
136638
151853
228663
137883
131074
192799
235196
191120
111105
193214
225198
138360
251294
266184
207993
190954
209415
198540
231156
138525
256990
212536
129462
213531
137524
108967
133839
166911
239686
141027
115458
138572
267271
139493
115619
171362
167742
119636
113714
130456
205222
210270
173066
168758
62845
258404
196934
95257
118796
116122
206249
200103
197513
171762
94252
98573
41709
43525
211176
127890
132565
132357
67714
265432
271489
258092
192348
202770
179592
176320
101146
62242
244077
260670
123009
221156
132067
175583
161957
87307
223382
126798
64198
125291
132222
243329
68637
269955
255692
195352
198867
114756
255676
259487
132570
116373
131816
170224
166346
84895
153872
58791
116041
127775
262873
277528
70288
135146
182801
60022
104625
44543
87860
101459
236674
264712
61124
121600
199949
83490
206403
136095
121572
133752
155603
228565
140949
69213
120260
314711
72017
125204
229678
99065
172804
180612
198392
253104
127209
116587
132075
208981
67220
128756
200455
161042
238266
273781
266369
49112
171330
105320
176853
118181
112501
263622
259452
126266
257312
123498
253930
262542
118913
48691
139709
148990
180114
258415
70736
308609
167290
55234
113763
201225
44724
90551
249121
117561
269802
280734
125386
271966
224657
81330
85726
174963
189266
255545
143997
130092
88404
133570
181426
189101
41966
92147
59985
175313
69400
140373
270778
254035
137504
116816
215516
85236
214615
257124
136806
120204
250298
132616
171855
253552
87196
85384
172743
244180
137192
117649
200326
259876
236950
107991
168523
110342
114465
264876
245818
182006
132194
228126
234250
132448
173248
248503
140405
113902
66213
131557
207321
94693
56854
165270
246824
141888
302996
71074
250371
251131
132922
138741
112533
134482
243409
108956
166576
237357
119467
242604
126585
136468
176196
96148
168268
109495
87127
153003
278516
200274
245820
139947
188378
238071
173721
132503
162339
177118
254509
122320
250467
132718
164753
118866
95535
130051
231528
124389
187785
122102
68051
69380
197091
239022
118617
104548
86184
151576
174415
247843
121529
135954
132505
178986
245740
129885
187468
221422
114720
187006
123246
136228
196235
252033
109622
112609
93962
130982
176913
247490
130012
175874
227456
132138
249360
121799
87781
198878
198398
275812
111274
209354
131558
66717
117458
107318
172234
67522
128124
256278
184126
270799
209053
124161
263270
127162
251108
176921
143526
143412
114060
249523
67204
118012
61586
70847
192173
166421
114105
113896
104944
170712
136881
136133
199896
67462
126118
250143
280139
183503
175702
171603
113807
230337
68655
130598
246764
191002
44685
87296
224347
108618
43207
177876
120409
250873
185615
199953
277894
119765
173000
191666
81935
121260
183058
247342
123309
261945
130378
105310
134896
198215
131119
163768
115650
190398
255169
253068
258007
116056
114398
89005
86551
43552
179030
237929
68879
175197
207524
178747
93646
125258
206158
185479
101206
136607
195499
252487
56020
115754
194379
152652
231850
131554
235619
194198
253972
123340
128029
214932
245479
265341
258208
118610
115050
175805
174875
249410
247486
139908
197811
85193
107575
176526
134488
153249
134547
199646
253352
247099
77023
134997
240867
220793
177771
227239
127654
253937
197481
211518
153494
175026
178480
106783
226323
201228
189672
277425
257954
113998
202018
138774
234088
130576
131887
117367
132823
66666
164845
188961
132125
90392
133716
182461
240217
131342
257357
124270
65155
193656
222816
90835
192383
177477
195560
241308
140577
101076
86831
92495
62403
200173
213722
86425
112327
138847
192613
203076
220426
101437
84799
91437
124440
58979
150306
182158
117547
122003
130889
187471
204347
255115
121001
137755
131413
127183
65665
179707
216244
175996
178689
259047
257026
139194
92281
84637
101861
60626
210952
86830
87116
208212
256734
235922
273432
259884
104715
116249
190357
153497
60337
59067
251335
123915
118093
258797
167534
123477
106525
145149
36530
97640
238143
127055
241926
198142
278167
239816
109649
172090
118017
59287
246468
242238
267128
167722
194618
191283
132820
161694
112967
192475
255655
250575
260978
173638
149542
192489
239963
123530
182146
72697
232995
86915
212739
257917
88346
83485
112166
116627
58178
199370
184372
57334
136348
93675
131398
186798
87933
103602
113598
197913
249424
264745
197055
250980
261980
119535
111363
171040
129266
100318
231985
63807
120550
255059
69456
121056
83737
82283
170090
201062
86967
238352
202366
195268
124450
119529
210221
53403
116300
178058
42554
88901
85477
237562
116306
128234
184867
54589
132180
114715
131287
38725
122758
114534
177890
212432
116775
127869
255690
259789
134340
123982
230466
180768
94687
235562
197723
184999
205344
189195
236316
195742
125876
94086
119762
185446
201861
262354
126734
258900
109014
58289
154121
179673
118681
239465
132731
121667
142114
68386
185234
220285
258590
44833
84964
219787
254729
186377
210161
189658
196899
45680
86625
115879
58495
245378
113141
208449
70377
253884
122347
261180
250680
174470
160226
44180
86058
228291
126397
132085
188751
252715
170912
110335
215877
132401
229822
71287
263897
125583
251017
247470
129882
218727
139755
197545
117428
59553
254870
116915
248004
168858
117273
112023
101613
131414
228757
124860
130466
255762
139084
118379
250535
115359
102969
133068
165323
235532
134267
64614
118037
199213
92686
86896
173797
260122
166720
174151
185259
199350
255899
133402
66444
193300
220580
94187
83860
100645
119633
184580
68250
258252
133025
191729
140870
138553
137978
143144
192380
59119
117410
255477
189406
210508
84798
135582
61927
87843
133451
75057
268693
127525
246834
275287
273903
125724
262748
117881
184095
86130
233654
200480
201934
211462
183760
156631
216453
86729
215847
209865
259302
127417
66754
125386
179838
140910
116713
172445
132271
36266
113132
114796
198112
57728
129575
121537
187919
167960
112305
113681
105687
131352
225060
247051
71790
120879
125146
189907
256307
227599
87679
84037
175499
243182
67238
121809
260733
139291
208855
141830
127855
173383
228434
122265
262040
271729
195432
72425
236541
98227
128646
55276
116056
59202
266162
123262
268964
138703
201597
201919
144843
198529
127887
131142
216585
239696
118514
126184
208607
212214
87440
107874
247918
265680
126704
121936
284596
194945
58138
135820
123089
210392
46292
117185
106532
173089
179395
245251
134646
260587
101228
84996
146911
180120
98439
88837
95617
138835
68147
260135
136303
251950
215045
198675
115354
111881
130543
35183
112317
115503
261714
196825
257816
44723
174926
63370
108468
50465
178816
220008
121842
137803
257288
281615
258679
177130
177900
165944
245104
200017
192815
185588
174302
204695
229054
182863
119930
261718
270602
64822
128650
195545
117124
55356
48064
175158
231545
271144
64353
130083
238904
177317
257068
220812
79757
117461
199008
257253
245033
193926
149228
177423
95248
189943
71293
127354
266974
255315
209484
143814
131546
197975
258268
136360
114488
163302
166432
124114
248705
128733
66222
130960
128825
141021
196437
118544
145034
44455
83553
243541
126183
129678
136079
128263
66844
209581
261757
236353
168380
103735
115241
260185
128820
127184
245878
179678
177153
59316
177389
46565
122854
176148
272105
66175
120056
274580
193853
216715
174640
123336
117175
205781
249957
133422
205545
82017
126784
239107
86392
197559
60547
110149
266340
61008
121108
128820
185365
196061
216106
44951
38093
141866
181371
258098
122243
258111
136387
148458
246585
125300
171616
202389
208393
260967
116575
199877
139632
183871
106906
126916
166623
125449
142400
192818
264589
136468
128444
258134
120102
135749
186900
204282
88392
153744
114433
261479
71338
112228
244759
168555
116104
118198
191538
87607
257882
64946
108760
259322
68437
266244
264858
179171
143249
144174
179808
260503
125764
125879
103890
43543
145060
224414
44351
175582
181606
254077
124731
127949
127077
286901
64502
56081
115935
148028
186243
119732
250984
196271
199584
197360
217873
130218
65754
169639
157841
179797
70315
137360
245611
129318
261078
181466
160756
87928
43709
222056
59856
261718
238916
67901
181758
153906
253571
115137
82752
216982
117767
132842
264644
255337
86821
192870
178137
243325
265160
65501
264395
269486
125001
138227
193755
255781
201826
44383
80913
115650
178258
58051
261102
265622
87286
180416
226946
172717
50346
64863
139119
192544
139427
125429
199303
274036
133586
232506
175185
232759
127202
258111
196723
220027
87119
227203
148702
191683
117198
120452
139108
261505
282411
258138
111868
183888
44361
103617
112266
265197
127413
129085
66523
140257
163799
51089
55551
204797
168354
178474
119287
252149
198434
210945
256468
126449
223459
86442
87561
116935
182334
211963
259447
135920
122352
214884
65686
127165
114655
130671
220176
193088
198408
200391
155982
177948
98365
40678
43860
98820
182827
138037
69567
247453
129094
125616
138279
196725
203926
260170
116577
53380
87501
194142
242212
138706
262631
140454
88718
130674
219104
108303
85356
41680
234623
135441
259561
70319
116139
128602
261505
191878
173981
167586
117012
59274
251514
135728
252820
188375
85529
228747
191829
206274
253820
259552
234543
273467
57326
112672
103101
132774
213317
120734
137546
130585
60371
130819
210114
182733
136413
232814
180366
234758
267645
115744
133605
259938
70842
113373
54230
163678
131822
170721
244295
137288
53682
68538
137658
160460
87980
43615
182294
230361
43710
180584
230353
138936
253192
264197
88392
85238
152444
132356
261790
123357
127690
278245
126930
123248
275491
250629
197823
263878
156084
44366
87364
179288
187326
209006
62109
140529
127915
180658
210652
202093
88026
52016
207736
198676
199454
265994
119734
126117
211527
175551
131174
204658
177094
131453
273088
122122
109155
132768
161397
213625
87722
39920
44753
121315
180934
129558
270805
134433
113397
199487
200393
193169
87796
227736
113587
274367
129837
66359
195300
87725
38829
201707
71500
122327
130578
208883
118225
60440
198311
277203
69961
127155
201987
234624
90684
82451
248284
133630
70775
272875
92736
37034
147060
250127
105980
84348
85610
270104
258081
206918
174420
173135
52073
120325
199445
87254
239541
185619
277646
207736
241870
137934
280040
119502
129388
142682
176357
182008
100491
227821
259907
78524
273786
93375
84964
217057
58354
103269
133152
190400
261358
135229
275170
69658
258756
137455
128516
207185
135700
236552
132062
129076
285052
119584
86600
204292
212229
44959
134605
121010
235813
119542
137434
205506
189243
260569
60706
159181
190383
108307
244744
67370
134962
204246
67250
48362
168644
112056
134286
174918
131156
106648
166837
59520
200496
276063
130845
254371
201022
159239
174418
234690
130689
55797
212534
209052
185916
90522
265963
157750
195576
256249
186198
210834
222661
175388
114267
210624
176465
208068
195387
277694
137848
58583
186802
277197
241818
269091
129388
196639
137066
235673
258851
132309
253219
134248
150049
179850
175909
104027
257450
248658
271681
137358
244164
261916
104319
87055
151566
237169
260465
143966
239009
181274
117063
115878
137384
152878
225814
134856
135291
139193
264091
279386
225225
89599
164223
60002
120306
260466
75749
264788
45261
88805
207479
133614
200392
136890
182686
244599
66405
269107
113513
259801
255089
97488
80767
94789
182673
193096
263371
68986
223093
166665
205534
222612
89269
37495
263248
130659
130342
211021
216874
44963
182000
178952
178488
210214
123504
199636
147686
200089
57430
197464
260927
127336
253708
143159
59101
161135
171390
236323
260258
136303
247767
132687
208851
205221
191903
127417
63044
66222
187043
267729
264117
131002
255436
108768
92133
89456
44781
180809
240329
65238
270890
222567
133632
181431
156048
130204
226022
255979
138483
65376
70320
197279
264646
68683
167872
45697
134150
216066
60038
184257
210048
264674
44653
88544
160280
202552
186770
87656
230683
190090
209004
251625
55350
190363
64039
196115
186951
203848
116422
249542
208111
234719
87321
203147
130441
130083
89074
133081
240194
249015
220021
201670
88160
44059
151287
164466
222026
129580
54735
277999
70027
249398
276524
136228
134248
267211
230143
88719
85176
106026
178882
262319
276959
168648
131885
171083
164653
88585
43743
237376
260738
269942
256023
126843
130279
58906
115329
171883
113140
59265
238840
66240
272089
224238
85850
213373
164811
44499
87158
221255
120074
268006
277686
121528
130580
139147
117270
58559
174499
45215
111632
116032
190653
266369
246468
87490
207208
211565
142874
139099
233175
262227
146797
197636
244792
264222
105774
166999
182010
185495
126267
278640
180510
44137
86288
102637
207915
161974
84247
164069
241772
128727
141863
195160
190612
87170
55104
94312
182173
60357
113377
258304
276078
118910
130910
210348
266661
198133
53726
140667
115898
142963
195767
118331
122176
130667
216262
206988
45906
87311
84396
227850
147937
187205
138023
262117
278311
135591
125811
125168
270138
117811
134221
44531
91710
234781
261066
137761
254826
131840
155941
221534
88376
144085
117346
110660
197345
261210
131798
244785
253051
103892
172725
230129
126341
130404
136938
264589
178285
101536
278060
141041
201243
179737
66928
133241
281147
191703
254446
74352
218319
166327
122528
235264
67698
268821
139412
120466
83201
209293
131064
115429
130848
83072
182113
59127
256705
139651
135553
221202
135639
61108
84015
52296
29014
34763
36418
36052
35374
35691
34688
35864
34898
35588
35430
19048
36143
17287
36166
35828
34478
34878
35094
34920
10278
36314
117837
153456
161252
110251
108356
109611
103953
91691
52455
205632
53606
95211
97120
108524
214460
238301
65652
129227
120513
142041
132167
36632
227112
125051
159672
89561
87433
199525
252467
96768
183491
48041
221229
124448
202166
132896
91126
103392
192852
209578
177245
88939
225404
176449
172489
181733
122240
5120
173654
155739
204493
233118
249277
256926
108850
174705
59080
100208
102765
112853
102269
174934
282479
244467
121881
258669
155347
216627
226462
55478
109388
262583
277138
246346
230324
89876
277505
26120
26934
47716
63763
117495
176557
108223
113231
109854
185075
123234
135479
101273
114622
113028
265570
194879
61305
181253
73125
153635
10866
198692
151773
144202
251379
236756
247645
281413
177278
179820
154585
157547
62637
181664
236585
227625
62388
226095
157484
208014
237596
115492
108957
235378
160065
207640
180686
229221
126696
124512
128629
63529
276901
241458
55825
92350
208190
119648
225089
134805
312425
237009
245492
118421
122721
114527
285125
151586
99547
190608
59798
110955
235315
221508
259031
154176
151195
178209
231506
249944
120521
265953
74249
195558
204618
49720
116891
61270
175944
116628
216374
306367
138934
246808
225097
62521
244909
118454
204966
75226
133044
211118
46566
94839
237031
233274
218295
92847
164935
217133
59304
112327
109411
123342
124723
253573
269604
143487
107511
198549
107289
121953
219179
46698
56191
56734
255286
315581
230051
112695
240842
126216
58488
256721
222424
94076
157075
232148
225841
232323
192860
328094
246576
243299
52674
181811
122762
184937
282245
206376
109315
115595
163397
230637
218800
84801
95619
138651
136500
113912
231500
251127
64343
124487
266676
254568
91794
99571
169417
169665
100160
222568
110143
327563
252875
114122
53599
183035
246932
117400
59458
292565
107057
196065
238321
103201
229390
239608
99169
346685
241061
125576
116249
231485
125722
290963
234419
100239
98252
236266
24860
112807
221413
215544
306707
120420
104686
63972
244743
256964
64773
144493
143501
244984
100116
103781
180899
216969
208860
239029
128087
59172
114414
126485
115752
255220
122024
139200
148577
250663
47345
203855
233008
44535
49137
107091
107673
109205
253040
195265
120701
119397
120609
186262
191533
120657
285705
234728
78016
179305
180255
60698
206844
112197
106848
317120
206987
229630
61934
120901
211410
130349
234317
231182
23180
155972
199843
243037
62166
109505
116931
146110
319728
142151
267238
238380
117513
228139
179839
128616
152197
99615
150735
50409
122503
233125
157124
144915
169007
285978
290529
278117
242339
119652
59747
229341
236782
50642
115794
85091
153554
122432
230846
226467
113107
321270
267098
59421
244229
116384
245501
198880
99667
178522
218015
204242
61235
181826
225086
262099
158911
270702
120943
244393
129871
263207
236317
214467
210562
51531
114539
240186
102545
117222
315523
296552
278739
60228
232563
180113
53828
123404
200193
160373
117722
148938
205916
127765
256739
143966
217668
307444
138046
288644
198073
171106
239493
231295
33540
185437
103489
108386
175625
63812
26951
211708
112111
225864
259425
262238
118192
115833
122933
247804
112500
199536
276556
103542
211241
228949
218956
8775
297666
268333
164931
120365
274468
155261
118273
240553
170118
110057
55801
111093
213901
112523
177323
106310
323310
282902
138887
241130
237277
185044
123207
117617
285385
213788
159952
180586
123469
271605
56917
101506
64232
306669
224381
133293
139368
111937
121063
116000
181791
220461
117998
217314
105751
234998
120515
114414
234186
134252
188760
130120
242108
230430
126621
238643
121240
148683
272563
219576
218746
120861
226452
103261
273434
85029
110091
22858
126990
116280
241169
140218
152195
82426
122481
234472
226409
102741
111981
217506
239002
121108
311218
138584
160388
61514
263499
238803
113727
229481
241300
279567
49889
202820
115987
187811
215044
123246
221209
56687
84676
82878
225188
143384
269342
120196
233227
119399
175715
225003
108661
214703
228957
233534
234186
272571
92781
152728
144065
195152
332069
270573
238625
242534
177470
102351
61041
191269
239206
295551
242568
119453
116938
188894
186280
239584
316622
21836
152885
63518
199043
137409
109407
120897
117070
185720
182305
246485
221060
87881
73048
140034
118602
244493
125130
59325
118748
116761
57346
68675
69960
131688
287106
121504
93782
95537
192235
212224
107099
166235
102577
166691
54543
161237
102443
129695
119877
76118
79627
120874
183718
57346
49921
169092
223512
114219
216885
50343
95479
95254
148476
40876
100329
108566
229366
173344
219582
108635
208522
137423
156799
43340
108915
52792
25511
79714
218844
172791
84863
57626
224038
170984
154209
195720
151925
103713
57170
108184
171550
170867
57193
165503
162128
197334
120502
151594
79253
157864
212139
219517
112044
56892
108337
175289
106852
188761
147985
188011
113414
227845
225529
109774
164632
164104
172913
120876
152598
157595
38565
225118
105444
219231
57248
57496
169165
112072
97141
195942
187833
51102
104574
108008
225192
111491
220348
213561
54898
92700
75843
121626
153731
80334
185179
171763
171931
170590
57153
168442
57519
96520
52575
190737
199706
98914
220153
170010
220233
112615
99780
214190
80513
156865
120257
40674
154845
158576
173238
172837
173528
111304
115400
95801
201084
197043
210528
171841
226807
110133
213902
53889
209281
162078
76247
78892
121410
162686
225009
57344
108811
108409
174693
201214
193727
50304
196414
102010
224552
114686
57267
216174
216549
108230
94686
157470
122253
157857
127923
168983
164488
111648
169408
105595
210499
97685
50235
189104
150145
160643
106486
176534
22925
148165
122746
165606
25325
78090
151402
40711
54548
21860
36009
79913
77544
125292
81280
1644
9810
16328
15096
181577
107191
109399
226112
114871
235926
289479
140598
194687
91011
109776
101915
113498
109879
56282
110333
219602
103732
105423
124466
73159
40842
78970
121722
163678
227134
111730
53597
56478
226924
204484
148395
145094
99534
94854
96357
170893
161461
114859
109373
54126
56589
164543
202581
95447
159422
120499
156937
135841
57714
113509
220626
103594
108300
217228
95596
99245
151716
150266
51596
101968
170923
57228
112474
108639
168437
217602
110048
107370
120239
121588
36952
77404
41295
79123
182636
57330
107060
220755
112793
111782
211901
96541
199349
42375
50531
94427
214204
110197
105015
220320
56329
103637
160148
157816
160956
78195
155293
78319
178823
227124
113223
224790
162773
202944
201198
98548
104171
226644
169751
158415
112884
159044
217011
44584
77718
156419
41407
114690
81084
84828
110131
172152
160296
113718
165132
202241
92588
192780
93406
96744
160467
169450
168843
112971
56166
213857
215932
91548
152749
119426
151546
39570
194590
110996
216690
112261
215979
204907
50711
50090
192829
198228
169847
111704
221932
228989
104149
154181
144509
121063
121413
157438
33912
135076
108720
221844
113159
112628
167400
199615
51189
192688
191328
161536
170117
227825
112202
106549
216494
105753
93702
77966
158147
41112
77847
77177
40619
84712
46752
113207
111013
221203
220949
201923
196000
95063
49862
99315
96883
168936
114237
110558
171712
173166
102030
162924
102735
43176
77036
119666
120252
156611
196708
169790
224024
217156
105409
296837
216047
96408
190699
93668
105737
222807
114568
217247
220117
102045
94988
120299
76952
160244
79664
75507
95760
107789
168287
169043
107219
225428
106308
96176
149750
194645
152656
215475
112307
223209
218771
204523
47482
158817
154030
75319
158717
159709
223027
170762
56937
114656
214688
194406
149988
193950
218827
159750
219912
164731
211035
126411
123018
157362
161438
103180
54398
57216
226052
58399
222989
215042
95999
198463
152626
204809
221320
165177
165824
104572
217687
97276
76017
41264
77784
157533
81411
78375
98140
169452
57195
107832
223193
167617
100076
48139
97038
49883
98801
189006
99301
218182
57946
107906
106595
168733
208847
106280
184580
41840
37456
40730
78066
121946
114782
92134
108304
109748
222140
226282
55641
104761
200086
149757
148656
99612
210327
168065
212617
221524
105170
201010
119889
150822
79996
160250
153883
218473
223355
110833
220010
100376
196626
148822
102756
104385
168263
166568
209571
113138
208810
100743
79918
121793
153951
79276
163934
170628
170708
158470
112245
110208
107031
153759
140058
50988
97641
150445
162902
216784
114798
109230
110657
112979
99443
209720
155417
162901
162136
76718
108574
172203
169916
214223
222498
100779
191387
50531
95572
44954
202103
170701
169354
218998
56497
105294
203418
179676
157068
78046
78841
122005
159640
218812
169262
102239
110689
104811
213470
236547
100817
192783
199968
217698
172707
223906
233408
122390
86956
82793
130270
164213
198222
217380
103570
216457
62199
122266
121025
197248
190208
148258
213585
225543
170692
174845
230093
166308
162202
43985
164903
78926
81637
150401
217930
213949
169415
60409
62805
219406
197698
190958
156392
223461
226961
230554
234668
169127
166776
84496
172652
129362
95591
227983
115714
111974
171089
122575
182149
199268
97553
197160
97272
221428
228009
108704
113369
235893
116783
88751
131718
170394
172894
191008
57283
108698
108460
213601
115856
250254
186972
50775
96816
190147
109914
110027
112087
172767
57156
107501
227716
59935
116778
190017
129985
129805
82676
128213
156312
218128
169625
218039
126263
120421
187270
50742
97144
45037
49899
153458
217543
111570
224103
113895
229464
114109
101712
130024
168846
129238
163334
111814
221233
113662
212814
61547
126462
211365
99018
198484
150082
214207
110149
105003
168134
224795
110837
51502
59870
141946
162324
85044
168551
133261
219779
173123
226485
116577
122817
211599
190638
50892
95239
48140
162813
57624
113981
171423
219257
181488
229026
91547
170982
130378
168435
146209
171178
224212
187276
123624
202013
150501
192211
221074
224365
57699
109806
217805
118813
114622
108567
170584
4812
165680
82656
167056
214593
113011
218677
171855
191193
150620
115300
39695
236607
113172
118231
184193
117996
184809
61353
114373
189134
247111
125933
252225
192712
192535
192167
249250
117672
126024
246334
113207
239355
183476
240080
119555
252208
193754
245676
266400
140180
283864
294848
249982
206240
96755
202966
51308
248324
135620
139959
219619
217511
53725
96722
198944
53961
100147
262312
220628
292180
129280
100338
161260
160090
204340
173363
281701
296405
119246
103726
213679
209404
97387
42503
173778
219935
280669
74579
224223
98292
103358
203427
102586
248506
222930
294775
103480
209880
210589
201033
106366
137898
223156
284460
123775
209189
212612
102185
211167
297494
294033
111353
202892
159971
197611
99519
245939
187463
240922
252238
128100
124726
192607
251321
194058
