12406
11709
16681
4366
7896
13646
14146
13410
7129
6680
4156
6687
10944
18045
57631
55695
36040
59784
53907
31030
53894
49700
17361
38450
11422
12955
54812
92044
24369
82570
15169
37584
53069
38730
83153
96668
17398
8942
88627
25147
63184
40762
8488
29819
77818
60776
2557
54156
82229
48661
7696
100659
57422
29607
3958
46361
41489
84272
70424
93795
100663
42545
51752
93082
86293
31832
88835
63844
39043
68309
69324
66955
94405
76594
23446
58833
8777
19570
18787
19391
19224
18987
14291
5447
18810
12822
5016
1956
1362
1563
855
1444
1560
4806
15853
6166
2185
16011
16006
15886
16190
11712
16253
4158
814
7434
16155
12705
16330
8271
16488
15783
4489
15976
16513
8391
16589
16458
12058
16351
28357
38793
22676
10740
63956
81731
33405
53310
31853
17628
111022
56860
119102
97919
143001
62087
34457
19125
12110
46586
17077
83852
61309
30352
88229
59839
169794
81622
31811
50753
47550
77808
30337
113079
31702
119548
147892
84665
17378
33110
57497
87089
29685
121486
133919
20211
37005
19171
57245
71026
92119
70844
52441
50714
52358
17788
43857
54423
80406
26601
37811
58462
58500
75732
58361
18691
35069
35146
72699
33431
48605
55244
95366
24631
47599
92281
48408
35324
36264
37432
33769
54548
72267
78596
23915
64001
58491
74036
58547
74433
73167
72412
86819
28603
97129
46675
95451
93649
71357
35730
71407
18457
19939
26158
50021
100211
74779
76907
37624
74614
56824
69271
18519
69594
43549
54195
73090
93347
44457
46123
70255
71170
18494
36333
69803
48773
103416
27152
59166
37325
73787
58087
73966
73395
34946
70527
93956
52523
23264
47267
96174
73026
64696
36792
69801
54450
86581
26947
26604
92065
36684
76522
58541
75879
55467
72818
71316
94188
76727
92805
24572
94549
64976
68783
71521
17415
18192
68248
26246
99818
39890
17782
19418
37807
77616
76778
37804
35942
54819
68638
36048
113864
69883
95402
73330
65114
71194
54355
70504
26995
100946
48614
38929
77172
37085
37870
58190
71125
72028
38938
93497
9314
51417
6130
87187
77296
10022
29568
55195
31662
33464
31794
34087
51984
35635
59827
71622
12515
13774
45119
15610
876
76694
52262
19707
29031
75595
4244
34994
35497
54326
54720
67089
100531
47310
95760
73420
83967
55528
55541
73762
99966
52588
43835
58536
73888
38353
76464
56703
72246
54473
18741
95263
139680
65805
93061
71401
86631
51923
52360
33488
59120
78973
50384
26515
39012
58114
76098
39305
16119
19504
59083
68360
36130
72303
69459
97076
48260
93267
47256
87554
18794
69080
34777
70343
48813
49746
78730
59434
19576
38527
73498
38972
75611
34933
35391
72556
54684
78268
94915
25143
44872
93183
88784
34013
69405
68710
45351
101068
88787
77285
37678
38482
77539
73752
18334
71128
33702
89196
26648
44928
44907
93712
89693
23975
33168
33007
68371
68385
52931
104542
60646
76527
19475
19166
37684
58054
71782
36269
72198
36660
89521
92283
47908
47530
96856
81862
54837
70087
81580
50494
103535
18725
17345
19480
58410
73714
38876
75231
33787
18422
18139
69820
77216
92308
49489
47087
47966
94486
36435
35243
54106
68171
72867
101118
24054
73776
37236
74046
77325
73786
35332
70865
33504
42452
79239
93132
92009
97111
72643
34127
36006
54820
68262
100815
48021
38904
39617
37704
39121
19581
58708
72691
36579
18508
16208
18036
50811
17907
66699
94853
24610
94337
44408
45367
87322
69647
72531
35349
100239
95766
39149
74924
77030
38670
36523
56120
34385
54457
71505
47500
50817
69725
91277
47984
96025
18624
70919
72450
77380
26879
50341
49766
83575
38611
38338
58203
19728
76613
54380
54444
16576
53812
18191
44610
99073
88137
109286
97826
46784
84413
54593
68906
36159
92599
80502
84429
77236
39416
36466
76341
19298
70887
35867
70181
18850
49943
75932
72377
46340
72233
72812
37597
54158
54433
34742
57472
79401
98476
58390
73815
39290
36434
37615
73098
54825
52966
72572
50055
51191
68277
46175
72468
97270
35487
70587
33128
71261
76513
80303
83380
76741
37400
77071
75737
37204
36245
53942
75379
54680
43884
46306
32190
38597
77787
34308
17137
33845
32759
33844
97657
29404
26556
47671
62066
38038
23920
31296
12075
24741
41465
35037
69610
35637
49106
5858
22212
8231
18109
1831
89918
97494
49103
50752
45116
73526
69763
35575
9311
70798
88838
10519
42632
51967
31220
32377
61276
39494
38423
58527
57174
36408
35238
35928
71823
95141
48999
48584
49865
19801
92130
20243
51626
56746
68171
36182
34867
43612
78473
93615
74714
9680
36775
36378
58518
75991
68597
30305
34586
34836
18253
51353
94703
19840
1957
91788
45349
91830
35332
34807
33780
52332
79210
52599
51379
46532
58253
76463
73342
57994
72035
54275
67799
89066
54162
42723
47563
96752
49048
46926
55200
72919
72806
95251
78944
79992
76493
73544
57658
74055
73253
35713
33568
74233
27225
46423
91648
47805
95682
60126
54252
71857
76473
105501
52828
72414
73752
58199
58761
73348
69115
36501
81373
27358
49294
72258
118315
72834
92034
49309
80519
69393
35923
17642
58627
115393
102732
40818
82506
62423
37227
35519
54254
68981
43562
121107
70609
95385
94749
39182
69446
53532
68206
56458
113480
85875
62017
61791
62035
62998
68549
18323
53011
36142
89414
90240
88394
95416
45424
81114
33773
35095
54647
54784
110114
56932
91794
62910
61905
78621
42006
70625
71219
73392
59142
109582
96905
96159
48174
70941
33830
34313
54812
69040
111650
54568
81775
79326
62482
62631
55612
54767
53639
72966
62246
59011
45168
73111
72472
93133
36491
71042
54357
82744
111039
77780
62646
81825
41518
40252
62305
54416
68412
71313
47833
112373
71989
95619
71601
78520
71932
36958
35845
70633
87011
100283
78930
62630
63041
62528
72527
68760
18648
36397
44752
61108
82240
91301
47674
46029
47133
72357
51392
34900
17424
86469
58778
56453
49041
62088
63003
62172
78962
75025
36253
69272
78201
61989
102564
45130
46696
47995
48803
24187
73815
36988
34749
35889
54879
87593
109727
40959
39942
40513
82974
83367
39233
72463
54770
55439
115591
52373
47176
72398
91515
48848
70716
18583
32571
18412
27010
55612
115858
79644
40181
40369
82168
77728
72065
71359
36347
103796
116034
113003
89636
105905
100413
97722
47294
50268
81735
21843
15617
16365
15889
4589
16172
15859
15993
15953
16574
16296
16042
16049
15650
16271
4466
16728
15866
15865
16403
16347
36308
175344
52057
51760
57692
92436
113400
63113
96006
49260
127288
24942
34137
65589
34652
56673
59474
85688
63373
59916
125167
134661
33520
67135
66797
90131
110988
31959
141372
54281
88318
84799
17856
66188
105872
30432
116954
63625
138455
122030
47629
92981
70880
52497
51989
52352
80485
52998
50519
45995
58822
59037
74738
39218
39329
35044
54999
54746
15129
35591
41917
84535
90379
48308
94015
45256
39234
69458
35885
72138
74011
79179
88642
74487
58537
58754
35914
55683
55245
69386
18446
98779
50870
93249
96269
90624
34773
70015
72518
65992
100379
48947
37425
37964
77232
38806
37827
59331
68975
35609
17469
54280
18252
50693
103559
90904
72884
72669
60116
73775
36987
36011
68635
100007
48339
74154
35844
37810
78261
70564
54968
55422
72759
78894
92066
47553
96100
62922
54704
72141
54626
97998
52964
83707
76797
77298
78058
72114
33900
71142
18557
45965
55875
98882
96483
44945
48095
60055
68372
18499
70180
68892
99698
47792
37175
37963
58243
58428
74090
37595
71637
72894
37271
54872
79391
73253
92822
48932
83603
68469
70467
36159
48621
80734
87985
38910
37646
38416
58610
58468
70334
18608
69800
72356
108590
23889
44306
21957
48147
46257
96078
71121
54856
54213
59306
106893
53099
39731
57972
73328
76108
38348
70637
72568
72154
83129
99039
92777
72958
86364
37232
68947
68520
48600
103787
86111
38892
75693
76671
39903
70443
55687
69968
18676
107311
72896
125731
71658
92172
63769
52667
66343
34489
95181
79242
84261
74387
19891
74667
75314
72291
15297
71303
18705
42510
96383
44698
47175
72744
95577
72527
73110
73037
75321
78302
67251
58341
58112
73328
38200
73599
54867
54854
75524
101479
48461
22325
24583
73774
93272
40180
34605
35231
72091
83651
99703
26904
77574
38462
58245
73614
72788
70977
33272
35881
92591
70856
93926
89843
46547
34594
52306
65933
35271
96930
48341
50851
55936
58219
58215
73493
38956
72038
55283
55068
88019
53592
90705
72722
96492
78272
70651
69307
40757
51228
78940
80878
19813
74701
58896
74700
36549
72050
72579
36686
24479
25691
74488
93643
48912
95874
42117
70543
54246
68470
46271
103649
69845
57974
73410
38249
76285
69791
18558
70520
34536
90555
73964
72668
91891
47753
48422
37979
35105
55331
71958
91939
26665
51359
44383
58724
74143
39340
75813
72997
36104
34925
71213
39962
50889
46876
49801
47629
96869
92403
54528
72168
36369
80884
78508
90733
38391
77108
58412
76864
69480
71385
18428
35249
65123
79436
88834
48380
93645
44625
72805
18463
33698
70666
68478
78358
49855
61198
77002
37352
76796
35961
35009
54148
71629
34661
94283
92839
135279
49518
117163
24977
42901
34801
54615
55322
74039
27433
96633
51729
74016
36075
76426
77423
36533
35581
54454
54195
81423
80537
88948
24453
92886
36079
17330
71087
36650
35492
76233
80164
82002
19985
35815
73702
38542
75961
54415
53185
18740
33489
83679
78518
42547
48020
46145
72345
87955
54549
68810
35895
86122
78671
89320
57583
77662
75541
74370
36089
69115
55319
94164
95425
90928
43517
85860
52097
69156
34108
38110
78776
96017
38805
76947
77262
37427
72511
71628
54463
32877
39350
51434
98783
73395
72821
49334
79403
33140
34649
55130
79789
48533
50008
71724
76723
59053
74635
38554
72450
18744
35041
54548
78003
54202
94674
73432
93561
44285
37129
54252
16601
71673
17994
38430
104071
90139
58477
75568
58319
58548
71148
33416
33900
71314
76021
95346
92225
47560
93551
35069
33238
69038
74314
100256
92016
73829
19993
37450
37090
58292
70171
35487
70846
54074
99290
96599
48982
92893
72593
70594
33644
71567
36779
49381
104290
82218
37806
73642
77113
71899
55414
69793
34025
68355
51935
93545
95952
46839
20417
64127
54671
68857
35645
89848
79064
85382
57938
19972
37583
58230
58546
35659
54202
54128
57445
80807
61656
131108
72879
72787
93218
41178
70877
18786
51756
18372
64295
114759
58377
79050
39166
40085
62917
82276
69218
34963
70943
96551
109266
49120
47709
95301
47983
71310
18446
33604
53953
84030
89285
99972
81039
41184
78632
78465
35122
34916
71211
54485
107437
100720
47331
92229
93851
69069
53731
70507
106887
58561
93811
63071
80500
62427
61306
69958
32921
34292
74365
59498
60054
73074
92683
97007
40808
54417
37161
70172
91145
110286
73190
80879
62851
21612
40628
64639
54132
34781
53965
54141
45382
116993
48173
45796
73197
47167
86585
18629
35815
68743
36390
97168
58523
52825
66218
39995
61860
41917
40208
21171
39632
71162
18008
34910
69930
69003
115211
46640
47187
71951
91345
36927
35746
18783
34601
71123
18835
105351
107227
82134
21084
39623
78406
41892
74444
54295
53661
74639
93033
94591
47596
94550
72275
69332
34229
32244
52192
106966
111553
81628
39817
40329
63077
78049
36320
71685
36421
75861
32248
59949
49584
73023
92122
95923
72359
54120
78220
86478
94231
62596
21289
39726
80651
41720
72445
55121
54098
34758
82787
85352
46644
73086
73020
88859
33539
35634
53748
68399
52300
114585
51255
39812
19751
20857
62976
79550
41198
74976
71847
35114
74903
92851
86334
81291
39737
98373
64089
60545
20868
82749
87097
67936
79162
60545
41260
40577
82798
80929
41021
92393
62920
113575
87528
80099
89849
68237
69979
45202
80750
85750
54601
86312
45690
22840
43678
23414
91917
47203
46104
109524
115808
55563
98876
46365
41864
86997
46806
44810
52320
87338
85909
102112
22953
45251
86638
46145
91497
27268
55222
109140
58220
55680
46665
69836
2473
66410
90853
72550
110463
57567
105370
69963
88994
88205
96968
58967
100727
80468
122386
17420
34086
33073
31999
48708
66715
30146
90759
93059
20712
64560
125947
52037
67921
95237
94058
67631
38959
82699
41973
95265
34497
65999
32099
51701
48225
119510
91761
85571
114210
1639
66610
66248
14293
47218
12185
111376
51872
17741
5937
67344
91616
30269
63180
13344
38374
64069
84737
40929
36532
20285
45655
31434
106892
41088
70292
48342
10296
23188
33551
21299
83249
53650
45579
71557
30511
90047
96340
23214
984
10371
60678
68193
9677
33307
54600
120882
52852
2485
54092
72468
67187
7243
21298
55626
68167
38885
97340
21669
31914
19186
28744
6596
368
30746
10906
19186
8149
16552
37890
53157
37007
58648
111926
83555
560
51930
37235
96317
43090
85816
55338
35632
44151
78536
138278
26833
67545
51010
10316
106606
6318
54331
30282
24271
36689
55378
58051
33366
58118
31174
21779
35950
33384
4589
107390
63507
51258
64700
33340
66933
19302
19858
7325
43777
15135
36889
54034
113521
55532
29995
32110
4101
121101
69925
7352
7688
74438
28587
55389
132333
48471
2723
38740
167
66054
5054
29712
62775
27379
65616
108585
16173
91927
28257
54057
73403
60782
98020
76260
65427
35242
62002
48974
120680
116248
54547
110413
92389
130757
139090
70994
132240
103149
33873
32203
64748
58019
91396
90653
57738
91565
91343
51946
68863
92985
52210
51627
66564
49274
84201
60515
117197
84189
28556
59998
59077
94188
164170
69153
100283
72602
67792
49474
94140
118025
54116
27918
108418
120540
76513
101894
52700
51007
48522
16582
30972
108345
60927
55984
55441
83659
88939
58183
100831
169784
92544
70468
121541
51570
71098
92240
31063
58196
91186
58993
60758
58193
91387
54399
138463
40048
95077
51539
64870
32492
30810
72191
116612
112422
23927
27872
85060
124658
35788
77562
93215
80139
123167
43272
83337
51424
81654
60084
119597
91430
121571
95784
80973
104418
106799
81182
34107
69781
48423
70893
58872
90716
83494
53173
87579
91021
27563
92472
141908
51671
32751
17583
32847
80301
61020
58685
58374
90427
92041
28847
123273
73418
72527
66027
51666
46716
39321
34229
53996
66408
66804
91398
112085
50226
50666
88497
90799
45354
76360
112286
84358
66076
34474
105753
121604
118157
56618
122026
71102
100607
122325
50871
73036
34656
15145
52430
81165
121039
110162
111605
60610
112131
45077
94997
18324
18107
34305
15660
68534
15868
95785
112940
83306
115094
56129
101234
129175
109529
67474
33268
108108
90916
112747
60616
123367
84678
52848
124049
91861
62000
66415
16699
62375
30046
55445
92431
27665
110312
55719
57184
95701
136865
40813
137991
95938
67064
33464
45671
32455
43238
30373
120091
83640
103944
61049
125013
169363
67832
97563
69831
77506
71452
35835
33915
49265
76022
116465
60092
120151
29692
52395
57460
90565
91587
54444
144430
18609
34913
34588
53188
71269
60748
120866
117669
63247
128089
91448
93360
132393
65098
65156
51147
99780
121043
118928
56596
124246
32439
42333
86908
131417
92091
34957
68719
18223
30719
29742
114683
113101
81428
110874
91198
75374
98398
66971
70246
33007
29397
86294
118993
50788
52672
85693
86858
82375
74705
103410
95562
17443
51629
69426
31029
117398
91352
116637
62290
125081
69580
81317
108488
85529
32277
65922
63432
49771
60055
117876
105304
87956
93739
101968
168526
94602
42561
32967
52206
31123
48681
67143
58096
90509
83478
53218
88544
125927
80291
35086
124861
95145
73567
81902
72473
53334
76360
91957
90998
87406
113336
30980
57650
57161
74013
104126
140359
35610
69613
64448
44655
120013
92037
116673
78439
123797
79326
99926
70437
78728
52591
67226
70291
115747
31072
117094
92097
118056
49690
77196
94154
14954
102829
20106
32885
18197
35781
66299
30044
107328
92806
109539
84748
91503
106129
100776
34353
68079
53339
69990
59783
118337
81666
107415
55462
112683
75061
144674
49713
65280
51070
104824
59870
119534
91235
124846
82043
52638
139639
77770
61979
33739
50668
47812
30795
109688
90889
105734
50057
119919
31907
60388
161037
120408
51177
68193
51483
63515
65236
120805
56206
55570
110718
120855
32051
147702
87907
41527
117594
82341
79629
55239
51981
86970
56216
57949
119688
57837
70199
98645
114478
17960
100887
128518
74163
35746
69375
84346
55872
59275
92192
118963
112671
115090
97034
51725
32600
115830
17559
34791
66107
17847
114198
115527
60065
119436
57953
106974
17687
32801
125360
69570
48655
53419
69968
36350
30226
72620
116818
56814
111374
89022
118129
94281
63687
115523
22519
17313
66924
48929
61449
54172
118400
96707
57155
136860
51948
65624
53496
125740
58163
80335
74140
100066
71600
33237
63176
16619
31192
50583
90110
96806
52174
156924
33211
65773
79018
124050
79135
42504
91755
96482
78408
33794
63695
30020
90057
121229
15624
25688
50665
25989
81996
71187
17184
66672
103880
57631
100707
93181
77489
46496
77031
69052
17961
32558
63668
16197
54299
119204
85332
111296
58497
59342
79354
99408
22525
67583
63561
32730
31465
53196
91985
86958
106537
88686
120718
38306
175308
78855
123122
45489
84358
65029
38225
87555
115579
58326
57570
60157
126618
69001
103252
120683
26275
44520
67392
32440
64410
16608
47062
60884
30245
58326
84106
82808
120152
136921
170207
69683
85367
32783
69630
34104
78514
90961
110074
54513
113913
120426
43689
98942
52536
64812
32137
66384
120036
30751
57716
24187
83297
87626
64478
32030
149018
86688
55332
77163
154187
19228
66231
65338
57426
120276
30340
59692
60668
30146
124506
100523
101371
95679
95602
32020
16498
29504
65018
61363
58586
60047
83059
82919
58151
94902
105363
161970
73420
81073
35280
70033
63891
55376
117892
85495
27857
112504
61555
25776
105259
98670
33790
66994
48529
76773
120094
55038
108812
28575
123284
96669
173604
108370
49712
83545
83209
51423
32880
65428
91985
58475
89506
89611
126658
99179
103662
93039
94919
34716
33764
48386
60934
16478
113851
55964
55197
2469
79175
84657
60996
30463
130492
134336
102719
54836
144038
49830
67180
80894
40609
50645
117170
89626
120575
64108
34093
900
105902
93511
93458
32951
36131
36039
35697
47398
94289
59264
85277
55313
106579
88648
30811
49445
97341
592
72438
66030
67521
32258
32618
67159
90349
38308
118070
59688
69311
55130
53804
35723
11429
56694
2284
119783
32956
27708
86748
26457
33954
68996
30800
41468
55763
94116
51142
88154
115114
59038
58428
78164
54793
82194
53058
24879
65012
17676
51217
61083
58805
101987
39730
19691
58765
91274
110698
17551
43184
128788
71005
84299
70941
33141
19125
68181
42944
21741
33554
107049
36385
54938
51402
78193
62691
8545
88729
37217
18146
375
34074
42890
46647
50189
59595
104913
70446
17300
61164
54457
58613
52697
78682
88384
70451
72266
51175
64333
94760
60852
58491
91795
72109
19975
69426
32323
62649
49827
8481
96168
108405
14199
82045
52635
60498
4946
27286
33869
59051
90475
84922
103788
38549
60266
60625
110848
83742
126858
74034
69996
50378
29596
16683
31643
86486
55334
59989
54281
109836
93068
95674
65776
48336
139429
58899
63931
88414
42975
33094
55121
64898
40862
1094
119165
56407
115806
136863
116657
78191
78889
109943
68736
32981
70649
37082
70200
117204
91747
90436
145347
115737
58548
41464
112361
86538
40569
34063
52486
34666
28536
91011
114179
58558
120155
31835
56920
56395
68331
143536
47244
49928
66531
35635
66846
29104
110940
90313
108286
57016
116107
55925
42367
76358
61455
67458
35511
63688
47864
59526
92076
103279
27522
53779
118707
77985
77229
21206
37074
111311
66672
67624
58504
59695
91045
90810
57823
64045
58137
16062
34209
142011
101070
68903
33333
63329
31891
49391
121654
107884
107902
89631
60071
146308
48298
59463
63634
84090
69937
32974
31883
58046
91431
58244
76826
107520
94488
79546
86053
160168
102506
77927
38376
70620
60267
15301
2976
34393
65874
56164
120347
89105
16655
92979
101739
30460
115002
3966
37062
48545
155306
14151
41121
34495
2465
5140
30093
34665
69351
30963
59624
83788
111996
4315
55599
85957
90061
28474
100606
13297
130244
38685
66421
62205
4356
77821
84715
50596
66641
79904
100381
101325
18000
31709
33525
41454
85512
74959
26523
26665
26891
10372
32964
15971
54988
48552
18737
84133
68443
75078
91217
87282
71907
57684
98815
52685
24335
69657
33964
33924
30417
91769
59727
59417
7050
76881
17062
91711
115447
57526
71204
11426
59213
79865
86301
25387
26936
84899
91508
31003
57684
116242
123696
61727
78906
101937
109158
85382
53206
64033
32600
60384
94286
34725
109666
55540
112220
100399
150767
102546
96440
14577
17163
17530
66008
46881
16466
33249
91660
54812
83196
116840
60497
26248
140598
89361
108586
26705
69717
122876
33460
15595
55517
31069
30610
89324
54062
37662
58660
6533
83436
107247
122200
3375
102124
48127
132322
63896
34894
71740
66281
40465
119483
7926
81829
65520
23437
57824
91308
90010
57382
69026
93568
110262
34114
17164
67325
79213
114896
61475
35218
119441
60345
107855
32359
33097
120249
77469
79802
35825
68195
48700
102640
5341
115921
54063
54672
87564
90119
57272
69278
72477
40399
84086
52570
99968
17988
65068
31435
78750
119423
45226
101905
131291
54223
65927
31609
119808
97953
1518
17662
44004
89013
97634
76555
21494
15158
62345
48912
99967
1303
58135
99099
26333
57353
84068
68957
66895
34109
109479
56494
44904
51561
139801
76892
74550
35318
63712
48845
104602
108444
102313
125669
72133
34452
33258
77994
124421
32501
32328
138281
97481
38865
34148
34718
52989
60187
58766
119325
83353
106078
90386
90755
17970
100445
56904
52264
63250
32478
43018
90372
115150
83364
87649
123310
109426
89772
62497
101920
33072
66492
90141
59407
114578
91147
119716
82401
81063
97099
113947
84386
67940
30636
62542
48609
30031
118679
82644
104924
62630
59735
136938
155425
99858
36941
69896
54097
64116
55668
118890
27325
52131
51761
84409
115328
17013
30274
101173
22352
32953
33928
17361
32440
12080
48923
78887
19881
91168
108342
54513
119929
64148
62044
80140
91325
81005
117159
83487
67422
17582
32498
32119
120710
59978
116465
30588
57663
61667
94888
71442
17644
142875
97225
52712
66149
48651
85661
6566
51239
28467
29990
83905
28504
55523
55250
120260
56955
71797
42756
94058
69173
83535
18063
52724
35507
60031
43629
57566
90355
108426
81665
115630
59753
95008
26653
70736
51218
61282
32308
116617
60333
55008
54458
83832
119972
139834
85014
119396
26363
55396
133450
17459
33104
51063
68135
118318
119991
116643
32405
31884
110164
80169
47881
63158
78401
74449
17860
65053
64417
78024
118295
83407
104926
63562
129829
42126
81047
91304
68216
134070
64680
68065
52408
15286
120864
56410
59175
58600
122133
99706
102399
69126
98036
57594
67302
67032
33152
115986
89059
107191
57109
56594
28504
29895
78035
98847
80396
103343
51526
78200
55717
119271
118797
58338
115825
78712
70955
47903
116597
71785
68173
18096
68132
79235
90969
111014
55287
114326
31067
58510
57957
95076
68573
82405
73367
65593
77543
118258
91645
121345
124261
50539
17581
32975
108941
100761
47078
34266
52958
65504
30254
102124
30796
114311
84017
115359
58647
103507
78048
56358
34032
53028
50057
35012
91019
91171
109481
51934
116449
106763
107199
140781
34407
33237
33568
96666
120097
57073
58150
90642
94841
94018
60058
134948
52783
77336
52149
62442
31930
40017
90686
90079
51219
28591
55005
116721
118847
38156
164198
46094
92927
34078
65273
16367
30694
30525
78596
115186
28851
106593
88280
120032
68471
172672
71894
89589
90764
39076
54366
18121
53674
68733
59752
118888
31041
58280
58016
115073
115348
59549
92064
110707
99629
18325
36025
36582
32183
88085
91055
60228
29697
56925
90363
91572
57185
59966
29840
68569
49162
56288
66865
91649
91062
116892
55566
57179
91860
88263
66208
122372
73218
82948
70652
68250
85671
57738
112877
106704
59340
116614
50248
95230
60580
69454
35160
31010
84299
58216
29047
88217
111980
56762
56736
90786
92506
136652
75570
52177
72792
90935
114523
59775
120713
93488
95156
68270
109240
100808
65085
34360
62720
50472
55057
60040
57741
85016
83267
59059
121348
115616
149213
50736
87057
34892
63662
48329
86348
30546
116798
82022
26573
85181
31534
62465
139857
84795
68574
77329
153734
41415
71434
54344
45770
51966
91343
90842
57768
95579
109578
119087
72489
114995
84276
74348
36662
66631
82668
30736
57854
56158
90560
91078
53931
120023
59394
39360
76312
152491
68219
65796
89433
117108
91932
93272
29251
95280
69553
98850
70197
103650
55872
68187
36765
29753
65249
115119
30816
107388
84615
114176
59677
91936
45405
34260
70629
52295
77772
120305
57627
110593
28898
57570
58238
86869
72220
52110
128616
17617
32946
66374
37349
58300
59593
90712
120116
58484
121186
86538
37118
25100
49683
88722
34109
65405
48651
16631
38695
120472
111308
83423
118884
95513
127298
141302
26561
47515
69058
17800
63799
61268
53515
119541
85155
83539
115983
123865
162209
58029
105791
86207
91789
54469
65826
28743
117511
30623
57623
56606
89207
113408
60329
59336
47607
51894
133819
66250
68791
69834
31834
95350
30759
58675
58272
90597
109613
61141
118230
41645
152813
106324
33401
66751
24238
58444
118271
60576
57827
60182
96482
93343
15815
86296
48528
105630
49404
70314
70575
33141
30900
85255
119703
52772
53993
85592
116317
99085
26095
48525
17867
20741
63578
108793
51950
66371
16598
29395
30794
52532
119097
97832
50361
150992
57740
67637
64812
91418
93992
116189
109161
25981
43061
32581
67321
17503
30221
71343
30756
26486
108957
52116
50726
150952
66681
52467
102219
113599
33273
31825
120866
96457
58657
64927
63051
16194
34697
25928
30320
90718
94914
50156
151920
51859
67554
41320
124365
68185
103357
93869
76968
71542
53289
51927
29976
80714
90614
56491
83731
85584
58402
96790
23780
40287
68805
16214
31991
63594
50381
58564
116321
105830
88858
121313
113479
128674
22496
103194
143636
68480
17571
34275
47992
120524
88696
90145
59919
94243
96414
33302
139736
48147
51208
69819
51249
48634
31126
78475
90223
139676
28728
51268
57145
92361
107810
85049
94409
51768
79250
34181
15097
67996
28096
105041
90035
109599
84695
120362
57638
41949
94967
52338
63988
60494
76105
55502
58528
83594
106057
60706
122955
115136
142929
76189
124002
78251
32240
32548
72133
113755
58381
118982
123569
105492
32393
139753
69221
85625
68900
32386
29529
49740
89474
60837
107479
84296
116602
62474
157222
48658
45009
41483
94618
67136
53334
48868
67768
30189
117421
55425
109478
89470
110131
22872
47176
83919
34945
18921
30594
61221
64557
89879
114110
52988
112493
31872
57423
101293
76597
113825
76755
65158
110796
52280
33267
52076
115561
117964
59012
120800
93375
85999
34652
142290
100014
67830
31549
63451
57551
116736
58389
25389
28049
84615
114893
62646
140890
123770
98746
120385
70848
84512
90598
116029
89325
90994
118273
54205
91845
63840
101044
20744
34987
17544
70795
32442
15041
94818
30514
54709
27574
83920
83955
90633
58641
76886
77547
66523
43676
62310
17741
33137
67921
104208
117756
116838
60547
61003
60870
87950
17777
60738
124495
73694
18193
34036
69973
61736
101512
57458
109239
105252
60147
58701
59298
72167
129749
75853
33246
50858
66433
59282
118517
88710
27073
90697
95108
63739
19434
75092
116629
97284
38793
68986
34273
62323
42775
118274
53403
52037
108881
57852
30107
109239
50280
47206
77420
34491
34961
49898
81674
30429
116274
105286
55022
120194
83105
74241
141494
72863
65031
34630
110442
30331
57674
56890
91172
117626
30918
98069
31323
17591
86987
54275
78714
59468
65891
61610
83544
60581
138897
106030
59771
123915
120893
91398
83682
92609
33782
34796
48334
61130
22998
114694
87499
105061
28037
115501
121912
76748
93234
48692
77384
121907
66067
68558
66259
32317
59099
90874
90518
117438
91390
116052
51178
101655
75565
76146
35230
54198
68135
103032
90040
118192
88659
116973
58465
47710
78940
55829
88014
48710
68632
32963
40847
89440
112321
58715
121485
96689
94998
70378
107541
76329
61345
34225
70580
64100
55368
118396
84547
27997
52748
115037
60960
47287
50387
73020
18272
34358
68905
17920
32852
88923
30202
117323
55530
106359
31079
55068
57393
74830
49040
102756
96573
67127
17367
34702
110831
59462
116849
89924
118404
56205
72101
138832
98812
21211
33353
32854
66414
61617
27290
114370
109182
55418
53929
59796
126156
72982
160293
75355
82700
68408
32691
29788
55455
90175
30351
29976
104790
81851
113585
60139
143748
48707
65400
48868
90060
126272
18324
69309
67378
31363
118181
89498
117435
91461
91985
110695
75321
104640
76326
71873
72819
30858
33777
30451
57348
116385
59679
121313
102864
91740
49989
75073
100846
77267
50777
50715
82581
30216
59729
113165
58628
121195
95916
83872
89391
93566
93608
68528
35232
33152
48699
18874
115951
113715
108518
55880
116084
74453
93895
34943
70019
51931
77583
119430
58107
51935
112049
97983
47273
59698
117434
68205
65807
86380
116600
119755
125450
32030
62717
73764
136504
50211
47890
74683
36210
31949
49005
16576
36931
116060
60541
53189
54673
115121
94745
140160
129571
99471
74959
34662
31688
48505
80609
59615
114949
82712
112570
95109
110736
162096
77141
137756
55728
70382
18483
34754
31664
61579
114028
59275
59416
117462
54443
115349
100871
127550
113936
72100
33618
59503
88318
113743
118887
30056
70176
32944
31014
91730
98091
25784
125955
106676
50858
70692
59030
117535
90202
119896
95584
77416
88751
130930
74563
52994
33948
53129
48231
38689
90667
88920
52938
107921
29850
58221
30645
105039
99393
81619
21824
85468
50084
50809
77901
86776
118590
92699
104137
25837
26025
99110
22672
25979
48854
48664
72766
67561
80698
85040
80149
22418
43469
42396
75285
43494
40246
40716
69696
82480
104305
41465
86170
63088
70375
114439
87750
82972
91028
90773
40124
82822
57324
82413
75887
95683
57450
94310
64238
90946
108203
63383
104270
49546
40660
39283
116248
88703
70166
43075
46730
63534
103923
57075
39822
40699
84226
87711
102687
21380
82504
90381
87885
65663
72048
102099
42413
21254
110459
58731
56602
85378
87708
48668
40417
94437
70470
87426
20964
103806
86949
99581
42252
42008
45749
80323
104764
41964
19735
27252
106499
84428
88562
87839
96708
42454
44879
72923
78932
53155
43397
44145
66966
94871
92749
87595
68226
68096
85738
82409
109589
72690
66729
54931
53040
63840
83275
48605
112046
21480
38197
87829
44331
53882
79316
85092
90966
87083
70096
67408
55210
91116
20981
48660
114280
86686
63532
88020
92261
41102
105492
52393
84377
77023
72989
88720
70599
64546
90907
56777
95481
93940
29441
50254
81366
59670
114162
29402
47326
82241
21482
22935
42992
87713
102157
79413
63050
109218
52638
107476
84348
47414
47692
85224
69841
88992
57843
42682
41471
82567
116739
96375
63192
71071
68471
64833
97754
74489
84017
59993
54844
111791
82987
91614
107940
88365
41496
107736
62968
81030
58119
56635
99848
21558
38484
44501
73558
82807
95843
95670
41963
97123
83489
62396
106856
45577
41313
78900
102855
85782
56136
90286
65575
92524
110727
82761
44574
99600
82607
62527
66281
97776
103731
90335
57015
85227
21614
54607
114000
84340
83027
86885
86451
39860
111007
70503
91440
23004
91443
30113
54154
42288
62867
93167
108812
86410
51058
82777
84645
55374
55503
87647
94867
84897
70520
63888
79841
85799
63606
103079
58553
56121
27713
90028
86673
23791
22875
54850
96782
95649
57499
41524
68359
111205
58379
98016
86866
72567
64020
74377
91658
83114
80516
87146
109420
42572
41686
90131
50798
57992
45667
62671
84626
86563
104412
57314
110256
63227
83616
46601
43393
41324
75656
70094
83673
48230
49381
45441
55084
28732
98658
91003
80551
63123
82764
82051
42066
20893
101562
47771
19879
66129
85774
87376
85346
43470
92838
85614
69263
82433
45160
49722
56987
70945
42165
23873
106021
41285
40003
88045
87620
80445
80353
43995
89721
63622
83612
96443
41837
95926
70423
87474
83717
43366
95515
88747
66380
94816
55539
27973
54145
28512
111688
90588
89766
89151
67316
117558
85420
50058
55837
88100
79738
79812
47501
45920
55012
100317
65841
86579
65047
98962
57834
111370
40296
41100
44275
23496
71796
80352
53487
42511
44027
86160
52252
57046
87686
98330
42042
41549
43470
105337
54723
40962
69600
85477
80376
25726
111444
113886
42340
41115
66818
85249
21370
93331
95130
63859
101868
57369
56096
55965
62673
90040
74866
62589
90203
41703
79872
21284
41815
92732
82422
108914
82539
55106
109994
52704
39384
86900
46650
107032
70817
64662
93724
57339
59410
78698
25119
54915
27717
64509
101965
57832
57310
80172
62549
90071
85051
68575
87495
71058
68639
94512
56038
56603
49368
84856
69759
106080
87768
73135
80657
63945
84109
86073
102282
42344
88036
90324
41728
105843
51837
41218
68685
111555
30448
103123
62618
87218
52122
104821
62725
82421
71274
42457
113409
54010
105904
62496
70117
69719
40783
75229
70245
87341
73020
86545
87959
29306
83613
42978
98707
53614
51571
63562
80691
92120
40969
54368
56800
67974
65218
92803
41899
92656
43299
90002
63766
110979
58187
102706
84670
44985
85365
112277
40847
82636
21685
83527
44839
41998
63282
84318
90736
99447
29446
56635
54367
62419
83442
45563
84837
90114
42264
91907
110710
44941
40154
48294
84216
62673
104885
116789
95248
84512
24218
87113
65972
87668
93885
93862
102619
58674
89298
65167
18778
45453
53309
104743
63381
108855
42048
96008
53449
57283
86068
79497
88305
43675
80995
86875
95937
21389
42560
114986
87395
89753
83332
97274
56875
63117
21245
78100
93543
41417
51634
86798
112654
62917
82565
22781
87544
69605
92673
50471
83753
89672
87435
29571
90142
41165
46483
106653
78396
63473
108303
63815
75161
110575
58054
89383
38383
44254
76316
78328
52473
43058
46823
42831
63647
111431
57341
103220
38784
42450
70228
85520
44904
91591
63705
64120
71149
87152
70755
83629
81157
45147
42360
59710
86411
80115
86219
50937
104408
39040
41501
94353
112405
67850
98850
55444
40778
98713
116183
52999
46469
85693
97306
41454
20038
23902
88614
90076
42666
53121
45819
107619
95953
18093
87018
74342
84452
40645
68273
108335
85780
58462
112350
77901
63704
89458
46667
41138
73358
107699
42279
21331
102689
87740
83471
63414
65984
92387
56456
90802
104356
50924
81691
88660
110580
51373
61227
40357
43245
47508
39121
65869
95341
49236
81608
53917
27710
112796
76761
64000
70152
103402
96125
93080
29014
47811
39754
103588
109970
100464
42612
88611
73349
86316
25413
93043
40426
87482
87920
64434
55882
88740
21836
110477
81881
113495
89995
42341
111796
63171
43920
43407
103284
76503
81438
22857
105743
29129
52305
17590
85015
47876
46474
54103
79616
63857
81487
89137
41742
58092
55738
85205
73820
83128
24154
92778
21506
38730
108444
93998
38658
54279
96640
84844
67598
86805
106520
102786
40864
102531
86353
44060
58818
115272
94738
21289
41422
94258
71749
95894
58206
87753
106735
86344
58183
89671
43724
98125
87352
85950
47770
55406
49112
62514
24155
58323
113854
57368
81666
22193
40517
80705
80245
24046
92386
62598
83124
89021
85155
63686
86902
50586
110267
63560
75733
95837
41636
50696
57095
59000
28817
79220
81331
46396
91773
41444
20721
97714
97610
62615
98733
76959
82852
63637
104838
69095
96017
29413
97220
84788
71067
113965
43107
41442
88299
115470
50511
84163
67640
103142
52704
41138
98441
75595
63520
88009
88619
80798
80311
22967
87071
21187
38728
97690
57581
45751
62601
21877
50692
43768
80383
96317
42583
42019
102316
109690
41003
95294
51928
40161
67013
88636
109063
28444
81881
66037
95828
42375
46983
57525
78933
88953
110534
113574
42622
41373
88507
91839
94383
42796
109040
40390
40912
109585
109962
73751
63913
91389
94802
46645
67422
87762
62980
88487
88017
99359
64029
90063
106729
88867
48569
54245
47474
63503
108407
58449
55806
48239
64150
67387
85408
42481
49475
44814
102153
42500
70455
46387
47847
85545
89046
44387
55461
53320
82438
29507
56634
94244
41728
108562
53630
55747
84517
88498
90240
96803
40781
86330
42896
109158
64277
77102
77334
88059
109741
27178
81901
40748
42799
88065
95290
108653
41919
43208
50454
70496
84527
23773
45167
39521
86396
60321
107266
39422
97265
78956
89292
60784
57755
111949
84282
43629
99751
62429
84120
23461
52874
41412
102294
109120
81676
63668
66941
80842
105286
84445
53349
96043
97946
59368
109738
68977
82127
44519
56225
40795
73095
68020
67232
40171
77391
117831
85081
21681
40522
66463
72306
108489
42869
40633
52779
80523
63436
82852
109201
57324
84190
84323
47390
21011
85271
73065
80481
62686
108571
87371
96799
41818
90941
51586
79462
74262
83997
57523
56589
56793
67553
64559
98742
111400
82184
16422
91771
109424
43556
42517
49250
56920
24484
82266
116722
57054
101060
63715
70388
89956
41983
53936
28082
100476
90621
23175
22991
45199
83086
53730
41421
65241
104576
106556
63893
107269
47179
84235
115181
86665
87217
83616
54199
85079
108991
93470
69077
88065
87379
94387
87099
109876
103393
63499
88186
88423
50433
57700
114853
74198
63872
22918
43111
99927
90950
23120
44427
71629
112486
58302
51731
41677
89314
48003
56206
81116
81470
110019
41003
94366
87445
109070
42373
40687
45334
77322
63100
91306
23066
97000
62758
108210
59239
54903
27152
79936
22035
42443
42242
69263
90697
42232
93753
88390
83042
63855
87022
76707
79495
42863
86867
22276
47154
84531
48773
41266
76118
78278
80733
60554
55656
57617
79048
64427
87389
26204
83653
78418
101908
87846
49621
92938
87133
82664
43007
92963
87038
67206
71725
57304
88527
76233
56156
115098
67012
84645
70639
82205
106891
74163
92987
87200
113457
42254
41667
66736
68581
108994
84488
107910
21594
87646
82826
55643
53663
92478
84073
46638
41360
63200
77059
89760
42152
40059
58154
87364
86587
84280
90647
78940
75794
42767
40899
56624
95406
41410
54354
85587
86373
85149
44214
45108
47638
64951
73703
84295
46691
84162
117162
86823
70101
84129
76632
87185
91324
62777
63280
88245
79891
86056
55537
94189
64941
102673
105877
42615
41212
70534
79853
63947
57303
66139
46660
23891
51899
81765
42210
47861
103753
42252
47697
88183
112336
26120
39002
84671
24371
89654
94346
54994
53075
63434
98340
102229
57168
87790
67940
97957
52629
87119
77228
96123
98160
56251
52928
106278
42367
42980
93711
21872
38994
99911
100937
41402
104740
88028
99130
40986
90395
79561
28980
52523
39604
71230
99937
42636
104572
86316
101875
63586
93128
44627
41716
74770
70896
27643
41678
64403
58570
88242
87134
40621
64348
70384
49447
85955
84355
51508
56537
64969
97779
57403
110459
65877
87185
95827
88418
48928
45367
67998
92390
44026
48342
117099
43752
21087
94785
77339
63410
115859
28061
42092
83668
23942
102150
77930
81257
95947
60086
29157
88221
88764
49528
110473
64083
96448
52815
82516
88358
113043
73899
63437
92505
42901
38765
74642
106167
21260
87714
72758
106216
54486
82506
67460
112093
98309
68548
26798
98685
42385
108496
89053
55674
21218
40225
87880
23058
57124
80191
60403
102407
38698
104269
86174
103131
63055
67568
54253
114377
41866
39635
82676
48326
63299
83328
55190
86477
84628
76774
84860
49458
95477
48236
83629
90937
112287
48393
83842
23189
45217
51970
85879
82797
53618
96764
38252
47069
116263
54841
94574
65200
71662
88151
74170
91763
91041
98667
44015
108925
67930
96527
77161
63800
112555
28863
38810
83093
47005
110731
92806
40798
85340
61500
102694
62870
89427
53619
102883
63521
109484
42981
39044
85681
28375
58007
56038
67911
87355
47942
85294
105536
57648
39850
65003
52019
72187
85680
48704
84749
67781
117265
88620
73397
82260
81921
56171
57118
86904
73380
40465
65519
100859
40232
104537
100183
41900
52227
87413
114724
83648
85294
91124
97547
94542
81758
19085
92372
30481
55488
55681
80609
79949
44633
101631
21269
92987
69290
84927
21683
107643
114691
72278
82775
23564
96366
54441
45198
62714
108279
84269
53486
108558
85524
79788
45758
91592
41452
91957
101126
79957
77158
96574
86762
63897
99564
93625
40913
115174
27084
21386
40475
100007
53701
55889
89671
83479
84543
105905
84515
46310
44668
84505
70226
21310
21050
106791
65888
29443
111071
74430
82992
47120
89097
72315
111975
63439
75745
91835
85549
68213
39870
67067
88278
56073
89486
45960
54625
71848
40253
111127
53649
84898
82097
88864
28968
49370
92614
57602
53274
63957
103682
85878
100608
41509
85628
84542
85271
42668
91446
81711
79352
59565
114740
80752
81294
93162
53857
39608
75075
94556
38177
95698
86587
110005
42964
86118
24419
45609
54365
78637
82515
56583
94217
101987
52629
56293
103007
82939
23919
45367
42960
90400
89014
78718
92565
88356
86809
29000
81992
42231
95179
62906
92656
91996
115865
53443
43063
64038
67185
58099
86236
65887
40930
70774
76998
54730
66322
21288
48573
83727
78955
27540
58238
86801
82792
82598
90896
85101
21220
53619
55072
74506
86993
49486
98435
58432
45446
84151
67573
120425
68967
98847
96399
41261
113403
54016
103856
63652
66982
54904
64565
74927
54618
75632
63342
113596
59043
55421
44363
62942
88845
63526
102012
86171
56847
48169
63382
85903
113741
96577
41835
86173
78461
92588
70025
68552
62628
113983
87433
86760
45619
110754
83684
53046
99385
64203
114259
87282
71501
85515
100780
62894
75022
43474
79097
87384
112432
86349
69989
87002
91050
39939
94143
63605
54355
28798
86904
91449
41680
91721
84247
93205
65748
95475
87646
85369
101312
69249
98230
54705
55888
28870
55561
79944
45212
45190
69358
91146
85819
85942
21367
98674
80974
101335
41716
89571
77448
103539
63527
83192
88726
42577
115138
30048
103480
84972
93217
39458
41533
81800
101513
91278
54119
113547
91907
41546
92723
84788
75281
92615
101421
88738
27960
115776
28845
50329
80483
42043
44767
88853
41146
53869
73617
83588
106041
56354
108140
63078
84778
50854
113636
63612
75026
80011
84455
55766
55443
87113
90899
66433
97609
62732
19270
101273
90250
40818
57798
88986
87096
42796
63526
88990
55712
86286
69425
63972
22651
106375
104458
63233
90545
83751
74268
82640
89233
84959
69595
93532
95949
41361
52008
85821
86326
48464
63179
66278
44560
88452
48000
113642
64544
94899
44424
47131
109818
81524
95162
54446
89256
42290
55278
54678
64056
50846
55023
88011
81375
79894
45289
91336
86818
111997
42873
41434
82441
87608
104532
38857
40071
71055
105631
91954
95381
28980
45123
40310
79984
109323
57888
85548
43765
92805
63886
94805
88520
42423
41226
87253
86696
57758
83521
65963
92076
29400
94682
65992
104474
41384
100713
86825
105707
42653
38515
67305
87444
67508
74752
46869
64964
74887
43193
83774
85882
41934
62633
112066
81271
116872
69072
65200
67101
54349
56033
87269
83935
113602
54109
21033
80666
88955
53888
99262
62663
110358
63515
79759
112994
101305
21071
40356
85650
48575
40642
41528
60853
52907
87447
48017
93191
24424
108116
63063
85814
85230
106420
39978
102266
49092
38945
71479
117258
55301
92937
42272
41203
81404
40220
65657
88487
50052
63879
83188
26507
114426
71635
63413
91520
91883
72696
91900
82312
79213
57793
114889
29378
50075
40788
64628
99176
22022
21119
91351
42254
88531
21629
39211
52795
87360
111016
41522
20057
40498
42713
72479
109525
63436
102870
86579
89310
29234
59331
51944
63160
82902
45712
85141
75195
101264
42099
38379
101075
45266
54587
78175
82180
57238
50567
82974
31854
54263
54457
63722
83320
45903
112919
62698
84143
50234
62514
99577
21239
39718
46382
75894
103454
41019
98167
74987
92198
87069
115666
42108
41083
67797
89248
63754
88270
95857
91353
27343
65664
108808
21561
41806
65572
104878
28964
52548
81002
49410
55419
46445
62355
87311
56621
85435
67400
40363
67295
78954
83623
31279
53557
53030
41073
100804
29761
56643
107042
63084
21288
43183
106915
57396
44572
40738
76687
79511
85482
88134
53555
105178
41222
41713
66608
94764
41033
99875
69683
88922
89509
87509
96089
40849
43380
72676
108217
62931
99742
48522
88304
30657
52119
86527
93328
21397
86397
23342
47085
80720
53074
102752
62510
94212
45588
48532
86621
81401
50056
104069
63153
115771
69354
68717
112296
82755
63247
41517
67385
121134
45234
84395
43503
106590
75417
88002
28688
55829
63909
103005
86113
100119
41527
88507
69720
85191
117425
41403
96861
91355
86525
65465
65083
103871
86235
65237
40370
87007
67108
40158
86862
29427
55896
99511
21036
41110
85910
53396
82436
87933
52509
63994
79292
55213
88359
74462
83205
18474
45087
63595
103709
40151
103614
29512
38484
66086
144940
29117
52198
40599
21205
42246
67019
98264
70640
91438
46765
86744
60866
113516
97182
20914
42747
43206
76271
101114
20130
39823
108281
66500
71841
29833
52074
87574
48067
21463
41039
67996
88066
42635
46018
91706
78583
91403
87928
114958
41431
40815
65152
86503
85685
47632
83026
85493
109276
82382
43149
100458
108417
42362
40479
67091
20508
111261
26282
38390
93916
52554
41523
63452
85962
28368
86189
89043
21197
62450
22426
68866
79429
31607
83258
88706
21246
52221
20220
22413
72971
102366
21286
82389
100596
57871
92261
38277
110866
63447
21246
112453
56196
102577
62889
86752
54867
39453
71965
87224
45893
62952
86399
112383
29002
43364
40404
21516
42570
41889
91274
78544
18912
90792
101909
40400
50014
88532
87268
72140
84839
56744
21091
41420
91899
43672
46628
40224
99468
89150
108288
62467
21397
42260
95719
101173
63315
21251
108928
85063
56117
113688
79747
82202
66967
90081
42427
21332
71875
100417
88178
115495
55177
91732
64900
43297
47833
41162
67057
69832
98575
57730
107600
63053
89468
46485
56858
51330
82107
22677
20233
41947
108042
69537
66948
55394
92890
103721
54690
113277
63515
64855
69710
67427
40638
87148
77290
88578
45857
19103
71575
85156
44070
21059
86488
97907
29122
50177
19064
88547
84346
63739
19353
112941
29518
54638
26979
26956
62566
84239
48395
83232
22711
114141
67013
94832
57645
115882
66596
85752
73194
108541
40725
41107
86439
85314
46938
114117
57697
55450
41362
65063
70197
43680
63650
26662
47481
90716
21267
41593
106238
28605
57407
82084
39909
20933
42591
45307
22595
51819
84412
83694
24356
106194
38880
42424
83545
115067
49962
41018
64472
68495
85730
75127
42844
49046
41577
65718
117209
113552
40132
81934
71893
90287
47764
45575
39996
87167
57709
43979
46666
89953
48854
88121
95325
104556
76220
19251
68711
116418
67039
50757
21016
66509
69074
68487
88066
71630
17659
45107
50682
91596
69140
93831
94423
46646
51826
83508
63187
101418
57710
24254
45508
98252
70740
63892
82039
101697
62836
81758
57595
45380
47167
94941
48557
45698
110120
75225
63430
114843
95681
52276
91197
84187
75762
22530
87452
21380
41458
53858
108852
97386
23274
41398
96285
80578
86692
64146
75055
86764
91766
47292
65795
86244
21324
49959
96150
41272
41330
75281
67886
103566
51494
108034
84144
88917
29113
47653
83060
93108
93108
96262
55505
46000
50378
91961
47830
46446
109868
75424
21352
41995
56179
56590
75081
75669
87169
44037
89251
59126
77299
88011
50317
87793
70197
76031
81416
23184
45740
104611
52793
62563
83301
105637
97030
99806
20394
40217
40785
117135
84154
80135
85887
69956
92133
79810
71506
111992
48439
42123
49169
56983
57840
23282
93409
86522
94692
46861
47290
67999
81498
49395
57538
57181
46264
22939
75872
85733
46738
47681
55296
86476
111992
26792
43022
70342
43136
69069
63265
94156
79428
79267
53326
96271
24039
43398
104086
28660
27161
83276
56038
106253
63865
66613
91869
91665
43627
51687
74262
96968
90093
47114
46937
109045
63822
105707
27426
47526
93361
70373
66831
67561
113718
40305
39913
75640
69472
89963
26049
47974
101517
99121
53542
97976
68109
88407
99961
51546
43945
79497
79616
27798
56919
97956
21883
41708
114989
73259
89459
22694
54260
46485
74704
107948
41028
98767
86898
91054
27968
43731
98008
62519
54826
47167
45733
42422
21049
78983
106466
47775
50462
45945
95679
46981
53409
28634
54620
40689
69186
30783
56797
50541
94447
69398
68774
40912
74627
44600
57168
20466
41933
94542
88465
47330
46404
115337
64604
76998
86997
81120
48492
107640
75110
69842
104387
45818
98823
25457
43506
96064
104972
87377
110701
48775
46431
49264
71958
82475
47870
116219
62518
45617
97679
49720
19798
75993
85313
59688
45022
53421
86760
65578
74054
108452
46310
47706
68603
99891
92883
54067
93314
110006
48169
90845
99492
69328
84592
101708
96676
107717
45851
94121
81753
61673
92957
45943
44874
64226
81618
104954
47275
45671
45810
94989
47643
55038
83405
80390
58759
55427
51388
71732
75638
70014
80924
30647
87553
94721
46210
58243
56662
71780
74624
67916
82082
45459
47976
19820
20833
102507
52158
44772
52016
22634
99350
94534
91123
71276
75461
87154
84723
49264
30519
107734
94888
41774
88301
63188
85987
78894
41677
96129
42805
23596
47195
44284
88406
22995
100541
107837
94737
96853
56055
97753
94715
44678
54796
63247
83339
80963
40551
74952
28694
56662
47754
94114
102813
24079
44589
79625
29299
50999
21194
42058
49635
113322
91084
25724
40959
80177
39875
94373
45491
46472
64023
75674
107554
46820
23504
48297
113478
23627
42016
107280
47937
83022
88656
78348
91543
42482
45777
63042
91849
22503
44011
96465
78870
107396
100072
91449
23383
82125
51535
84759
57816
50716
92144
90622
47460
93591
41267
92760
96645
57992
23759
67108
72353
88033
93339
26640
110926
80175
27004
55418
97485
21403
43573
92644
47466
91319
102294
47993
99747
109404
38833
41136
85657
81272
92812
47862
47866
42057
63908
88995
91374
20163
44583
29539
85635
24826
47004
97933
90655
46911
53211
104754
40700
104742
104815
47581
46018
93470
63451
75106
93178
41477
41021
84472
102015
46843
46069
68257
94450
105446
52517
80770
54338
55844
98558
89478
69745
63244
95758
89528
63471
84914
104702
47124
45231
22694
44550
98199
45986
27898
79324
86434
57755
108818
24260
89724
90841
45901
46737
44663
45186
108795
53054
79813
116526
47709
88524
42849
46423
84377
46514
82238
53122
41632
74070
96064
73026
90530
46903
69098
94195
84612
63369
79196
85820
85866
48154
91957
63430
80411
58101
46178
62219
113564
52217
63471
48426
22514
23554
72295
89318
57901
50685
41126
73715
85101
89374
48259
45219
48030
85552
98428
45245
90146
108105
55886
63212
48377
45531
73504
86441
52683
55006
45224
62715
86926
99784
45628
64296
91069
63232
97179
44555
41931
95957
67547
102842
53170
101705
63365
33000
57202
52365
83125
23919
43593
91021
69629
94665
76382
45843
90920
50672
90410
86028
68993
69382
56030
102083
23102
47333
20162
23526
73123
79716
55905
55699
51078
81947
56115
46154
74864
22964
45173
89801
104520
73956
85922
82205
55836
105865
23223
44284
90901
79677
21300
41920
109896
52871
20594
85924
59041
101551
69176
67812
103663
43189
84018
92526
39509
59697
84561
86102
46147
101643
62541
51609
46739
74548
62880
79935
56648
73283
93082
90568
88934
55988
55931
42783
41426
20810
88052
95832
23077
66246
70628
85779
45441
48035
74464
89082
49510
47559
71341
85736
26511
56406
93887
74146
112864
63337
87409
72038
92892
41344
43642
81944
89963
94752
91206
57151
56069
84108
85667
102617
90039
46851
85662
40880
52775
86343
64571
74000
44372
73317
88762
86634
31804
48976
93518
107627
85845
111500
45902
93611
66964
98761
74912
85351
85729
52197
109264
67984
71016
103704
91404
55074
97799
67180
114799
46194
44474
46500
45357
22495
77741
90504
46128
43090
64211
89588
95901
46135
92030
47307
22250
69618
108280
43359
93427
86538
69655
88457
46839
44863
41414
44720
29433
67569
95274
41668
51303
46540
71361
68177
104632
49102
40434
44122
61019
28840
72956
88282
57527
46837
43764
71115
73433
90618
48598
45820
48673
44111
21976
74652
105103
84852
87492
97228
92876
49159
43792
40453
49643
29635
102818
41459
42118
77650
92118
86421
98608
90473
46680
56949
91783
74902
29468
28921
96123
47521
41658
102133
80351
60508
51884
69758
17506
47321
116501
44500
88737
67059
103395
107196
53358
82585
58090
28948
98485
88817
102987
80484
77601
70816
63619
79000
55354
74499
93424
90012
91290
84036
72083
93508
110765
41286
68705
24052
89942
41548
92723
97912
42384
40172
55082
57174
28421
69668
68947
19036
46865
42853
62902
90491
42148
50119
55477
70354
91066
99320
67193
91014
95309
40695
52946
83573
61100
48773
113642
21346
41173
93129
23713
47755
39891
39450
83120
97778
41652
98254
75327
66485
49161
40801
80529
18297
46768
87099
20675
42443
41117
116618
46536
43572
69032
18698
44683
54303
62999
18815
60232
55987
85472
103802
56637
43759
93537
97163
45708
42521
112092
86956
46305
114198
66971
69999
73196
90792
98292
72587
60273
45389
58848
83800
68228
95271
51240
88207
52505
28465
74714
86774
58267
98234
45186
47660
47611
25549
88921
92787
102020
21331
40833
107606
99902
70502
70561
87969
95492
21733
41600
56539
28585
89879
45249
70035
26447
88593
48630
93291
87193
80221
77887
20994
41287
112032
52981
45159
70361
92752
81886
54142
105207
63373
94389
24388
96334
42438
91343
89014
45732
106048
67101
96310
57259
27952
86196
46338
90901
80880
57515
54784
49357
62864
112088
54316
44284
93003
46594
45659
92956
56221
50014
63711
80744
103500
45171
23977
44945
69073
44234
41648
75906
95220
79996
85204
82163
67084
92570
52966
22471
67092
107041
45308
40107
49020
58692
78750
22917
94042
44366
86157
68257
50778
46544
66705
93646
28916
57440
88979
71474
80429
40319
65271
30567
41945
45098
31570
93534
48447
90839
94723
95207
50215
95752
57693
88972
41313
114727
74656
73421
71216
87149
76360
105518
41437
95594
71764
93521
48113
22551
42555
67172
47906
51942
84140
63257
17419
55614
56083
77444
19660
49055
41275
71111
80326
55061
55488
51405
62850
110169
97792
24187
45817
42634
70621
91538
110307
41833
40316
85933
99630
22612
46527
90033
66761
95744
47716
49533
82968
111832
52982
93363
92807
71340
24199
109829
47446
61546
27034
56928
28971
99571
47210
93297
66528
91813
67890
67399
94783
43181
46154
80641
100472
57990
60468
101483
103348
42118
42487
90496
90540
47158
41267
105011
71548
19132
46316
48991
71832
21655
57334
51940
82852
88174
97499
48216
90633
44616
40566
71321
88030
47512
42528
46637
50641
23294
94595
46433
90635
81715
71658
55768
54694
62511
16936
55156
56469
100198
71728
97888
21353
84354
31232
53006
24648
85962
107625
56843
46635
92011
104496
94992
86711
85514
81274
105132
71901
65884
78343
83959
76759
94044
88521
58708
104365
92778
29574
43481
73726
57348
27105
23199
83873
113755
97007
26607
44672
93777
85225
94299
99411
38468
52741
66949
93077
106511
93622
72439
86520
46122
85168
24096
43194
96416
91765
80852
47902
49660
67013
93702
48184
54483
79515
79899
61056
105961
43635
26332
45278
44010
65031
95370
57991
70338
21172
40189
93919
47290
46058
46161
48698
22542
81033
90000
114768
80598
51007
56388
100841
48887
42619
99343
86670
86728
28933
85181
22356
60353
81434
96912
22323
40991
102017
73408
105828
83828
60651
57285
74854
89476
45341
97142
39581
51883
87372
41089
96005
29551
53882
93154
25977
41208
43269
69885
72599
105409
21471
18088
68737
88773
95192
46706
90057
65227
72139
85504
56698
82527
78420
78134
90845
56334
96761
67500
89988
51729
61150
81269
54237
47384
70809
98675
45603
46160
89905
47814
45065
77588
99256
42245
75130
55862
97210
25535
42372
90676
80792
56998
57762
92477
42315
95270
23671
42228
92699
22964
99515
93653
86985
68959
70105
88097
95151
48152
42357
49896
20744
70617
109657
21151
84466
88965
96715
47803
42985
43434
106235
24128
26334
56645
71524
90696
58556
97665
71548
67970
94033
94457
44220
23885
81237
76980
88012
24278
46651
88176
45192
93663
81408
78064
42038
20930
108813
29175
90433
86086
22857
85562
73919
86082
55518
39585
106234
57625
46529
94626
96323
41413
93580
85485
111785
94284
22457
98839
92875
45100
45938
72197
102127
98093
21200
38800
56874
86340
19579
93163
92593
41767
87237
111064
82843
24540
29310
46162
71495
46236
48091
66981
101809
47530
112716
84124
114244
53415
92359
66455
98005
41955
111383
71679
93031
57379
53025
46467
93615
104961
98830
54705
88628
21273
50969
54859
102438
48590
43320
22812
58176
78557
24825
25983
68827
73593
86351
58386
102316
72297
71113
93099
48724
109183
41274
41969
57553
86791
71325
92737
53337
58236
94395
22558
43039
55095
62774
107893
77050
72092
67838
67185
85776
47564
19367
21015
47715
86837
46871
23335
89105
48354
45135
46248
72092
76046
89387
56199
26121
41952
94304
112914
46503
94098
48563
42341
62504
107252
52492
40648
20040
95788
45298
93727
26290
42791
43109
94998
77721
84811
80335
57417
28826
102408
46895
89540
84224
41050
112133
92552
100646
106762
92581
85090
93417
26880
55012
50047
63659
104267
56490
45792
47073
23094
43962
87708
88538
47635
91568
86739
115046
92285
44299
45224
92805
24134
47866
26518
79741
62982
83652
102774
46568
23091
23178
46577
67203
42045
20894
75204
86524
20881
87223
112962
47927
90547
101574
42139
41048
74017
63102
88599
47024
43210
103386
47026
44687
102729
89301
68449
117064
75664
21179
41893
88096
78546
75821
25923
46747
47513
86682
102755
97728
42272
25402
75133
74683
67984
99243
47556
42213
82375
85677
63014
99708
85181
44581
101907
41573
44321
63502
78681
104258
41833
19074
21438
59649
83764
44301
100730
45649
44796
67690
94146
93335
42116
111609
48053
102628
44106
22476
83239
42045
18644
78362
23856
50605
62494
102075
57674
21307
67304
102967
24748
49774
71393
113904
43592
39362
99484
48189
30507
96096
44215
17618
71383
86467
47497
40403
41217
101575
92746
84768
85027
82962
25337
58663
96819
42094
87966
69787
103540
69323
87129
52934
97762
48206
43617
58353
85799
87477
48908
111628
88404
36426
94893
44896
40670
105691
28532
49950
63735
78064
96574
45590
102317
23791
92772
50209
61877
100314
65407
115867
48090
44228
105192
47563
41326
99391
103552
21294
64737
59522
100630
40901
55820
69418
69265
104993
29543
77054
92070
52873
100492
23235
55160
68952
23860
22846
80854
50482
44632
69733
62800
52169
81474
27284
67836
101935
48146
89744
92548
77438
83967
115169
46005
18955
81468
70805
88829
43576
97397
68728
94820
86483
69403
83078
108537
84109
55875
102531
80950
69856
73290
103451
46796
19725
68565
103017
88314
95912
62418
95247
66014
115499
90987
54325
90265
64143
73079
87662
84461
50692
89528
91233
101258
45998
88373
118286
50535
41614
73825
111458
92498
54023
91490
87152
57369
56628
65941
74462
107254
45502
49849
52345
94454
105348
109687
42823
80195
29263
56009
90941
32544
92702
21437
42354
92092
44582
86911
66132
89448
93236
22908
100036
43168
90626
120839
47036
38608
45951
89483
74940
98747
23034
88628
79927
78101
90256
42833
18014
99781
52077
43618
83131
105836
21427
87924
87592
86351
102467
52667
67738
58720
68924
23738
66798
97313
45646
90535
63018
28712
78287
82362
115835
91564
55530
88692
63280
101657
99611
92699
45912
21306
22492
70511
99797
94249
44615
106410
53014
44278
42768
21450
88695
96673
22109
101115
89456
64090
88911
75757
62318
110728
96134
56418
22379
23511
71786
94640
32913
81873
21882
64063
105680
29188
66826
80587
94521
21365
42267
74531
68126
84576
42117
112939
72686
80254
85604
25592
63967
22272
94992
90262
99259
56802
91427
80553
86694
41744
94569
43477
47119
42461
63943
117965
89162
83949
74510
41868
21058
73532
78765
108178
45979
18640
103167
23830
89179
102781
46355
53165
96533
112020
42509
40842
52013
87585
92387
102987
69887
62999
83549
80171
42326
20917
94897
94364
101039
91904
43416
58853
28683
56222
82290
55488
28851
100521
22657
101463
87502
41015
104089
80430
21240
41713
108308
54655
96146
97931
46749
44379
57942
57118
28505
83707
21609
54955
56605
73464
99990
91279
41815
94195
71305
67891
67278
114011
91246
59442
67339
89355
119624
51401
79904
89522
77270
42755
104001
73455
21004
41287
50277
70341
69752
40439
80243
106628
43435
58072
66052
85001
41824
26885
45584
87652
29342
54513
88550
102400
47191
44206
81190
95575
67988
18568
65282
56634
68808
95345
57917
50139
44165
82721
71854
22147
41711
40581
111394
71239
90492
46480
94333
102973
45655
47248
44396
108183
57512
64522
21370
44395
114964
90110
56217
92590
63051
76049
108064
42117
70080
57458
52036
66352
97500
46320
87719
114520
50531
82793
112957
49802
44025
56123
91773
85403
49490
95667
67163
97875
87776
23626
44877
103781
71600
87938
35627
106501
79624
60390
103050
22881
99715
46847
51919
39620
94804
43838
43211
62581
39971
89186
28866
92839
56647
45222
91115
65234
30160
40369
19367
12972
15829
16541
16353
15879
15986
15561
16105
15701
15970
16022
8568
16495
7783
16446
16453
15906
16001
16166
16004
4490
16600
58402
76237
80137
54352
52780
53417
50976
45149
26055
102170
26604
47247
48162
53949
106760
90191
17910
35217
33214
62154
63532
17470
111231
61702
78239
43569
42454
97214
124565
44803
83300
21538
106331
61398
98823
64494
43869
50273
95110
102722
85899
42778
110439
86386
80870
83881
57407
2283
81584
66689
81237
66243
70564
54320
48076
85716
29034
48968
50310
55195
50106
86822
123531
69409
34626
61320
30222
104577
111079
27128
53489
129464
132167
70779
66065
23114
54023
12226
12881
23394
31115
57688
86672
52999
55435
52525
91884
55958
48917
28683
32740
32123
63223
47588
30046
88855
35851
75101
5112
97380
75003
67071
101351
67299
65976
63983
86829
88210
75764
77145
29223
90239
103439
64913
17980
62563
30439
66005
116851
56651
53507
114062
79373
95861
51156
65633
39424
61008
63075
31143
77321
87470
27277
45107
101855
58595
110302
66415
149774
68147
69424
48995
60156
56283
84142
39569
48532
93071
29225
54361
115373
108399
127641
71578
70737
50964
65890
102103
59105
89308
17289
65200
100139
24279
57121
29967
86423
57147
106033
149485
64458
72697
64102
17859
118310
58128
53338
17358
41386
103104
22473
46239
116228
114340
107044
46066
77075
90879
16973
32291
31440
35065
51064
124330
75110
37015
52509
96851
52357
59725
107313
22828
27413
27719
125667
148310
65841
32221
83154
61742
28644
90413
53584
45717
76617
113622
110436
113951
93323
157707
71856
69555
17065
89155
60328
60649
77989
100958
53434
56696
79982
113081
107357
42101
47453
63782
52457
32645
66432
100597
31503
61074
75008
90792
44714
48489
83079
83303
48879
108942
53724
157297
86227
32911
15401
54262
121179
57644
14764
67415
52249
95726
116868
50445
112606
116158
49290
149716
67842
35709
39971
113711
58637
66535
103440
49035
48031
115166
11931
54570
108492
106238
142715
34610
29928
17402
74415
126136
31886
42172
33349
95792
48784
50763
88717
105233
102849
112571
48360
17069
32805
34896
33091
115842
59925
44164
34331
94900
22905
99935
114401
21861
23824
51984
52644
53445
125418
89200
34594
33909
34269
59215
93839
59140
75875
89217
38152
87628
88342
29712
100948
54871
52340
152430
80483
65532
17768
34333
46016
39843
115077
113506
11278
76233
97512
119244
30581
53811
57779
72166
153130
36004
64457
63285
31609
93082
88742
62777
73867
48638
73126
24644
60201
114894
77019
70761
82665
141094
125806
64639
64169
32062
16142
92170
116421
24771
56605
41556
75299
60093
113448
110823
55315
153716
96975
17124
68966
44810
120280
64908
23012
54481
106674
99574
29990
89167
110495
127698
74066
101973
34534
68989
29625
81534
116136
105137
103158
25203
56084
117984
50089
57773
155267
114371
67165
16239
62046
52375
26519
60759
97351
78024
57351
72566
101042
62814
126131
70358
106512
152015
63403
75752
50062
45526
69069
113583
16453
90271
50661
53056
86231
31300
13249
104343
54741
110541
122936
103117
33927
33036
35150
111402
55217
62922
78953
50607
103617
112438
107247
4120
141856
105233
47227
33962
64201
31121
57917
118254
83399
53928
27244
54428
105011
55311
87408
52330
158405
101210
32599
62279
63418
70627
60625
58123
137391
104464
78517
88980
60924
131599
27790
49685
31100
148811
88844
31167
32678
30643
32330
30790
56877
108302
57982
106066
51863
115511
59452
56317
114765
64684
93293
59453
76273
66010
42812
117079
56445
33956
84168
107323
106942
59330
111052
50501
133372
40651
51269
11143
40191
33467
68234
34373
29208
15801
58965
115287
110879
50200
54582
106697
117708
59711
152820
63495
56378
14465
64379
63305
30714
95883
117743
136087
24307
98781
57079
92670
104700
59733
108389
27695
41869
41136
106476
33799
65873
32220
61728
41329
86235
109852
53106
105048
112746
115006
114636
133772
40723
75526
71433
97084
164683
102617
67692
89626
87063
49189
28552
94137
118451
142426
68141
33696
32950
85179
91459
115659
156415
10748
75826
31623
59086
38600
30803
37687
57399
91226
87207
121497
109580
43453
36298
52428
33413
68487
42338
28983
58265
55008
28264
33785
34392
64825
141834
59457
45484
46373
93347
80622
33255
51526
32044
56712
26601
78767
49982
60545
58106
36973
38488
58407
72498
18427
16081
54417
71728
42110
104153
24415
46558
46379
72427
19950
48932
40477
73100
55462
72474
53153
102134
63536
75687
20458
52309
25265
12172
38211
73218
55358
27376
18522
78106
83935
72280
95082
73968
50515
17914
34551
54817
54593
18324
59560
79407
94049
58044
73317
38225
76181
75230
70436
35979
18474
34843
83030
50061
92034
72178
91776
40066
72786
72074
35255
75988
80341
81863
58370
73758
75993
18590
73588
33918
70179
18479
18568
78228
52755
47326
95877
91880
24897
37979
34552
71915
35836
80540
104339
26694
42618
36549
58621
74067
38521
75761
54962
55310
54594
18382
76356
28247
44791
25139
92897
95848
46344
70128
54232
70290
43672
48814
104772
36726
76153
58317
19606
74931
56470
55418
55506
55739
47664
56503
44488
97186
95349
89185
55025
72357
35368
87374
26400
101862
76617
36675
38042
58416
74145
71934
18516
35030
34758
76759
96300
94831
24479
96082
39579
71607
36951
18386
69333
103773
52800
43842
75838
59001
76290
58549
54107
52583
35879
54220
43120
101071
47482
24402
92311
73282
61181
34066
56443
7388
47449
39171
79670
12376
38148
71533
19641
26309
10463
17399
38760
37496
60192
39178
582
4544
7799
5600
57914
34434
35055
72580
48277
113802
142235
68199
94631
44175
37664
31707
35329
34210
17582
34596
96252
50698
51417
57570
35203
19557
37976
58393
77333
72631
35900
17117
18212
73358
100471
70203
70603
48465
46160
46958
57957
51561
36868
35117
17388
18242
74022
99172
43965
76838
57961
75392
58894
18487
36309
70534
33382
34732
98543
44509
48196
73681
72890
25034
47632
54432
18321
35971
34750
53830
95902
53822
52342
55766
58615
17810
37289
19872
38096
75201
18514
34239
70532
36399
36651
104127
43533
92651
19648
23409
43855
82955
34389
32696
68385
17614
43251
78369
76413
76014
37674
75051
37632
73676
72779
36267
72073
73583
96470
97558
47744
48561
72208
54292
50688
36386
76749
105914
18891
37414
75414
19824
55231
38843
38223
34883
55113
51470
36598
60668
97262
44920
93761
45302
46979
64383
54131
53984
36256
18009
86748
105557
42292
73971
57832
73210
18939
74500
35586
69313
36262
85551
98086
24602
24377
93783
96387
58072
35671
70992
76627
50988
75456
68167
58311
58441
75751
16195
58080
34894
70924
36285
36162
66322
95755
24690
93485
92835
68845
54363
72606
36190
34232
103864
51503
43374
37524
76366
19815
37502
37125
19527
39898
15012
36230
35446
70897
76639
99027
93227
46204
24236
48417
47242
60559
36526
35402
55038
57666
49808
79661
49092
19213
37105
58101
58256
75689
72388
54433
71738
81441
51765
144105
105572
46989
93023
45712
35053
71313
37162
70176
103522
49899
44114
58081
37288
77628
38461
36414
38815
34732
54129
54699
34820
97154
49824
46644
73119
95038
69071
68893
36285
71581
90721
99862
22997
74498
74214
36224
76343
55128
71254
55137
18387
38752
105547
92257
72777
94366
76569
50955
70669
77047
103155
57991
58258
74684
76296
38722
17476
18397
72573
18971
72606
105592
42795
92149
70934
84290
69292
51967
51972
48877
106292
45076
36573
19838
37630
76217
39263
37851
37089
54504
18463
34855
71969
72135
49125
21198
47188
24359
48188
92241
48411
73418
18669
34822
34391
54574
95114
51943
87296
20105
18020
19588
37575
58821
55121
39262
34645
35137
71423
74385
27261
51449
95264
72789
72226
48405
73810
54005
68212
85245
51452
95863
57863
73205
38588
77446
57530
70454
72001
35865
104709
46385
93806
71047
49127
42930
52513
52068
65475
44826
102228
49184
36307
58697
74180
38175
77322
54304
54653
50972
36079
43010
52562
72913
68355
24772
47587
73452
63435
69550
36920
35309
35790
49760
48502
100160
73696
77248
76854
36203
37881
55286
54767
69003
103515
46513
93374
24663
46554
21970
88100
54680
54330
70376
18303
50703
99304
85043
76312
37705
38094
59000
56078
70406
54703
33067
44582
51472
102946
116254
48872
92785
96961
72598
54672
71711
99487
59819
41964
40132
62324
79290
79329
69947
32780
69765
23536
59996
59497
93817
91920
72158
77200
71409
54580
63945
112415
78877
78225
21155
78988
37966
39326
58795
69668
67956
55395
29642
30848
105165
96377
92205
69507
71422
71978
80237
114866
80289
80569
40818
82741
62345
37700
73072
36705
36054
55237
59576
87023
96883
46640
95864
40374
70940
72105
34929
41019
115276
56973
40812
63662
81734
83456
76124
18430
35019
34058
68582
40573
122873
88723
24706
46322
92689
44253
35366
35999
54656
18461
34553
98943
29307
57072
90025
62730
62050
39853
61868
57485
69936
54041
75606
62074
59093
88862
24686
46518
21932
24291
73781
69116
35853
71351
36664
110553
55765
47463
62818
81907
62161
78985
37585
71009
35947
68634
24868
62029
100774
47285
94365
71771
72737
34482
31874
52247
95083
54256
25184
29287
66457
78359
40485
81167
61659
70304
54611
72583
49401
60350
101152
92196
24693
46347
23390
61948
18584
36464
54146
70609
85345
111967
41954
82672
62238
81273
60355
54945
71250
82534
60698
96174
72538
93616
79795
71130
18522
35307
85322
58024
55944
50633
82440
1977
79516
39891
80723
71220
36348
69588
59521
93963
59370
39629
17131
115884
55159
57677
89973
57627
90366
29922
55842
77593
97863
50186
100224
76279
76319
76178
98638
46907
49627
101299
56140
117295
89574
116716
47506
100073
77035
97653
110778
69013
115726
115114
103441
89479
42141
89870
23819
104947
53068
54696
85781
93884
23219
41946
86639
23785
46522
113813
86301
113914
52394
43516
70012
69595
91467
77293
110253
115782
50864
45247
92767
91993
45186
19688
80335
86274
109430
29094
93977
42755
44876
88506
47692
103648
87061
115359
45096
91138
91857
92291
50905
56792
87334
110937
50953
90761
92339
45312
94355
116239
114872
47128
88266
69503
88645
46036
119321
91585
117664
107976
51221
49471
76481
99630
77818
