22560610543976
22560626468851
22560658455934
22560694532976
22560702540559
22560722520934
22560730548684
22560746459226
22560770526684
22560794463684
22560826471309
22560854519308
22560878471975
22560898535475
22560922462350
22560946550975
22560962461100
22560986469933
22561010463058
22561042469974
22561082460141
22561102482016
22561126477724
22561150524349
22561174469307
22561198527807
22561222467682
22561254455099
22561282474557
22561306463390
22561338520765
22561346519890
22561366531515
22561374575890
22561390457806
22561410527556
22561418541306
22561438539015
