25093498578105
25093506593772
25093534571897
25093562575605
25093578477855
25093602596105
25093614482813
25093634578522
25093642596355
25093650571438
25093682474813
25093710578188
25093718588313
25093746571188
25093762479896
25093782578021
25093814499854
25093842575896
25093858479521
25093882590854
25093914488479
25093938578270
25093946573520
25093974588979
25094002502979
25094030576978
25094062473395
25094090575020
25094098580853
25094118489603
25094126515228
25094142478353
25094166578853
25094198500228
25094230490103
25094258577603
25094266582728
25094294569644
25094306482019
25094326575727
25094334575769
25094362569644
25094382487060
25094390580769
25094418572477
25094446571144
25094462479977
25094494485018
25094530481685
25094558570393
25094574497935
25094602571601
25094630487268
25094666569434
25094674568268
25094706473643
25094734578476
25094742598976
25094770566476
25094786477226
25094810574059
25094834573809
25094842593267
25094870571017
25094894476892
25094898580767
25094914478683
25094938571892
25094970480350
25094990574725
25095010473683
25095030582808
25095038595433
25095062482058
25095082579891
25095090575433
25095122501183
25095142488641
25095150518266
25095182472057
25095194585974
25095226497891
25095258479349
25095294472932
25095306575265
25095330484432
25095338574182
25095362483098
25095385268390
25095386573390
25095394575432
25095430474973
25095448897931
25095462485140
25095479691931
25095498571056
25095530480556
25095554489598
25095582568014
25095610579806
25095618571972
25095638487181
25095646575056
25095678472722
25095702477639
25095706578139
25095714570764
25095742572139
25095758477764
25095782593597
25095814481472
25095838501347
25095870573096
25095894487180
25095910480846
25095930586680
25095954593054
25095958476888
25095962581971
25095990574721
25096006480763
25096026582263
25096042581721
25096066575471
25096074576637
25096098484429
25096102580679
25096118485470
25096138580845
25096154584012
25096158613929
25096160592220
25096162574012
25096194481095
25096218482887
25096237127095
25096262496387
25096290594928
25096292311595
25096292986011
25096306492511
25096338481678
25096370488678
