96460
110406
76452
364732
5225
1537
16720
4317
17617
10570
18484
2260
10156
3774
16290
6981
1081
6826
1085
8212
1156
7541
1488
3769
7034
1117
4489
1024
4649
273
237
3027
744
3233
6944
3676
19032
1876
12715
645
6209
5181
1151
648
8929
5736
5206
18806
15779
784
2246
11100
1508
6727
2123
9788
703
8634
461
7586
683
34609
2588
11881
20509
524
773
476
14136
10911
3528
3537
9355
3848
2304
11211
4411
14555
19550
13107
17277
7096
17112
3247
9011
5936
8432
16363
14896
9776
2801
4601
3059
18262
13479
2705
4934
7437
22100
1004
6033
6161
16915
19130
3343
16049
7800
4391
16469
7785
3201
10360
14397
30764
9525
10900
1921
10801
6074
22060
3051
7824
3933
5582
15358
3340
4019
23431
18987
27118
9538
4431
8984
9726
18248
1741
8697
2373
1627
4258
1528
2131
16133
19215
13128
10534
23874
2640
7696
6110
7596
20831
25573
12242
7993
7632
6891
21907
5512
8275
1381
4145
2347
13627
4607
11248
18003
12532
12894
21948
9701
9111
9693
7761
10812
20372
2273
585
3216
4487
5277
16921
18063
22704
8299
4202
2455
2082
1293
1580
5571
14740
20796
15520
13683
6308
3952
22107
10752
13507
8028
4329
5518
20426
1665
3119
6851
1508
18216
11808
29553
12639
3835
5927
10803
10546
7548
26457
5302
2575
5578
14224
16819
26509
8918
3760
5770
4598
4754
3192
19760
14626
12384
10974
9102
5994
27613
10154
8084
8560
7555
6062
13227
17532
4698
11043
16546
14803
7624
5697
31396
9351
4196
2912
7880
8648
13539
7663
33342
7428
14253
3916
5664
5271
8644
25800
17761
1837
4405
3164
2550
1372
4636
6672
29538
12100
7542
7320
4455
3568
5748
6281
20556
12827
16471
10627
5352
7111
6364
27575
13680
3948
5268
2012
3544
5572
16312
40302
10384
8840
6916
6231
3971
5361
9872
27509
6520
8793
9740
4888
7464
4708
5588
5483
6992
28677
7820
1740
1665
1013
4196
19468
13928
31628
4366
1709
2329
4298
5500
6649
4445
2852
1129
15903
7705
2545
3118
6853
3393
3558
1766
5210
10620
7639
5966
3538
3429
977
3756
3284
3493
2277
12479
3925
2322
1545
3508
5451
2250
2613
3632
14934
4012
835
7473
12224
5873
5532
7602
8412
4211
4594
3265
22123
3343
5689
2959
6158
7541
3856
1837
1377
1656
2758
24816
17597
10304
8782
4920
4480
3725
6021
8068
29416
16765
10478
2132
4614
6552
10913
7335
3808
26596
18079
8443
6138
4862
2329
2437
6957
6744
5741
24217
11628
14165
12383
4409
1884
5098
5750
3736
7345
27747
17933
12860
5197
5168
1733
5429
3834
4760
25631
22574
12301
6053
4702
2892
6214
28952
15408
11686
10888
7082
7856
3573
4808
5945
32801
10533
11573
7865
6948
5118
7085
6324
18826
24462
13224
11205
5625
3476
1476
6682
7333
6633
5253
32259
20777
11513
7429
3008
5406
2254
3017
3129
27260
9840
6681
18042
6321
5768
4397
1652
3441
1629
23937
24140
9413
5189
3278
7069
5337
4758
33492
13431
12341
7020
2957
3332
5666
4204
3753
27289
23237
9200
6257
6815
4796
4134
1785
5085
3822
28241
17079
6929
3252
4262
4702
16517
8786
38847
20428
8270
5982
3592
4904
3300
2207
1171
3329
1213
4681
35665
16780
5164
4536
3886
5709
3161
5251
25443
14218
7449
2965
3356
17137
5753
7982
5540
30410
3417
1792
1981
737
1289
1732
1000
2616
3213
17084
9001
33896
17965
10101
3854
7948
8020
3452
3276
6834
29680
6068
16181
6997
3513
3717
2360
6517
5629
7554
24555
8643
5060
2345
4085
11765
15040
5768
1524
3593
1284
26953
20449
9778
7314
2877
6192
1883
924
4753
31189
20892
12121
6144
4213
3797
4628
3292
1693
3601
22118
7837
4752
10520
11268
7402
10739
6269
6696
23835
10197
8102
5116
2977
5138
13942
13361
6324
2132
28295
4876
6289
3293
1116
3140
6405
2273
17027
38059
10464
3720
2716
5177
3093
17118
12437
7014
2381
3744
12162
15985
5796
5462
2037
26742
6136
6981
1773
3733
5062
6450
3735
1872
15886
5438
3556
12968
8321
8493
9449
5441
4436
27659
13770
3074
2745
4549
5877
4985
1460
3441
24857
2917
2748
2125
3817
4225
5173
15594
5522
3392
4012
4057
3349
6564
4965
16362
4714
3294
3857
1912
4327
1555
16708
18687
4864
26304
16177
12900
9383
3521
7697
6084
3457
2316
1473
29734
14418
7899
4712
3672
6476
4640
9210
28902
14677
7268
6840
5348
4332
4992
5800
7134
3840
23316
17369
13589
1556
9599
4841
1405
4574
6505
24902
21101
10756
6137
4976
6776
3232
27351
8708
4685
7032
4721
4202
14055
7844
9781
27451
16170
11033
2792
5980
4252
7088
5044
29690
17375
13042
5636
4376
2623
2153
1384
1416
5621
3776
25894
12252
7230
14308
11538
9816
6276
24342
16635
5513
7893
8390
5553
2800
3884
5026
2776
24874
5330
17088
9998
5712
9479
4632
21296
10109
4741
6567
4341
13749
7418
28214
6697
4825
4501
7610
2678
2024
3470
19693
4344
12048
15509
7113
2696
4749
22489
11024
3386
6007
5110
5816
4741
13716
22008
7064
10553
2421
8728
5173
2972
4974
22916
4412
2008
3537
4925
2228
2228
12105
5916
12992
5568
32332
10888
6286
7757
5721
4292
3312
23504
8711
3120
3590
9871
10033
4589
8974
4289
27367
4437
4082
4102
6101
2229
2384
7129
36789
11593
4077
3368
2012
2084
4814
4728
5285
19895
4729
3961
500
1181
3998
3620
13968
27695
9794
5334
1812
3636
7009
4502
1837
16317
12328
9952
7493
8192
4497
1738
1124
20614
6856
2264
4509
3101
3620
4688
3221
553
529
11958
5434
10445
11428
7348
6157
1301
25031
4144
5986
6014
13900
5792
29905
12953
3732
9330
5998
3997
1348
2349
14798
7512
2460
3853
5622
3973
14672
6561
27719
12217
5781
3998
5176
7782
1369
6657
3201
2836
23725
16297
14631
6488
3773
2041
2469
1580
1889
22688
3424
4285
5669
5124
4348
3700
7370
30445
17426
6589
9934
4784
1683
2965
2048
26963
5580
8896
2220
4121
17136
8404
3260
3404
27380
10280
7564
7384
7557
4116
1758
21711
3937
2485
16190
16217
7277
3821
2537
25145
11133
7946
7133
4754
4074
2242
30344
11496
8918
4141
948
4870
3301
1973
2990
20517
14917
16753
6784
5409
8925
3598
24140
7827
3333
2052
4917
2457
4551
21839
15121
10445
5181
2397
4634
3109
3990
3618
27594
4521
1440
5562
4763
3128
3801
11948
26540
9662
6657
5606
5025
3144
2023
21906
14824
7641
8506
7102
3077
4486
1701
28166
13843
6642
5797
2769
3326
20383
3877
5920
7236
4265
6560
2808
1628
22584
5094
5534
2529
6522
2834
15503
3409
968
885
4805
5942
1763
2677
1220
2037
464
11768
3502
3578
4454
5098
3282
561
929
12966
4159
3378
18807
7345
15353
6105
4426
28109
2988
1917
2613
5153
2775
2234
16680
12516
5198
5564
3416
2946
3764
1541
2444
9709
18410
4397
3470
3555
5185
1169
1578
13205
5456
3013
3726
5962
1565
2399
988
722
23146
12894
3630
1708
2250
1589
5743
2038
2846
23522
14302
9451
5909
10223
2765
989
20354
2230
12790
14072
9365
3658
4554
2388
23295
9027
2141
2242
3719
7566
1193
1497
1755
8105
26564
10183
4742
1373
3663
3094
15487
1660
2774
4516
2585
11131
7974
26980
5453
1458
4462
2292
3178
2392
778
733
818
10926
3770
1637
2661
15340
4450
5810
2333
20033
9075
6318
2689
3242
1079
1767
18095
4138
13558
14178
4206
20778
11962
6469
3650
3015
2598
1960
989
20791
6795
5222
3256
1605
1177
508
19969
5490
6221
4001
6602
6817
4158
717
16938
2344
3471
2611
13877
13049
3577
23719
1516
5206
1601
4822
3877
2241
2082
2986
15409
1773
4242
2209
2846
2986
7813
26861
14351
10554
4813
1470
2775
16468
5153
5026
8078
10416
3058
23747
2229
3417
4042
1971
3020
2108
1142
1402
12898
3282
3890
5182
1841
1929
1677
29473
11544
8922
4117
2329
1253
2521
1639
23700
5486
4374
13738
10114
3670
24821
9867
7890
2730
1913
2117
1578
15587
1637
2018
3534
3157
8957
6418
2287
1713
22763
3358
5289
4969
4646
2385
16853
2865
1569
3944
13601
10153
4150
2651
20945
5013
3007
4173
2980
7175
4453
1509
1210
765
1293
17821
1357
3149
5006
8565
12731
3201
2472
24762
2250
3538
3126
1377
7535
7245
19848
7087
4297
1740
4964
4158
3581
4733
2646
17481
1290
1466
3016
1288
2782
1367
12175
26064
7466
8642
3146
2151
2005
2434
2243
20599
7009
3082
932
816
1823
6492
14577
8408
8427
6329
1241
1315
689
678
1225
18634
1508
785
585
4005
15125
4749
1964
2242
14196
43393
