17224438481749
17224466531208
17224478534833
17224510472291
17224534524041
17224542525666
17224570523082
17224578523082
17224606478290
17224626541707
17224638527749
17224670470999
17224690550165
17224714533248
17224726531832
17224758471457
17224778530582
17224802476040
17224834472081
17224870470873
17224898479664
17224930490206
17224950583498
17224962472372
17224966526414
17224990470497
17225022469914
17225050478580
17225090471039
17225122526164
17225138489622
17225174473288
17225210529872
17225226484830
17225258475205
17225294477705
17225318476621
17225342538413
17225358530746
17225374479413
17225402527454
17225430483204
17225438523579
17225454473787
17225478532287
17225502537120
17225518483745
17225538520662
17225562475912
17225590534370
17225622476495
17225650520120
17225674479786
17225706485995
17225738472245
17225770481911
17225798529953
17225806526953
17225838472327
17225858481911
17225890571619
17225906475452
17225934470494
17225962474869
17225986477869
17225998529910
17226026473702
17226042470785
17226078477535
17226090562327
17226102477243
17226126522618
17226134527368
17226154521493
17226162533910
17226178469076
17226202525868
17226218551243
17226246536659
17226278476951
17226298564617
17226314470826
17226342472409
17226362520492
17226386478992
17226414525700
17226442526533
17226474490950
17226498471700
17226526618825
17226534540658
17226554529450
17226562524325
17226578466283
17226606479241
17226630526241
17226670479699
17226694478283
17226726541074
17226734526949
17226762522491
17226774473282
17226802533449
17226818477699
17226850470240
17226886487698
17226918540740
17226930542657
17226958524698
17226978471531
17227006520073
17227014537365
17227042530698
17227074475698
17227106472364
17227138481739
17227162471197
17227186518322
17227202470947
17227226471031
17227254549614
17227255794489
17227270480989
17227306548030
17227330478530
17227350523822
17227366476155
17227390517238
17227398528655
17227418525196
17227426532238
17227446469113
17227450527530
17227458528446
17227490476196
17227522475363
17227546532029
17227554519946
17227582520946
17227583600321
17227585795321
