12493772
23457213
16253033
31613347
16026022
15759115
31986000
16131847
15768719
31643072
30616727
31253695
23019464
32000749
6650394
24110711
15593726
24102448
31395682
8232739
22765686
31094683
31364372
15110326
15803191
31994637
32000515
16099078
31276813
8087108
15554191
31946687
8093321
23835870
32006725
8049232
31893886
14860242
31727251
15556248
31681001
32024768
23575763
23241233
32011738
32018164
31616833
30694785
31990968
16097460
30697174
31986645
8137528
14995117
30782393
31972516
31709255
15576815
31430706
23787259
31163784
31990901
15040758
31656575
15579132
15688338
8094277
15574043
31418903
16109890
31383369
8133121
23266406
32002126
15842850
31703711
31998517
24145634
30951783
31466460
30887261
30897470
31131542
14864388
31653126
30778854
7991913
31955634
16194562
31342304
8101451
15565662
24040245
24127089
24121026
8041150
31648636
15089910
31443920
15817630
31731960
32004384
31992094
8189522
22677602
32004254
24111245
30979138
24097826
32018261
31984929
23932120
14800699
31904937
16166678
15194516
15853852
31492838
31330605
24162970
13924916
31977178
15489098
31508432
24107034
31994757
24099245
32002729
30587695
31347931
24122651
24095276
31405994
31394486
16020334
24113275
24103809
8096501
15642962
31423924
16109037
23161776
31447904
32033225
31917654
31723021
30996079
30802770
30953547
31425037
32010015
16240110
31364244
31985334
14941346
31409000
30736834
31132008
24168742
23015325
15558180
31990259
15540784
31300062
31702678
8182281
23334925
30453166
31995757
14885547
31702500
24028654
31665270
15522315
31005230
8116045
15824036
14872870
8095892
31737616
16109438
31270153
30662833
32015967
16098602
15854422
16139189
15489880
8111737
15564859
31319472
32018293
31157851
30703993
31115464
31735066
7341641
24064748
31668140
30847101
15139920
15734997
31986522
30888449
8170583
31289705
31422910
8073368
16177336
30982411
31985384
14738674
31695043
24133634
31274476
30752928
31117326
30659440
31164752
14988782
31729741
31994336
30707464
30997517
30437871
8133843
31197736
31736303
31694783
8118666
31410389
31764734
8185202
30300873
30960807
31058953
31664878
30992884
31104106
16201099
30766724
31459357
31142532
30790327
31677946
14761249
31411225
16128458
31095209
24095730
31517904
31652414
8096157
14920591
31426641
30587042
15229812
31939174
24162076
23438031
31939279
8160006
15234643
31729321
32002761
31717931
30371270
8182527
14964562
15452929
16107427
15557366
24119040
31402172
31995053
30808310
30919526
30727554
31140920
8204634
22752313
23160169
31955203
32044147
30093463
30921069
31095027
22694934
31698187
31690973
30737154
30906221
30943064
16116753
31440748
31996903
30823871
30731892
30564183
31165924
31741859
31371621
7451129
24055922
30772362
31285878
31674988
8275460
30600355
8133482
31540355
15847948
31454837
31946845
31127676
15868602
31348811
24102452
31486494
8109310
31994752
31645556
30522424
30907452
31674813
24087378
16111199
31649584
31993059
23799389
30917390
16007026
15549394
31720248
31387058
16026192
31416463
31994020
14971367
31210773
24104239
32017005
16155320
15134276
32019610
31991833
16122183
15803669
31998601
15189770
31511460
31983001
30914676
16110431
31673982
15554386
31724854
32014955
24096712
24058926
31992033
31451873
15537337
7159641
31741079
8008786
16080179
6802810
31958992
16109140
23763755
16110564
31456028
8121341
15508136
32003531
31998171
31994305
30629547
15846176
15550698
8109603
15593980
31383979
32040537
31660747
30739461
30906651
15851378
15812108
8038059
31918463
16108179
31756058
31978658
16112247
15822490
31990742
31964133
31011089
31172695
15822132
31655365
31040136
31083207
31670506
14871600
15423578
15507610
31678732
15764430
31607304
24114749
8174057
31240909
31708552
24101883
8102472
31478468
31952512
16118487
15260520
31714412
31941284
30940974
23072093
14755662
15520481
24103990
31401274
31467204
32006949
32022358
30515229
30888958
31064853
14905670
31644141
30986891
15041427
31302118
31300251
31059574
30753788
16010007
31946019
30808993
31375155
6861344
31940050
31018798
22735895
31422356
16120589
31428093
31997932
30869499
15821563
31060232
8151200
15331689
15797665
24105938
30867682
31993167
16109332
30786851
30636846
30934700
14890637
15707358
24086439
30960379
15780377
31716685
31724594
7030355
24057100
30626493
14643509
31988496
16114647
15832870
16109550
15319124
31980009
32022359
30661332
14921872
15514027
31957368
24110884
31726589
32029540
8229764
31228388
30876072
15029234
15511140
31998209
30546919
16011711
22750227
31653363
14906226
23399373
30997081
16113006
31464196
15799663
31457983
31997996
14827039
31399134
31996024
30930596
31727903
31412484
31594514
16139968
30786368
30553626
15138909
31410795
8181413
15114402
7446874
24051645
8103399
31450347
8107211
31333638
32027246
30618072
8132294
14708026
31419896
24014256
31959336
22802159
31247956
31995289
14824683
15808132
31977516
31314789
30894238
31713669
30780943
24120179
15523498
8106762
15568788
8107954
15561930
8108954
15529387
31365128
31969324
31593498
22473143
31247653
30570701
22722376
31946579
30860174
29010706
14168859
15321211
29587026
21710549
14244286
30371934
15310431
30135446
7727489
14799927
31995949
31732977
31296253
31472379
31154748
15568397
15188937
32000395
31667243
31288620
16034438
15490941
31738301
8104035
31431423
31946146
31046909
30802727
15431342
31726698
8114681
15517090
31991634
31216975
31663747
30558722
14820377
31186155
15020671
15790138
30175509
7696495
22860922
15062693
30139832
15318456
30141960
15274274
29719207
29267465
30338523
31739081
16121365
23521607
32002668
30857247
15809795
31451978
16139835
30190225
14845474
15593712
24107551
30765934
31636997
15787643
15525319
16106533
31674446
15435488
31741762
31684467
14521295
15063991
29864093
29763276
22626014
22302859
29819588
29740271
7755540
15390729
23874666
31586113
8191796
14757147
15570111
31420120
15505436
31056943
8172473
14893791
31996260
30664617
15861298
31449312
24103833
16108423
31383451
15424664
15114672
31983700
30904392
31725872
14723102
24079743
31981526
23723874
15264595
31672789
32018082
8014188
8093892
31441708
31997756
15728572
15821894
31418268
31687009
31441157
32035054
31992388
31996056
14945004
31476630
31991335
14980415
31676279
38335564
15868919
31687739
30907191
16128955
14646419
30410112
7690970
30084578
30143069
15316449
14678059
22925297
30924261
30781297
15805536
31657865
15588103
15208433
16115260
15250022
32053472
31615368
31695292
16136481
15466508
31690138
15545176
31425489
30586025
31722289
16100548
31675342
7712022
15850954
31661562
8032128
23331424
8118634
23514824
31984635
22548716
8067871
30958218
30952183
15134816
31721853
32016726
32004835
32059702
30461051
24100277
32021826
30646655
15346871
31414856
8162510
15336171
31987000
14908061
31734532
31984221
14850222
31688892
31361498
31933073
31181183
15840535
31681592
23522396
31719546
14866635
31659978
31289446
31645031
16099981
16108500
31494259
8106658
15560241
8104130
31453167
16134653
31679692
31032656
31647935
31734304
31313909
30623762
31217879
16110188
30785425
6728207
24114551
31087080
8174584
14744900
30211762
29855753
15027106
29887742
22907967
30403974
30410404
29042019
30844747
15489991
15801096
24111938
31388844
31339511
31053839
15363938
31671181
31957347
15006289
15122147
31942561
30656511
23503175
16106831
31734295
31660552
16070274
30916571
31688399
31082978
15806063
31730048
24177824
31400258
30762016
23809811
30868642
16168442
15726680
31529407
16204389
15503866
31688977
16103559
31395853
31995060
15798664
31046647
30144091
14725830
7662818
29587713
30387934
7716395
15026408
30359927
7855116
29321244
14678709
29607672
15423246
31707821
16111665
31426521
8165852
30880092
32030430
31710804
14994623
31709694
8136076
15513368
15479951
31998790
16201508
30532149
15611243
31414531
23545818
31038998
15523566
8061837
31456105
30617015
16128686
15558842
16100670
15561904
8104884
23587140
31940761
31737553
31595129
16116746
31740893
8092759
15571382
24107537
30863496
24110515
24149304
30395645
30392410
15051174
30134385
22926887
29313187
15323868
29815778
14893204
22113295
31438615
31996651
24054276
31405367
15551531
7408724
31944726
8108920
23844617
16114662
8130667
31651060
15086395
15792401
8106799
15571056
31990158
31391468
16123397
31400173
31981629
16110826
31490980
31995919
31352429
31699519
31492426
8144594
30494197
31088556
15842976
31278400
30812359
15850792
15435456
8144221
15450356
31717726
15599863
31729582
32011292
24099022
31996760
8278514
30161260
31404709
15823405
31425833
15540175
31725198
8128391
15564247
15540153
16025489
24068011
31999750
24025500
16134884
15354153
8108159
15577911
15408565
23786173
31729848
16012569
14952177
31719642
23480682
31187651
30923641
31036073
31987138
31562643
8262199
30513595
15583132
15787028
24097426
30876764
32004863
8205843
23186134
8121010
8180081
30511065
32027519
30858575
16193194
30738089
15262203
16172097
30884012
31629987
31006999
31151758
31999787
15775585
15507895
32007118
30357327
31177682
14934934
31727919
31984561
30565492
31139876
30887123
29388740
29589265
29259289
29676960
29354664
29162865
15267304
7082794
29855946
15712074
16085890
30806222
15285842
31698594
38339383
31104898
31701633
30757308
31992635
30904647
30949898
16105872
15832026
24107358
31473682
32034144
32025004
32051545
16127173
15604587
8110530
31468363
16016557
31944425
23166317
24006666
8176606
14708696
30725191
31989663
15807930
31459537
31993344
24111000
30766154
30650836
31980108
32001155
23520425
31731899
31200383
22963049
8172469
30644355
31462931
15590096
31709413
16111389
31254192
32020444
31607803
24058519
15825326
31445873
32005460
8176694
30775828
31991711
8152937
30979117
24108041
31496461
31991707
31738380
31684941
16150806
30969636
30859054
30983595
15520709
7180991
8085382
31994602
30213468
7752147
8092272
7175560
31705298
8107500
31440467
24081081
31736095
32036263
23729834
31007061
8109925
15567067
24109754
31985857
23804877
30287706
7789460
29129013
29798014
29124160
29405872
14668355
15046673
29861485
30390349
31162922
15582191
30971196
16134959
15609809
24091883
16066042
15529134
16111714
15263478
16119804
31152107
31992150
16138479
15549685
32021819
31991592
16066849
31459065
24172049
31455133
15232399
30841703
21413290
13876007
28754895
7319763
13707501
28170058
28795599
14506099
14238316
14412331
7262643
28212706
14785061
30155438
30065260
29920217
30047238
30085382
29826533
29362887
15038766
29873389
14701121
30159358
29155045
29380362
14300624
30130873
22493602
29913373
29320969
7691430
14236307
29814598
30073165
7265438
7711638
29282465
15053622
29760771
30397982
15024462
15072091
30415621
30389526
29441533
15029642
29871237
30397026
15046107
30133308
28939116
30401200
15320284
15016259
22904728
7264533
22886677
7702217
14859427
7699318
30779972
16107580
31377304
16108008
23729028
16103939
15819522
24114656
16057319
31490302
32008090
31978937
15856860
31730332
16109304
31459014
32012923
31966154
31065466
30514788
32011064
24200827
30916120
16107935
31714348
16103300
31426714
8099230
15542154
32018619
31712822
30654808
15553640
15270348
16062216
15547260
24142319
31298747
8152693
15431530
31724182
30804246
32014284
8101129
31163682
8121397
31392629
24112126
32002166
30294256
15423260
15865367
8105698
31462326
8110755
31420858
15535066
7403607
31966731
32016363
15825435
15387021
31181298
15537689
31715906
23512120
31424734
32043749
30147956
32018858
30911748
15544124
31319191
8155517
15469455
31716804
32013334
14939861
23796779
31988532
8107227
15846954
24085380
15553224
31967811
8144389
23433428
31994885
16114058
15575413
23761723
31998824
15053709
31731006
31986445
31965938
30513945
31458662
8206654
7651586
8080936
31526777
31396158
31734496
31157902
24112737
31722885
31964124
15852891
31195664
31985445
31702803
31731599
16125468
8048644
31687472
24110119
8018968
15487799
30881574
16126247
15495140
31712306
8102109
31418333
24126573
32003810
24101361
31694698
31321232
31228263
31740340
8114358
15497891
31992156
30850265
15863026
31540714
23992624
31407868
7205246
24078031
8015875
31952635
30924562
15816124
7692081
15645967
15271076
8101897
15561070
31379957
16111623
16132323
23744592
30725337
8189471
30596877
31141697
15495864
31443917
24106284
24104790
32041179
30751119
15796680
8098610
8110403
15796290
30869290
24016662
23204405
31458142
31671439
15846973
15815868
24102637
23492394
16128820
31679394
31988100
31610618
16124624
23485526
24096425
23424863
16086988
15832883
24111721
32012411
31998598
30563186
31244364
15796983
15446685
31430999
15754058
2277926
29338622
24161575
31347682
8111183
31468430
8089387
15570731
8107299
15538895
8005266
8082445
15259264
32008122
31500716
14756073
15519833
24096441
1135381
4264967
