5565274
20463108
14274603
21046169
16818759
16462757
33171355
16773985
15463288
33071974
31287158
32837302
23399196
32621986
6035319
25198504
16233921
24917526
32807412
7838426
24169425
31892798
32801945
15736674
15710892
33520873
32677760
16810960
32538246
8408005
16217485
33288438
8259485
24254467
33445479
8035636
32534393
15397894
32893003
16150274
32706311
32871799
24904005
24183309
32913865
32939453
32573767
31033252
33146763
17095927
31825208
33007864
8257108
15307008
31838285
32299948
32935893
15585211
32750489
23514580
32194070
31098415
15619410
31192744
14684682
16268710
8274892
15782028
30739205
15773076
31761445
7857958
22786603
32173283
15623698
30984002
31739754
22754027
30324621
31371302
28706169
29657375
31181481
14653003
29743068
28887222
7599060
31261153
15165462
29522866
7722571
14155669
23338147
23552457
22545776
7581384
30078898
13687776
29025774
16202703
30537642
29646829
29583759
6981687
23024178
29417952
22461498
28923032
23504672
30759737
30486756
21888043
12599424
30176974
15980537
13906195
15229614
29052336
29605306
22997373
13845172
29535810
14549622
29171866
22370446
32232312
22844585
28935766
27844606
29248492
23681652
22994550
29145162
29277236
14615387
24066437
22328783
7706047
14789046
29133991
15364216
21936882
30366477
29778127
29594554
29666817
28841030
31056397
29084221
29038935
30225454
14582747
29119325
31045565
13748517
29617306
28764222
29469329
23881492
21016396
14811566
30365915
14916292
29775964
30939202
7186722
20606596
28488863
30201603
13664353
31122728
22413151
29772352
14511953
28558024
7005842
15530443
15275510
7539344
29949913
14816756
29290348
28160714
30261449
15471687
14794131
14923376
14499044
7612183
14893989
29518853
31121957
29230792
28135876
29178170
30219948
6564850
22394376
31252300
28544598
13714452
14465507
30635597
28307101
8051047
31272999
29275251
7535502
14525743
28574788
28746626
13829516
31988754
22759140
28552862
28701922
29546835
28539717
30908186
13857916
29364337
29780402
28161443
29375769
29483131
7360814
29230549
29921581
30077568
7426384
29417759
31118264
7184873
27616163
28779142
29535945
28924524
30533702
29260404
14485259
28767087
29375032
29648281
28000595
30894921
13738252
28891918
14557370
29439655
22752574
28552125
31079542
7273357
13919547
29181361
28584323
14116592
29782209
20133101
23200698
29653740
7442111
14082505
29689442
29788958
29564285
27048684
8216041
14418029
14307311
14787296
14612630
22436439
29376422
28987823
28577420
29878588
28184804
29448087
7321565
21253290
21804348
29214235
30166590
28793177
28412934
28781968
21045876
29753366
28791225
28321401
30546081
28788837
14741142
29400885
29830300
28522446
26641795
30140195
29310903
29292904
29052813
6846936
22398264
28095343
28356650
30607095
7546607
28758539
7614915
29235427
14352807
29098180
29777597
29228112
13338716
29314098
23494363
30115704
7576893
29383483
29107890
27922731
28074214
29880056
22946301
15181655
29508666
29503108
21579210
28836820
14770749
14795303
29199135
29337096
15256728
29929127
29281497
13803806
28806952
22592710
29894318
14873385
13402526
30104296
30660592
15143635
15121519
29195001
13713039
29474169
30136681
28549908
14915376
29972775
14716152
29500216
29753755
22283596
22415308
29905743
28539289
14564542
6758339
29794433
7177559
15014124
6148501
29577796
14218107
21629550
14920182
29464842
6608644
14499093
30001223
30098296
30005525
27994243
14595873
14389863
7409620
14537035
29360025
28665024
29343869
28653133
28971391
14629673
14615987
7254356
28986410
14872881
28739342
29651785
14966829
14927324
30040788
30047668
28620290
28968420
14522764
28084618
28902803
29247896
29885826
13699716
14425893
14347296
29473400
14314443
29330653
21196076
7301050
28473489
29530426
22576334
7419738
29553945
29549926
14775833
14005848
27738964
29641354
28823801
21732010
13477127
14562825
22701436
29526611
29180867
28733793
29448913
28041885
29220814
28880715
13450696
29769098
27707412
13441980
28892634
28792647
29563824
27840061
14916157
30015119
28689291
27463518
6207020
29505541
29561035
21047680
29387988
14926197
28662435
29587831
27452233
14133784
28506151
7535146
14453410
14966514
22330748
28817569
29588885
14934970
26437272
28013277
28598920
13363151
14613501
22412093
29075455
14834419
29838154
28438286
6224696
22673743
27210059
13444353
29846094
14788326
14738949
15036238
14541097
28928846
29065020
28370506
13919029
14548394
29090082
22508815
29622834
28432796
7010047
28816151
28947000
13954451
14295663
29984220
28743839
15012669
19210867
28676321
13314601
21551172
28687739
14761032
29550865
15121202
29481809
29848476
12556215
28328546
29234761
29165722
29512958
29419828
29200173
14831517
26280338
27689434
13789509
29214941
7491990
13926248
6766336
22482310
7444655
29801304
7632484
29493693
28380235
27936328
7221988
13200777
29944338
22152884
29530973
21301696
28496342
29295982
13426092
14467084
29987921
28522346
28797984
29455763
29131182
20881403
14192292
7378813
14474185
7553822
14308140
7526163
14605365
29537327
29941083
28904970
20684891
28160298
27929142
21087221
30056503
28810516
26448898
13321797
14132530
27834965
18618485
12836397
27990450
14042221
28306391
7026609
13865288
29652007
29688917
29278433
29096025
28594399
14033701
14005436
29701060
29705628
28281159
14968660
14721678
30108149
7466536
28056130
28737613
28896263
27943176
14565292
29673365
7568290
14673988
30107018
27763212
28800206
27620704
13570212
29518573
14020508
13948831
28404827
7216755
21363273
13344081
27980312
14111877
27830603
13952282
27463507
27184846
28669247
29023023
14024214
21712681
29958781
28941209
14989859
29581405
14749161
28181151
13769440
14715663
21655131
28664378
29408539
14737186
14886514
15159733
29241263
14460585
29206622
27805070
12989357
14047335
28515985
28039204
21329573
20571957
27327211
27518282
7137665
14351952
22253660
28742464
7600875
13742765
14948045
28939620
14292037
28656393
7462104
13738112
30087622
28544849
14779126
29973668
21941510
14778893
29063830
14181527
13941046
29950257
28858626
29701999
13459197
20982217
29543213
22362437
14341059
30152702
30243989
7188311
7401438
29538437
28695975
14742168
14569959
29717064
30376345
29771613
29929245
29096790
29850070
13676927
29289226
30480105
13880400
29537858
36180112
13989516
29679499
28683984
14755016
13649293
28818096
7210650
27373654
27880118
14435485
12831607
20903433
28430346
28497365
14975900
29176287
14309887
14093769
15035749
14199269
28239837
29120712
29496174
15426922
14455104
29723454
14298381
28669402
27444159
29412094
14957703
29953169
7157849
14621446
29757975
7299612
21335884
7488431
20795157
29437726
20132113
7425888
28915781
29324528
14325738
29882055
29580194
28594075
28615078
28358199
22798415
29882614
28722222
14140341
28034360
7202747
14079066
29635732
13656417
29929985
29614020
13768968
29519628
27310694
29458254
29041156
14649839
29730495
22207502
29911089
13705989
28076100
28843618
29172620
14659551
14908031
30018751
7452347
14738215
7463277
29383014
14888943
28422992
28572518
29607021
29101323
29014573
28550785
29260605
14365624
28441583
6090384
22031770
28838809
7056599
13469421
28334167
28297218
14079827
27138089
21397776
27777632
27744235
27111309
28372323
14295562
13759930
22621895
29539008
29004244
29290148
13909512
30043888
28830254
13887910
13965116
29984285
28256599
22328295
15153472
30103396
28865593
14791119
28629252
29016816
29367890
14912830
29986229
22274407
28804172
28985620
22036947
28899924
14901051
14978306
28858067
14147930
14415645
29212727
15282911
29157891
30125136
15103056
29100461
27177577
13631638
6992584
27523523
28603885
7038124
13911993
28589798
6989802
27525757
13750678
26559268
13885832
29843916
14623170
29400005
7438601
29104707
29801171
29674449
13582692
30115663
7246109
14003688
14487183
30307850
15152957
27765517
14677510
29123962
22264513
28887264
14588782
7447702
30111630
27400904
14974003
14395122
14784347
14591972
7713464
22564618
29899783
30173011
28670758
15087088
29724044
7709133
14740642
22465381
28986365
22713340
21161776
28385606
28419919
14345431
28394422
21164256
27706283
14751013
27156175
13859607
20318932
29557916
29597919
22632883
30485974
15048165
6333174
29963582
7499674
22404523
14997771
7454238
29511615
14305638
15324488
7785861
14250616
30132758
29322229
14822082
29665567
30410172
15549140
29258052
30197490
29461296
29896066
29315423
7412172
27936951
28969018
14881069
29292774
29072570
14950954
14947716
7662268
14083392
29643298
14572153
29628730
30017639
22665126
30061634
6998782
27158165
29468905
14607293
29424588
14284144
29908708
7709827
14304820
14576355
15310275
21890299
29717882
21929465
15246492
14433896
7631566
14645425
14796749
22978479
29423524
15086276
13690023
28795600
22096698
29680160
29566725
29786763
29189909
29008371
7274778
28299264
14692185
14873006
23049874
30234712
29244789
7512775
21412421
7246264
7341641
27801876
30100357
29647114
15588856
27810237
14309580
14788495
27923760
29807406
29181376
30234701
29524788
14551349
14669279
28887921
27794855
29557988
13851692
30595326
28934842
28776361
28476178
28697366
28079462
28011196
28267821
26683675
28064876
26737235
14264896
6645653
28625724
14544965
15042979
29801719
13460627
29676106
35754078
29149711
30231715
28614727
30786545
28543557
29119252
14920266
14947464
22804570
29610412
30450034
29589524
29776797
14936930
14571250
7452299
29983509
14846790
30324754
22119257
21639586
7265073
13829796
28687291
30571287
14737434
29400342
30412532
22313708
28305433
28652319
30223807
29904021
22263017
30410769
28701170
20410378
7580061
28834559
29656667
14644817
30344734
15116466
28519955
28975602
29604272
22676785
14676702
30080222
29720658
7459112
28767052
29382791
7391221
29278958
22816564
30695126
29639959
29698714
28983477
15409794
28983848
29852849
28923944
14527597
6808030
7530597
30010866
27923915
7380843
7438590
6678335
30397470
7812658
29274894
22686515
29921073
29599874
22830232
29480913
7850514
14950523
22087760
29921772
22467727
27072079
7126342
26757254
28359806
27163068
26550774
13652661
14273279
28227086
28704311
30054987
14699552
27913075
14665243
14711472
22429817
15134331
14471664
14910312
14530920
15157158
29715301
28694929
15201668
14379989
30298752
29993737
15392046
30418291
22495367
29809405
14182029
29142718
19971368
13164004
27582574
6901796
13005253
24803043
27098510
13761494
13358074
13593406
6791097
26629992
14111572
29024066
27233883
27926664
28206125
28296749
27983506
28531054
14358289
27549474
13844423
27946875
27290960
26936912
13353374
28989751
21572169
26702290
27600851
7319996
13492131
28111921
28313007
6931603
7410088
28221332
14186772
27053456
28688945
13891997
14136022
29022350
28473777
27091588
14112641
28200996
28609437
14173741
28734287
27285488
27661681
14116427
14099371
21537700
6425381
21549804
7202859
14186638
7309675
29420489
14473703
29511745
14950541
22415408
15020958
14937784
22905720
15244602
28923227
30276947
29637610
15207610
30223778
15367244
29884383
29277128
30050909
28838413
28704936
30539374
21986770
28430574
14871924
30423982
15172247
30060745
7620637
14811061
29771828
29888634
28855606
14707713
14505459
15263627
14819623
21586531
29516445
7494935
14270791
30496907
28502393
30548580
7705056
28988910
7517872
29549959
23318572
29785226
28040720
14620914
14096128
7640387
29833070
7474247
30129284
14497157
6804838
30161997
30627215
13720017
14615230
29362309
14879955
30317965
22068884
29615411
29122623
27407167
30706422
29328896
14671112
29780526
7113414
14072053
29721162
30387337
13851526
22626424
28722270
7472078
14904154
22615422
14931243
30821169
7448534
22330231
30653845
14424363
14722580
21674234
30719364
14389418
30112574
30675692
28963079
28558460
29578880
7578355
7253182
7628959
30079393
30148702
29561453
29206880
23202601
30144489
29962920
15077864
28617906
30027009
30078789
30566381
15117348
7231890
30245285
21938017
7576682
14553151
29224888
15268441
14652517
30141488
7618398
30050646
21688552
30258011
22586212
30275403
29781993
29906476
29720821
7542178
14608840
30061642
29134364
14725434
30054092
23003716
29168246
6717065
22664141
7416943
30538594
29114011
14774130
7294838
14822328
14515544
8326569
14033485
29871619
15018240
15186267
22772838
28883895
7578815
28970844
28931208
14660214
29954577
23110260
23224013
30343337
29124712
14626608
6888559
7573416
14984437
29323679
23007272
22028296
29872557
30266092
14125068
14999974
22983057
22332213
15389228
30086633
30406477
29914008
13830601
21835203
22664158
22417582
15304348
14920253
22790628
30602011
29849754
28615480
29886950
14984356
14708160
29967967
14832271
1553537
27278106
22660388
29371180
7626484
30173644
7680174
14895792
7672432
13832741
7545292
7540936
14392059
30431324
28871535
13909014
14802295
23208671
858842
2234545
