182861
375883
278302
635726
428259
416975
847367
429083
397103
847249
801814
840211
602802
832088
163638
647713
419627
636160
848879
207289
616344
826674
842695
395686
413311
862010
842808
436926
837615
218805
415898
856767
220651
630008
866291
204425
836005
404429
846776
422149
836447
854763
629377
631344
847301
857503
846469
799144
877927
436791
838600
855836
224073
399778
842474
853159
889205
417971
877980
641854
871804
849070
422379
859308
421058
442422
229128
448881
858176
435925
873295
217403
633923
893939
449415
849071
890612
664802
819924
887185
846563
871446
875016
413281
877981
890333
215885
877993
427302
871850
239749
454687
680236
644173
662499
215479
913037
431292
890298
444364
896251
952905
926957
208340
636809
876241
713187
927340
667459
910919
942972
692217
407894
841634
444032
453211
453217
939458
908453
638163
391333
916001
458920
920523
690276
875776
692813
927605
868655
851277
680049
693870
916587
906098
449265
670210
661999
228746
451286
933423
444959
672624
859195
922862
930344
901681
887249
859504
898376
929833
913565
450079
855692
919429
428611
927375
880821
877027
666748
664682
452692
930685
464751
866390
891316
234415
642861
868695
936872
388803
900623
692819
916997
434496
886677
217063
418089
419932
228385
920360
471853
897322
882079
824659
444885
457132
474752
454741
235390
449449
911742
849242
867742
862030
907188
917555
212164
637638
871511
861343
433468
447141
928672
880017
217614
876003
886801
224330
467719
849810
896853
394520
880732
683939
903952
877988
892596
809181
867627
423503
909180
916298
876733
838539
816543
231995
875863
926685
913646
221921
863283
872858
224212
846367
897823
895522
867245
874071
886851
459498
866206
927331
883026
880391
893793
404228
893772
432398
886944
702790
920326
907070
233336
422105
909175
876838
429772
937943
649907
642004
948928
226759
441189
917734
923808
900564
869993
226075
429743
463100
476219
448493
688402
898238
905900
901157
855275
906995
868572
226767
655695
656177
915484
964838
871797
921644
916614
651720
914593
895343
906254
934625
924132
494612
912722
928051
891784
869018
906482
941452
962742
907146
218107
689801
865651
903662
941255
228675
952329
240820
941411
470988
925524
933240
901565
442071
940449
747958
1001983
239047
942902
922319
879581
891941
979577
783483
505881
990713
971376
699404
908848
478045
447671
927096
955276
515967
969025
937806
445542
933607
703645
921987
445021
454842
977069
993224
500977
485790
944141
440821
941337
942219
888745
478108
1004712
486041
1007378
982114
719460
713309
938341
924850
491695
222348
974374
243100
498068
210989
971941
452861
681282
473456
928656
212613
468930
983466
998983
979330
915545
468932
464278
239838
456273
917862
939658
962401
941522
970224
479306
469354
228615
913618
456316
906709
998188
474471
478051
999550
1013550
918301
899634
462474
899647
962496
925137
973510
469415
503671
461888
976669
456495
933013
667918
230564
928086
936702
744316
254227
969372
958136
471713
438805
869362
968003
893825
675149
451541
496209
720079
941581
932517
909966
968082
890507
954943
993799
449657
933244
882853
443302
964621
921039
945562
958231
508270
963826
900022
899844
207789
954202
932957
705581
993214
464531
945173
915145
921555
469296
894479
236163
474558
497365
756974
927962
960491
462432
866470
934382
898708
431564
476990
745925
972719
444722
945482
905152
205014
743509
888161
413546
994174
484293
485103
467420
456091
930515
957498
885515
451064
466192
971891
748965
949660
922536
236697
926350
926182
453975
478994
976124
930834
508548
607623
942145
442224
666701
906485
485671
966468
478975
947281
983211
405410
928087
935665
926453
961534
948436
931111
482671
846645
923313
432634
930664
229062
419188
230606
731989
247417
964680
231041
932928
911346
915620
227219
428521
900995
721470
961781
703704
911515
965782
432121
454390
928066
874568
938256
973435
941906
685057
475177
246421
458364
233041
452558
237261
432683
908530
988493
945690
684790
886736
927029
641366
904393
887387
876043
433154
462423
906396
606851
412562
904984
445161
882785
212066
393475
942959
965457
946396
936366
927695
464389
450719
935646
866847
893850
487620
467275
980479
248152
902367
950485
905855
868472
411308
939082
241501
474270
979072
901916
932817
866605
438385
852817
430623
466465
891884
233764
705921
452772
899370
447961
858861
439462
774064
862479
904292
957340
467297
701819
939864
902227
416417
894215
472401
882164
448176
475723
688278
930404
909226
430392
415420
448975
927945
462601
963804
895227
421136
414445
814739
882532
678974
660208
869861
860579
223044
441325
632693
897642
243070
439755
459384
921529
441263
915430
232073
430115
867869
906880
475444
963764
703030
464302
927662
437445
417477
874135
918289
964727
423293
668809
945325
690125
431983
882220
949263
240250
245557
955427
917472
466930
466660
909540
888349
938245
973963
930133
938094
445420
910361
908346
443465
945113
1174790
473423
932926
918306
453361
418062
898326
222097
880448
912496
460766
413348
666838
911725
875513
453931
922777
456691
463500
489875
464069
887133
934386
910855
460103
457680
940428
461531
955259
873158
937071
462172
902480
224189
468360
955895
242322
715609
247948
678754
938022
639423
232012
869560
917164
481498
957981
989896
929721
935490
869554
676515
972719
902021
473075
933177
233639
452357
930070
414822
929927
954209
434032
962724
896922
934565
890232
453461
930265
694680
933270
449934
929183
914627
907502
441406
464868
949779
231828
455621
234861
957664
492260
921106
884804
900643
948976
890172
888823
960910
461059
919863
189055
677293
877316
226523
454730
885994
873506
458309
890362
675488
843238
840700
882702
883947
478008
458427
719409
879979
917831
937931
452073
928689
949263
444882
444475
883225
919464
695568
482341
954328
942995
483463
860074
898450
938568
468737
944640
711295
926310
846194
683191
935048
475574
455368
908088
466543
450287
921262
447487
915441
955199
473489
905706
897977
438244
230153
853626
861192
242680
450123
907745
212283
855709
456457
859957
441222
887101
460344
963913
239953
905527
946798
940045
422502
906477
231360
480389
456102
957331
473767
909541
451213
921619
667262
946210
459758
237645
940496
893927
468473
467068
467468
436890
219702
662918
982163
963398
934902
472093
927546
224498
451597
738664
926984
720066
684668
901880
888386
420184
918701
684676
876970
455455
868601
455301
651462
865666
958937
723459
946882
468244
209514
950203
219478
665158
486688
236677
944186
448616
466960
244471
463676
920368
902701
470889
935260
935661
490689
968660
876030
926269
945865
905126
231617
946304
864794
436818
914201
918974
471000
450101
237542
462547
1003700
419766
881479
956186
719009
938085
213525
898056
980627
434782
874189
459943
923244
246025
454837
459485
467513
735068
960300
668018
463824
455826
236805
466348
454926
694667
988178
477534
421952
882749
690348
932805
913750
969816
957013
895578
222922
884445
455479
479266
704354
927076
945974
231011
663344
222941
224306
885902
969473
923412
485035
982721
440201
458614
871677
933640
951964
927454
1030424
480695
437535
907495
869804
931800
450506
946332
1050453
899620
902777
900692
870329
878268
938765
918313
858785
857081
444266
212009
884981
464252
486967
933773
506288
973601
1136950
899472
939664
916470
1007409
1008754
915095
475255
449328
705713
961434
958412
1071760
963878
473979
436341
235217
940662
472419
957764
778830
795121
243854
451644
913000
915388
477981
949592
968285
840962
940600
900125
927837
958778
696487
1078231
1015066
684635
231260
872544
915340
462466
954544
588650
1022517
942245
909966
707670
465030
942240
1127104
277776
963854
905128
228859
911444
711339
1040165
1088907
963765
891400
468010
918670
920334
1086385
528398
226151
251692
942469
860319
230171
240945
217046
947019
238050
1111013
806829
934683
911515
666720
927863
240614
510820
849461
1038485
694176
845534
221747
859116
887438
991089
976182
446564
436920
875379
900740
945424
568333
1049464
487986
455432
704604
470548
454022
481898
451748
490476
1114618
1051332
472265
450226
943362
954662
488900
1123297
807955
935225
435971
909703
641057
408638
925625
266375
507509
911395
869744
418778
417249
427528
217201
846469
444094
1028794
1031027
933007
890882
894555
897644
903179
487166
1066397
520684
920321
865866
872979
431899
920325
745959
1004928
970421
222703
428097
900201
916298
230398
230719
1009923
553377
993418
904641
448496
466233
956276
1045345
1048151
528854
926404
917903
446841
962625
1043427
1053032
476060
463089
686403
207850
684177
244655
484466
244913
1127551
545038
1056135
501473
709974
466307
494183
773267
574562
1071258
1053775
957712
470173
1003241
541195
1157664
1088033
991642
898386
940514
1132650
804760
997787
490073
942268
491856
1045690
287323
557942
1081819
992788
896882
468765
479606
550129
571752
812753
1085095
244730
464613
925489
950399
1165007
294677
1075037
263012
965307
693734
1000276
1054712
565275
515210
283832
1046959
247543
911456
466991
230986
1084189
1173710
505745
548267
966537
455767
970009
783904
1144238
1081733
955319
926668
954821
541300
1142550
252276
530442
1069978
967826
500737
869380
1064606
281537
550519
730155
455612
962761
253424
853230
1150466
527241
559402
724661
943036
463709
1084544
1172487
1069580
996261
915686
245300
234043
247184
1135362
1123431
1080195
982094
713989
978535
1146535
564688
1036870
1076142
951139
970974
563518
280545
1135414
791167
281955
544828
959599
472230
471865
1034326
287390
1121150
771833
1124434
758240
984878
971200
1142722
1086118
264776
539049
1070037
941191
479305
1031412
881988
1046944
235423
845271
271819
984408
942394
522279
283171
578245
555161
242074
502162
1103955
546039
499057
709855
991024
286259
1084965
1006548
530129
1084020
741532
744505
1103951
1098034
494458
247201
267275
555391
1041475
747716
726101
1108781
1113204
479827
533296
849932
760088
503092
1027711
1147622
1064065
472862
807535
802720
736559
512825
555692
866269
1070517
1051347
1021374
988910
550349
554838
1099863
496566
43009
982232
834704
974946
276405
1143925
288146
527662
269054
456982
269531
279239
537683
1050569
1053598
527650
538768
777219
18402
83714
