14766
13877
8937
49919
988
281
3121
866
3454
2078
3574
426
1961
717
3021
1290
199
1320
195
1624
226
1448
266
692
1267
210
889
193
889
54
42
505
148
650
1376
754
3783
339
2388
118
1197
1093
216
112
1728
1169
995
3578
2966
141
400
2219
290
1293
391
2003
117
1632
76
1574
119
6907
500
2374
3848
93
146
87
2568
2122
734
680
1756
770
433
2107
819
3002
4057
2515
3451
1382
3132
592
1799
1199
1713
3355
2954
1930
545
901
600
3670
2709
565
981
1554
4268
190
1146
1213
3542
3879
641
3143
1542
829
3075
1598
665
2103
2916
6182
1771
1998
364
2084
1242
4256
577
1610
765
1086
2912
650
836
4756
3907
5216
1816
843
1688
1971
3602
335
1767
501
325
834
300
396
3156
4007
2582
2116
4510
467
1487
1260
1530
4319
5097
2234
1485
1513
1405
4247
1122
1677
274
795
435
2716
936
2231
3579
2510
2523
4038
1845
1830
1954
1534
2202
3949
425
105
602
860
1065
3600
3628
4415
1660
809
480
413
261
308
1147
2908
4175
3132
2722
1250
773
4409
2230
2661
1634
886
1079
3993
311
622
1372
322
3673
2416
5831
2470
755
1142
2209
2142
1494
5127
1009
496
1039
2875
3386
5116
1730
734
1108
869
941
663
3903
2938
2497
2223
1758
1147
5452
1971
1546
1766
1469
1181
2534
3386
961
2248
3325
2933
1514
1117
5953
1865
841
597
1543
1675
2747
1643
6695
1497
2845
756
1060
1019
1782
5037
3484
385
852
612
504
268
892
1357
5853
2338
1512
1397
854
716
1160
1275
4216
2517
3297
2082
1016
1424
1316
5428
2636
780
1002
383
722
1147
3218
8112
2024
1742
1326
1295
772
1095
1979
5538
1336
1733
1986
946
1471
902
1122
1164
1466
5603
1551
342
335
198
897
3956
2794
6106
883
343
494
890
1142
1417
922
579
231
3158
1537
510
625
1486
654
693
348
1085
2207
1488
1183
735
700
201
769
653
675
466
2436
821
478
317
709
1116
443
518
774
3005
794
164
1479
2329
1198
1105
1567
1725
866
907
631
4276
658
1203
629
1269
1586
749
356
264
327
538
5102
3591
2068
1699
1005
917
726
1217
1567
5693
3297
2170
440
966
1287
2157
1486
778
5426
3575
1706
1203
988
479
500
1412
1367
1198
4875
2341
2832
2479
866
371
1018
1223
791
1434
5471
3613
2643
1012
1035
338
1047
767
949
5125
4590
2556
1228
968
561
1264
5650
2987
2339
2254
1403
1559
716
983
1220
6494
2018
2265
1490
1395
1059
1412
1273
3742
4728
2743
2347
1118
655
283
1303
1457
1396
1058
6294
4156
2373
1437
602
1071
427
604
619
5418
1907
1331
3629
1243
1219
980
333
682
327
4657
4823
1912
1069
656
1435
1074
1008
6623
2715
2411
1354
572
644
1180
897
762
5467
4704
1923
1286
1350
921
819
352
1015
815
5433
3315
1374
630
835
965
3477
1858
7649
4091
1728
1249
743
1007
640
451
236
668
241
970
7172
3359
1090
903
800
1178
642
1034
4816
2668
1478
603
667
3430
1152
1652
1111
5987
670
344
371
141
246
353
198
548
660
3468
1795
6446
3527
2059
815
1573
1645
689
673
1388
5958
1233
3161
1354
687
754
476
1360
1140
1582
4774
1690
1010
492
875
2329
3051
1145
309
702
253
5294
4254
1937
1441
596
1224
357
178
993
6315
4300
2409
1221
861
729
895
647
328
722
4159
1489
972
2106
2298
1480
2124
1256
1352
4679
1983
1513
984
618
1081
2853
2674
1218
424
5360
923
1273
689
233
626
1296
465
3412
7680
2150
725
543
1054
649
3480
2459
1413
492
774
2410
3184
1135
1063
391
4989
1170
1420
365
748
991
1251
731
371
3070
1118
777
2526
1711
1843
1968
1140
911
5385
2638
582
525
910
1225
1003
295
678
4871
547
539
418
789
894
1050
3239
1074
634
803
859
681
1291
1006
3111
906
642
805
382
878
310
3397
3709
929
5028
3206
2680
1901
722
1555
1220
710
496
307
6043
2891
1587
909
745
1351
930
1811
5565
2904
1450
1379
1113
918
1073
1153
1421
741
4674
3602
2724
324
1932
919
271
866
1342
4988
4277
2178
1275
1046
1342
623
5137
1607
911
1419
923
824
2999
1611
2039
5452
3236
2125
538
1157
873
1431
1006
5888
3576
2699
1192
895
533
435
271
275
1146
792
5317
2395
1439
2938
2337
1939
1218
4772
3312
1108
1632
1693
1193
570
798
954
532
4691
1108
3527
2041
1108
1900
918
4212
1898
904
1307
880
2815
1533
5774
1336
966
939
1576
523
394
678
3830
896
2373
3231
1419
517
941
4546
2368
671
1267
1056
1161
979
2834
4315
1431
2036
475
1767
1070
597
974
4430
860
378
669
995
478
466
2505
1162
2574
1092
6147
2105
1256
1612
1190
848
639
4628
1631
592
712
2039
1969
911
1778
870
5254
863
768
788
1272
463
478
1423
7184
2172
789
637
387
423
998
983
1033
4041
941
773
97
232
846
752
2812
5554
1991
1020
363
704
1441
914
355
3230
2390
2067
1535
1703
901
355
218
4104
1406
473
942
633
758
993
603
112
108
2278
1082
2133
2227
1434
1271
248
4898
782
1215
1231
2762
1189
5867
2416
702
1856
1223
819
270
500
2943
1506
465
729
1131
821
3037
1281
5479
2339
1087
762
1021
1633
283
1285
648
596
4653
3303
3008
1241
730
398
472
317
389
4679
720
858
1135
1019
829
715
1509
6158
3479
1309
2003
919
322
595
398
5364
1124
1670
414
826
3422
1629
627
712
5374
2018
1453
1440
1516
777
341
4203
800
495
3299
3244
1385
728
497
5010
2184
1538
1395
894
775
464
6151
2255
1773
800
181
957
652
399
609
3968
2958
3382
1359
1055
1743
738
4697
1598
660
416
955
485
939
4435
2968
2049
1048
470
917
603
822
715
5292
972
287
1132
910
593
747
2363
5378
1899
1355
1079
964
617
418
4411
2884
1527
1677
1414
596
925
377
5771
2760
1350
1107
543
657
4225
757
1174
1391
855
1252
531
313
4609
1030
1096
513
1251
547
3096
677
192
193
960
1215
335
549
241
396
94
2309
720
743
886
1031
637
118
187
2469
848
701
3704
1421
3117
1262
842
5635
583
387
521
1066
579
442
3451
2435
1027
1101
668
618
799
319
511
1986
3685
910
734
749
1065
232
307
2661
1159
639
772
1235
317
512
197
149
4504
2572
717
335
445
330
1185
432
587
4878
2913
1998
1245
2044
545
194
3908
458
2562
2832
1880
727
940
489
4489
1754
396
427
712
1502
245
320
359
1646
5365
2021
955
299
752
660
3022
311
522
925
535
2262
1633
5256
1144
305
926
453
633
492
151
147
155
2099
771
354
568
3087
919
1172
492
4054
1846
1353
524
645
221
361
3523
860
2832
2813
874
4098
2317
1289
727
608
503
391
213
4073
1342
1087
635
312
239
99
3947
1158
1234
797
1294
1274
831
133
3203
438
716
538
2796
2534
712
4533
294
1015
324
956
788
444
446
595
3106
350
840
434
556
594
1526
5338
2840
2132
955
284
580
3311
991
1061
1604
2053
619
4640
458
701
798
379
601
432
240
289
2532
623
742
1065
357
379
335
5828
2311
1718
764
473
258
492
315
4595
1113
865
2726
2012
701
4662
1860
1611
580
378
449
326
3166
333
418
725
686
1784
1257
425
336
4522
700
1059
992
946
440
3134
569
312
821
2684
2037
849
518
4050
963
612
838
616
1359
848
311
235
157
254
3343
268
644
995
1764
2518
635
482
4613
423
676
643
290
1476
1493
3814
1408
817
341
945
821
708
935
503
3532
251
291
582
243
568
292
2445
5233
1500
1689
615
412
383
501
478
4186
1403
601
174
152
348
1309
2988
1612
1605
1304
240
260
134
137
251
3569
302
171
116
815
2971
912
387
431
2681
8111
