49976
2251
85951
2176
46044
2096
31817
2072
27947
2543
29533
2415
56184
2137
17289
21007
2045
500930
395842
28811
2101
55231
1929
59882
1947
1458315
3561
2472203
4754040
1342953
6206932
5980720
6217330
3342386
5975315
10226136
8051241
6879564
2991775
9324275
9691924
33695
7046376
6650187
6226225
7831665
6572695
9279968
9354294
9378033
9083292
9298693
9253857
9323970
9454496
9694166
9626649
9105831
9360527
4385027
9454805
2398451
4739809
2455561
4716032
9711104
9578261
9810199
9583275
4588197
4687784
4869455
4665712
7420392
4773014
9578925
4716409
4560040
9450613
7125264
9812748
9485390
4775146
8996422
2295911
9369865
7404647
2420147
9426604
9825244
9617800
9601152
4742376
4614645
2379202
4621621
2426471
4604342
9556414
2428485
9452640
7324526
2445729
4640965
9754818
8638770
9352913
4568457
9304774
7377029
8964367
8972737
9176976
9111002
9396118
9245950
9084226
9500200
9191077
4706370
4812098
2449665
4585246
9541158
4754678
9649785
2415782
9606753
4764124
9508316
4884914
9556986
4656213
9544432
4628187
9115610
9155119
2376532
4742070
4969756
4585052
2370530
4729523
9766210
4838971
9695898
2405919
9579995
2459935
4793910
2435607
4632883
2394778
4701324
9731834
4858574
9705203
2454468
9620109
4872849
2435254
4728267
9744814
2447998
4886550
8958523
4260221
4527912
7095928
9439672
9588558
4812061
9321997
2441724
4766828
2497415
4816431
10005212
9363070
9714535
9915673
9922324
9744089
4656346
9375429
4867858
4706657
2423468
4665319
9676759
9711350
4696952
4512664
2315965
9471616
7267571
7236236
9601113
9659814
4714421
9458372
7417039
4790377
4763562
2363362
4673201
9495609
9612683
4698794
9503848
4602142
9375476
9683362
4414141
9424508
4501735
9527620
9481369
9057669
9394454
9164075
4496725
9588868
7179111
2438599
4733317
9574513
4866650
9334418
2457791
4773004
2507866
4555256
9409346
2477639
9241223
9335441
9460798
9464224
9176135
9197329
2273424
4167834
4597837
9442991
9141959
9384369
4654520
9341456
2140746
7252393
9517497
4852441
4690968
2428981
4603857
9636426
9443992
2450649
9559851
9374822
9342780
2406656
4720677
9292783
2475175
8997019
4607449
4519910
6851801
9379802
9513561
9629952
9495043
9128823
4414664
9397145
2416101
4681111
9649379
4585170
9411768
2416568
4765211
7221888
9532542
4872148
9431647
7255369
7206497
9412439
4788081
9894850
4737593
8998353
9232642
4614741
9362325
9650521
4596437
4714870
2393446
4739911
2332440
4653284
9627658
4837563
9541708
4811895
4780623
2428573
4664720
2415346
4612996
9645184
4857077
9708908
4914362
9582081
2401937
9588236
2374473
4549573
2418096
4568057
9583346
4514289
9179389
4809147
4596629
7318884
9406496
4720462
9751456
7189974
9461005
7341611
4781891
9564186
4813569
4724526
2447170
4794102
2458969
4587575
9579124
9570250
4604010
4546302
7190694
9510466
9180321
4319304
9352697
2428702
4699955
2468066
9760152
7170726
2395548
4653250
9611640
2464094
9305734
4758250
9537576
2472920
4594095
2449091
4753759
4836418
4711029
9735603
4693455
9696469
2426239
9580028
2495110
4713919
9594088
4505576
9659006
9310472
4673058
9253518
7184020
9534337
2330798
4502403
9380386
4522860
4673908
9421487
7286789
9554143
2442809
9646950
2536090
4822899
2497919
9552439
2419899
4665318
2454322
4690057
2440911
4750224
9549370
4932104
9483163
4859728
9572852
9358589
4547027
4578178
7180178
9413219
7177734
2448546
4664557
4966597
4682862
2395381
4582342
9652053
9377767
9405149
2395403
4637432
4779798
4678128
9738299
4759883
9454830
2459580
4617893
9597998
4888516
9680160
4651685
9389783
9077075
4763843
4550363
9533949
4599540
9633237
2374312
9516683
7260029
9505917
9865956
4647693
9622008
4860006
9573810
9704382
4732374
8887532
8951721
4695584
9381523
2364635
4646017
7509758
9042471
4192866
4520576
7187229
9367399
9321865
2447021
4786639
2439973
4723861
2492312
4769464
9541292
9557711
4735205
9845279
4624526
9451022
2474489
4652879
2400260
4634500
9622791
4748969
9648531
2480212
9639154
4770087
9390955
4587681
9278388
4563423
9504611
9607199
4764121
9599372
9726070
9674459
9628025
4696535
9485881
2402631
9542575
4808369
9383229
4669739
9456696
9662915
4559890
4744754
9571944
4869660
4888109
9773539
4625435
9493868
2446700
4786604
9805962
4643047
7288560
4752231
9199981
2367057
4683865
9551488
2407775
9480463
2458201
4742107
2487385
4801916
4931237
4663842
9733225
4621818
9634497
2441486
9509618
2460527
4816083
9727268
4614414
9643054
2435767
4707587
9692554
2395392
4781938
9317853
4757142
9594059
2402985
9577695
4887231
9700615
7292295
4803036
4666776
2417579
9405227
4848258
4770919
2390370
4702291
2463643
4732497
9701883
2449447
9330432
9803090
4655325
2231009
9763482
4689917
9654321
2410072
9518361
9737155
4662963
9536225
9498045
4675716
9514051
9676904
4877457
4610011
9583966
2436271
9232302
4787840
4805050
4878692
4870158
4779000
9549332
2455942
9597379
9711735
4665878
9629381
2371547
4691355
2444004
4659726
4806501
4695416
2486468
4700216
9487805
4913057
9358986
2362666
4764987
2445713
4689752
9603307
4798333
9695296
4522123
4561797
9745239
9259906
2393798
9601740
9751478
4656009
9580463
2463364
9614972
9677712
4653841
4683554
9640208
4821802
9545286
4741723
4569099
9583564
9516951
4723576
9663985
7222059
9496789
4833586
9683566
2374992
9563097
2398588
4694754
2433399
4754462
2467115
4660491
9572028
2465231
9470446
9753237
4774287
4575743
2392010
4756650
9582358
9654022
7303844
4729051
9541500
9705247
4832173
4810706
4976888
4762473
4770840
4709754
7239384
4769686
9767123
4692557
9792396
4631736
9599666
9706084
9556347
9807130
4726371
9646915
9962186
4678870
9531558
7298861
4907376
4716953
2353334
4688141
9518179
9643031
4857813
9734318
2305499
4694156
9504002
2430897
9352606
7318041
9360519
9685661
4729141
9358993
9279455
4419441
9389265
9692330
9318204
4380298
9460595
10030394
9377852
9176990
2372847
9582908
4777280
9455080
9672426
9355132
4763755
9428369
2426042
2247277
7265109
7306864
2431666
4644267
2423747
9546732
2476848
9737432
9664985
9488291
4387335
4754950
2366718
4682004
9504217
2457655
9291287
2468979
4784007
2476387
9495984
2410294
4683783
4896385
4688053
2403290
4669969
2423407
4805100
9659790
4749816
9638933
2453160
9413526
9726358
4868455
4596151
4806830
4776400
2411284
4623369
2447727
4779834
9628501
9637288
4662821
9494329
7207658
9496504
2435998
9552092
4900720
9588186
9651946
9529996
4743215
9521851
7205015
2429124
4680540
2389585
4703637
9583039
4810257
9605079
2437881
9634067
4750654
9695626
9491588
4622748
9507924
9541953
4568958
4501904
9769636
4644159
9599581
9852695
9491118
9534876
9480741
4622257
4594876
2417092
4736674
2364366
4644845
9673550
2441132
9495867
2433403
4701431
7247074
2483696
4662019
9484082
9795503
4744778
9467167
2480593
4803625
2474276
4863403
9830737
4641660
9513221
4860019
9492501
2464334
4735643
2470337
9721715
2468012
4723770
7395429
2410766
4668271
9651780
2454471
9426840
9869152
4578115
4784547
2467177
4602031
9733553
4784300
9449332
2422896
9200731
2362523
4696812
9906005
4653770
9518055
9786635
4567949
9618481
2386996
9697445
2398616
4669770
2430366
9651685
2427267
4767916
9730356
9428094
4580865
9561870
2424492
9652046
2495066
4685852
7328665
2480848
4644044
9580380
2453502
9395842
2422644
4691573
4787442
4703502
9691334
4711165
9549717
2422727
4767755
7273792
7126519
4851654
4668970
7215644
9640539
4418093
4625399
2430052
4636526
9590484
9558347
9560715
9519562
4719094
9503514
2354671
4709170
2459419
4625855
7321693
4744888
4904629
4629841
9722124
4625234
4761153
2416199
4696794
2358106
4629136
9568146
4736264
9557089
2397154
9252192
9584880
9604422
4629497
4502168
2410989
4672671
9636162
4870580
4690953
9404895
7251229
9448588
7173037
2471138
9735067
2371360
4668376
2423130
4713090
2496947
4823606
9645888
4652631
4605919
7150483
2016601
9662298
4563015
9628651
9901476
4888020
9836457
9538165
9565082
4712106
9461051
2401993
4560081
4823982
9432497
2411474
4673265
4794197
4682961
2433020
9557270
9890711
4755430
9539559
9697344
4871406
9279232
7290258
9571056
4595494
9506098
4439698
4455584
2381570
4697066
9507964
2495642
9303745
7140886
9345849
2442918
9421535
4879399
4622748
4914771
4681827
2476761
4625213
9612735
9570147
2398839
4682967
2387755
4604754
9584763
2363747
9578051
9270734
9476433
9300148
7165186
4789312
7225224
9554821
4685937
4676668
2406994
9663575
7240228
9565682
2434948
9571559
2445719
9454720
4397786
4638271
2374785
4772856
2406717
4791416
9453964
4747413
9598111
4812285
7095606
9628141
9685731
4854233
9300037
2381721
4699220
2424838
9520142
2453883
4637707
2439488
9617393
7359749
9677013
9406626
9696222
4713058
9453882
2377355
9446991
7241494
9584464
7312200
4760015
4612426
2435166
4666791
9505085
9813139
4765921
9446598
4884961
9238680
7279087
9633789
4744792
9529452
4759868
9578738
2404433
4657782
2429700
4691337
9938313
9378268
4746268
4773355
7103586
9204020
2361473
9446461
2465117
9562962
4851172
4660909
2373874
4706895
9693936
4650037
9632552
9633635
4405707
9423638
4728289
9730458
2403103
4779655
7390944
2523839
4821892
9551102
4770897
9517112
4649298
9515783
2478259
4766669
2413219
4658622
9775847
4638700
9638012
2399028
9580324
5018819
4607406
2464516
4607070
9651764
4794434
9788539
4378644
4717431
2389669
4647510
9624391
9290887
2472125
9608772
2347710
4716103
7206852
2425580
4796299
2434186
9706359
7322152
9700819
7262894
9437479
4781172
9644799
4933716
9889632
9693033
4820953
9597810
7417332
9546687
4647442
4551221
4902261
4792645
4900544
4684309
4875082
4689143
4799081
4726393
2413248
9522072
7268359
9597505
4633869
4572638
9673776
4651319
4741390
7256710
4545844
9550816
4749458
9508651
7303766
7217939
9563475
2429365
9429031
2446688
4739466
2458186
4725260
9587107
4708348
9741552
4817524
9204163
4813490
4648757
2398873
4645940
2409004
4810154
9594799
4866497
9716475
2399732
4709259
2409143
4710831
9775655
4693742
9660968
2465664
9561720
2469727
4642248
9616366
4828407
9465249
9414964
9677204
9404098
4406404
4733970
7275910
2441844
9516547
7353500
7262029
9304035
4741789
9715330
2383559
9494050
4617188
9615391
4849552
9738156
9682058
4769736
9762349
2446543
4813959
9438166
2454168
4782799
2477054
4878126
9556583
4843586
9934447
9675546
4721921
9554057
9679899
9709768
9676363
4697837
9496038
4899069
9498490
2428723
9439377
9672279
4661269
9612504
2371277
4525689
9488684
7136424
4678780
2425456
9436204
2396868
4611239
2384519
4698335
2484647
9597737
2514166
4586845
2448042
4629886
9702497
4871693
9382078
4781162
4642886
2397148
4675673
2369767
9577929
2446987
4599684
2418757
4659259
9691955
4974564
9670775
4815085
9691549
7311533
4650174
4660257
9680747
9509270
4637162
4584336
2371130
4680374
2404902
4692533
9585827
4771032
9596500
2464698
9488538
7255380
7264246
9728139
2390063
9535391
4859110
9618229
4831766
9645475
4726822
9530930
2394487
9549698
4747022
9537763
4869077
9493131
4727085
9589326
7206243
9557597
7299766
2433069
9654282
2463739
9611252
4622608
4580539
9629502
4648667
9585991
4512511
4646738
7189304
9395008
4615763
4577161
2438314
4677524
9473172
4844150
9529672
2436725
9508025
4682943
9755678
4634617
9688899
4769898
4631654
9692132
9718026
9660184
4697209
9445854
2429688
9708931
9531833
2418032
9501248
2452099
4597676
7412560
2405167
4726664
9478034
9896787
4756875
9751864
9521993
2512111
4613685
4845935
4689300
2429894
4689866
2395263
4717492
9680574
4846273
9421912
4578069
9705646
9656577
4829122
4523851
2425280
4738445
9620931
4778817
9734038
2415948
9540988
2482671
9738666
2412367
9532630
9486406
4720315
9475846
4644905
9643359
9931760
9464338
4565416
4672492
7212007
2417518
4612360
9521104
4762054
9546016
4870674
9637391
4681942
9432903
4657587
4558212
2423166
4678825
9503422
4737580
9625538
2437444
9592209
2390011
9552379
4815218
9659781
7307364
2417650
4656935
9791198
4680178
9476131
2445813
9688813
4860239
9447521
9779531
9363713
2386494
4652307
2407149
9581707
4824142
4633883
9675728
4851372
9474301
2424653
9695580
7505916
2410748
4614650
9353831
9705662
4753086
9460353
9469739
2376571
4665211
2491306
4774895
9537349
4807700
9771221
9757630
4838325
9608264
4929472
9560854
7221176
9382874
4800793
4665952
9390411
9314950
4861250
9519586
4846081
4710550
9460655
9375533
9564097
4691933
9458214
2355954
9448323
4707287
9653171
2448642
9740781
9406806
4715495
9386120
2416041
9298808
9679893
4721671
4626644
9693869
4660823
9544378
2427057
4733554
7243448
9676022
9629926
9572683
4505517
9637602
2404366
9565640
2447181
9437356
7227425
4655450
4829676
4674169
9729065
4689108
9517252
9709786
4632712
9597078
2450859
9638025
2340274
4671279
9493596
4853370
9652950
9734544
9570030
4650428
9608594
2466729
9472697
2447277
4654276
2388231
4686352
7281668
4686825
4864728
4653454
2400316
9622051
9673176
4697094
9535440
9567790
9492927
4587699
4547726
9703433
4844525
4806095
9746602
4655239
9625464
4800543
4823643
4642517
2441016
4643628
9497483
4927416
9444049
2450447
9525953
4924631
2365969
2405457
9424041
4624666
9568782
2437608
4624246
2468507
4805863
9527709
4768890
9673253
2485096
9253166
9422698
9615404
9536315
4649328
9505962
4540500
9597630
7153664
9553754
4649631
9646562
2440334
4483377
9502234
4540955
4500308
2438119
4684420
9794981
2498020
9407258
2401014
4672587
7408290
9554302
9432936
9568933
2393166
4633946
4822835
4639723
4889043
4653999
2452667
1924626
2625413
9446759
9461856
9236129
9094407
9394472
4446200
4610530
9736403
9435844
9079695
9059754
9228936
9134800
9399906
4384344
9384390
9172501
9656103
7175925
7255610
7374236
9554127
2421117
4542236
9452976
9200982
9450086
2446750
4604602
2389376
4654447
4862972
4587173
9671281
9610681
4738961
4677491
2440587
4797706
2513174
4589403
9576488
4852897
2071585
7310381
9638392
9614418
9497043
4741914
9472138
4818733
9577318
4862472
9495987
4946831
7259673
7397803
4654912
4895138
4737359
2398400
9596085
2437129
4778230
4827915
4755808
4805196
4711329
9664480
4677207
9751350
4603782
4793812
9646218
9417694
9467840
4628457
9519242
2430434
9467146
2445536
4624759
9735093
9490392
4786725
9616630
2435107
9461399
4529214
9371998
9652422
4485118
4748848
9638905
4766607
4794581
2431829
4725460
9625606
4793619
9554237
4778711
9435022
9758812
4831494
4686877
4908353
4637480
2391494
4669777
4682269
9687811
4761595
9377334
9677558
9677813
4796820
9424259
7270754
4885172
9406151
2388415
4645629
4872567
4758367
2351832
4744824
2391278
4698678
9572196
4781233
9598815
4583150
9470784
9804574
2356583
4635053
9447080
4787390
9528077
7278609
7329373
4894033
4667335
2454345
4667726
9582430
9595578
4824537
9569532
7325831
9491352
2396809
4743204
2391998
9468053
7381788
2456918
4811601
9085574
9252788
9056011
9083983
8889408
4519390
9049848
2277706
9036948
9283741
4441208
9095311
4613542
9157449
7003875
4604999
9265338
9243163
4710498
2127191
6999141
2253105
4472738
4718616
9128127
9375416
8952929
11137952
4648295
4552723
4583544
2296317
4466322
9184454
9305027
4603359
9227524
4564375
4412236
2358065
4505948
9108770
4671818
9230682
4662327
9262485
4469800
9295047
2361532
9168549
4521375
9082573
6873966
2343664
4453076
9011905
9115287
4674001
9087860
2225220
4497221
2208961
4496367
6982776
4462368
2356741
4470489
6936143
4536352
9251988
9151742
2366230
4588036
4644453
4565202
6902061
4468151
2279179
9111047
2307395
4537167
2349770
4525726
9280386
4655464
9094234
9092576
2335481
4521237
9232974
8833072
6881805
4490781
4424933
9320356
4501294
9301935
4683585
9170022
2385724
9150971
7126020
9145839
4603316
9297001
4507352
9154981
4616722
8987607
9292713
4487832
4594139
8944565
2329799
4442552
2263990
4443567
9089903
4552139
9151002
2254104
8945810
9101024
9161175
2337861
4457367
8939477
4616133
8882614
4553785
8942650
4548399
8998927
9374895
4684747
4470330
9275526
4615500
9196607
9253236
4551124
4441787
6952733
7047738
8999879
4575433
4539594
8909212
4627448
9138866
2370345
9120650
4564951
9138762
7100120
7044049
6890199
9109729
4710989
9019171
9149401
4599419
9130465
2335672
4475283
7052482
4640065
4472862
9326412
4349258
9288265
4660417
8951643
4475478
9128229
4643201
9059219
9126270
4729992
4441074
2363426
9217500
2301807
4458071
4746371
4630560
2323790
4470861
2282192
4564372
9170298
2300835
8878747
6846404
9289111
2279815
9098673
9327560
4601608
9131628
2357378
9022010
4681902
9170873
6972184
4433430
4431479
9409933
4484562
9075967
9346922
4585138
9120636
9005427
4650684
9049886
4594877
9037979
9433913
4587810
9136279
2361985
4575998
4654330
4440966
2337111
4438974
2362122
4295621
9064581
4698283
8878078
6992152
4498476
4398218
2371364
4487631
9068258
2320356
9067083
9305928
4418886
9169403
2332320
9096016
4449654
4397080
2293050
4436193
9102292
2327259
6722985
9157907
9263406
4440434
4379231
2336131
4401087
6981176
8891342
2398209
4642393
9207200
4534772
9271791
6988559
2370489
9198430
2388542
4496273
2348235
9132724
4654710
9042543
9160215
4571930
9182939
4727618
9095270
2341117
9012468
4435117
9150135
9187809
9344460
4619779
4508383
9199811
4473780
9084545
2336834
9018234
9126704
9059463
4431917
9269522
6942984
4766773
4488615
9263593
4506208
9073498
9131936
4509197
4403433
9156318
2310517
4569631
2296095
4573824
9070566
9301441
4548823
9186009
2342398
4552060
6934269
2317189
4624487
9178527
2276884
9086086
6913259
9074602
2305907
9090280
6901741
4650401
4427079
2282325
9115713
6914702
9088878
8977531
9215292
4475341
4388085
4580712
4588350
2312320
4494143
4703882
2324040
8888133
9300661
4567899
4626440
2200670
4532349
9128179
4602531
9096183
9280487
4529647
9100574
9133336
9065048
4630884
9166796
4604211
9057709
6922042
4476437
4462206
9115665
2307957
9015522
6898250
9101840
9053270
4646832
9189082
2367284
4436388
9178603
9035321
4426477
4468625
4657429
9106786
7012763
2291895
4485659
4651308
4429515
4587387
272496
8880768
9242611
4556524
9174194
2376122
4404264
9127594
2360479
9059423
9146474
9153325
4467948
4408158
2193557
4332372
9295926
9183974
9050008
9236530
2359315
9176196
4266876
4467582
4640202
4492273
2351989
4394996
9151573
9253603
4615314
9134490
2341901
8860092
9106070
4587869
9011366
2360911
9272632
2309245
4422435
2310117
4583131
9050562
4564952
2322230
9206507
4503795
4387428
2305351
4495714
9018971
4597742
9328578
2305446
9105444
9141120
8899872
6865842
2387990
4522712
9015690
4467703
9142788
2357492
9109395
9266251
4672652
4423404
2363205
4450448
7017422
9089026
4641814
9003353
2339838
4393629
9036162
2285546
4401293
2347892
4541837
2333458
4641723
9085932
9360140
4553059
9220218
2255387
4438957
9282540
9074290
4485932
9101503
7175223
4545409
9279796
9225344
4481936
4393749
4695497
4478827
2336583
4486795
6879537
9010833
4610018
9078235
2326531
9103337
4744225
9098240
2356769
4458407
9205162
9170083
4510623
4232526
2354249
4576878
8995770
9150674
4531572
9119923
2287502
4487798
4613556
4441806
6824294
9135366
2369159
4461745
4660238
4598074
6931311
2298479
4392545
8896472
4561241
9273041
2370497
9212365
9104779
4481673
9159891
7201121
4692457
4400125
2265503
4584207
9071743
2356097
9014944
4356054
9148560
2227514
9214993
2268590
4422402
9275987
4498956
9143244
4726190
4492079
9121652
9377685
4459346
9212010
2306149
9216290
4520582
8969691
4536452
9007449
2314992
9198157
4573312
9077511
6978463
9112379
9257275
4575104
9198253
2389038
9213502
9316613
9029420
4612432
8974625
9290222
9035608
9074778
4554727
9185942
4657274
9033849
2304796
4475053
2280185
4604095
2399827
4462707
9040609
4512697
9260969
4553198
4333576
9209735
8922681
9166276
4610998
9189973
9268606
4509905
8997391
9270210
9142087
9070069
4531331
9107642
2379410
9070983
2382250
4479966
2276218
9081505
2325352
4443677
2282146
4498906
9111928
4701990
4534975
9090733
9182531
4457062
4471958
4574492
4418804
6945321
8976670
9333160
4353829
9138354
6898663
9018912
4591659
4487135
9077586
4656654
4624699
9300876
9137898
4519851
9012471
4576810
9173750
2360073
4394918
4638245
4486047
2340541
4518564
6943081
4386637
4691956
4436992
2335912
4496212
9153606
9128977
4557450
9198218
2312530
4484105
6995391
9125629
4600125
9172169
8866315
4566289
9066899
2350583
9192856
4691240
9194453
2329877
4415769
6895673
9326332
4480786
4620132
9317497
4443877
9169642
2308830
9190194
4582378
9064720
6878145
4626260
8971757
4719676
8849830
2290992
9206732
6873218
2311186
4590235
2299668
4451764
9124296
4668684
9100771
6854650
4541339
4430360
9214439
9117612
4567224
9174872
2296019
4390008
9225141
2364729
8976515
9310615
2362240
4549931
2364663
4490750
2301389
4548156
9039277
4670498
9099016
7074171
2286862
4555708
9018603
2319101
9127967
2284528
4557084
4670178
4576041
2319582
9107564
6970238
9095875
4475493
4375178
2356603
4529092
9258146
4498762
9173503
2289630
9019416
4554685
9206000
2372432
9233830
9136869
4521032
9331304
4515585
9216622
4555037
9209068
6815362
2288321
4593303
9081693
2240251
8936559
2258548
4534215
2272645
4400829
7052888
4510928
2280142
4357147
6880031
4535123
4665217
4579113
2321820
4531813
6866205
4536820
2311552
4552925
6811370
4582717
2276926
4514790
9342390
4642753
9247277
6972567
4529495
9064560
4528302
9059635
2282214
9156804
6938954
2303412
4510469
4644713
4437233
4672838
4480271
4632848
4540893
2342752
4504752
9097272
2359937
9047034
4524553
9198968
9280320
4473641
4600402
2336572
4597057
2311770
4509691
9154666
9241799
4586945
8995789
6920777
2333992
4451267
2342031
9121210
2284418
4531151
2425683
4503864
9129370
2334706
8822314
2340156
4538074
9023496
2310086
9056632
2372624
9221561
7098763
2345342
4523509
8890193
4554180
9215925
2312906
9073344
9253045
2416384
4692279
7004225
9021839
9253758
9128086
2255965
4542048
9015301
4614149
9199887
7019625
6935467
8892265
2312352
4523635
8938923
4601076
9216412
2349541
8931022
4591296
4458093
9263180
9177123
4473997
4570900
4597110
4544988
7014319
8890372
4532809
9249032
9318872
9172822
4580727
9216771
4566559
9155020
7027594
2290994
4463629
9197523
4468271
9259088
2314223
8983373
2340405
9306092
2315329
9139853
4556781
9039948
6993939
2369353
4539903
4603845
4550544
2298862
4448717
9110307
2388784
6891967
2309931
4569071
2314980
4569649
9094837
2279357
9011098
2339533
4604613
9270852
4352435
9173659
4454407
9253055
7025614
4555451
9089590
2373575
9099207
2376433
9016611
2339733
4459826
8993100
4632847
9197293
7045509
2252010
4638914
4703961
4566343
9311720
4507954
9171823
4433347
9289825
2337937
4480437
9080777
4591437
9049004
4284680
6948828
8965223
2281208
8925886
4496104
9239679
4590003
4582173
7019749
2323732
4446700
9253887
4607339
9192815
2287092
4467447
2315128
4468771
9069211
6763736
4363006
9111500
9164184
4584075
8974466
2236849
4438951
2365884
4432921
7009340
4552994
6928056
6995282
9000440
9052362
4590375
9120915
2366635
4399948
9021350
9275103
4625382
9133772
4596891
8953567
9069835
4380874
9208098
2265124
9014015
2355726
9148466
9358177
4665213
9145609
2385584
4478653
8942644
9188669
9404626
4278975
9190647
4392935
9175440
4700905
4464881
6959505
9269200
2266423
4308783
7068719
9090939
4597723
9023358
6983075
8982309
4433298
9248935
2317718
4385436
2250960
4386796
9105597
4541324
9269243
2367305
4579318
7073300
8895026
9225400
9226456
9323981
9030446
4451425
4478738
6965051
4452947
2282682
4444387
6976834
9283136
2277411
9118339
7016047
9140824
4444044
9116810
4543643
9132383
2357167
9199381
2350241
4512656
2416150
4469304
2404327
4440090
4630847
8998583
9284678
4533830
9166781
4548815
4626462
7066327
8837527
9284363
4504558
9168863
6849231
8915107
9116520
9389546
9103251
4626045
9310723
4453180
9364587
4436365
9167426
4591588
8842550
7010219
2278446
4587852
2275049
4542593
9095841
9276621
4578276
9083749
4516841
9060763
4729540
9134448
2393561
9165097
4688995
9143876
4793364
9097755
4603172
9132636
4552998
9090637
4653908
9112512
9327462
4616179
9110928
2306407
9085157
2333640
9201147
2351890
9071760
2394414
8855814
4478212
4498158
2285786
9025998
2299830
4458900
4604743
4593317
9075881
4498021
9063301
8843033
11070817
5485499
5529266
2842215
5627804
11477247
5707564
11523344
8661005
5698698
5663778
11473816
2815109
5470549
2835282
5567888
5756710
5658538
2909110
5775754
11347792
5618765
11602161
2897043
11769360
11457471
11475322
5547037
11599058
5609886
11205625
2813453
5597401
11722983
5550960
11272349
8721461
5431208
2957477
5722086
2876966
5657942
11524290
11799713
11553048
5652517
11390090
2826078
5476927
11450621
11173733
5666425
11563957
2856893
5642853
8970939
2962684
5677554
11453208
5670569
11739873
11618144
5461203
11204145
11920343
5798561
11292740
2832287
11375857
11472931
11431943
5594831
11364358
2904706
5699586
11559069
5802895
11500102
11810858
5566770
11032495
2740225
2888903
11338054
11626224
2836338
5872322
5532188
11491718
5833496
11389645
2862517
5655854
8873413
11347940
11666270
5656015
11373849
5531298
11587999
2470588
5443053
11199261
5479242
11524345
5798858
11669974
2856584
11469017
2875939
5682861
2913907
5730568
11543196
5531571
11549459
5891691
11698809
11317580
5537117
11356401
2829266
5641342
11255945
11588114
5875179
11203224
5537259
11438837
8714322
11384053
11769611
5884404
11654469
2917557
5604354
2853832
5627829
8761346
5618988
5773729
5640333
11753480
5587796
11498769
11784558
5553990
11577757
2888635
11675629
11532682
11390798
11114552
5702250
11513371
8742166
11685712
5727310
11521405
11442274
11689528
5972544
11325267
5256470
11571520
2891772
11617094
2942346
5795565
2901827
5575286
2864060
11529063
5837461
5653641
2923158
2960525
5679504
11747080
5567334
11503111
11750977
5622128
11567478
11417655
11567813
2877056
11489805
11400750
2849358
5670137
5861538
11595562
11757004
11688877
11284583
5415706
11356334
2822847
5627803
11696986
5703474
11623705
5693496
11623437
8749517
2878553
11465595
11543072
5612674
11818988
5973579
11763260
11771903
5588544
2891720
11480709
2861319
5685027
2999889
5697019
11554665
5716719
11707406
2967739
11673742
2872441
5583660
2863239
5640574
8788017
11523440
2967988
11276485
8726430
11524201
2884801
11423220
2818516
5663161
11410705
2936757
11217363
8649912
11308966
5786379
11640640
5700575
11467676
5920132
11698853
11900895
5752338
11415158
2938244
11652115
2952805
5766296
11717432
5827783
11823906
5843256
5639156
2847003
5638599
11746244
11148048
8628528
5545791
5450456
2844129
5588307
11546030
11520189
5688032
11503157
8693390
11283435
5792861
11678927
5938214
11588448
5862574
2851243
5676553
11472844
11915881
5379914
11513130
2920211
11522917
5699708
11585021
11962376
5482075
11220535
5479541
5516811
8879317
11578033
11355380
5531982
5551918
5848206
11580126
5929275
11582221
8793616
11512764
11610842
5656753
11675904
5635531
11440621
2851894
5647988
12025986
5676787
11325165
5509662
11576585
5790865
11531014
5626965
11560583
11728351
11692400
11597713
5347449
11561036
5591079
11477173
5618003
11649206
2895954
11539247
11623687
5511991
11503069
2881879
11685795
3045453
5650837
11149448
11559864
5692062
2683985
9043350
11593565
5471354
11187666
11166337
11695694
5634555
11589063
2821039
5603446
5792857
5655446
2881217
5693022
11927001
5834939
5713754
5451526
5648324
5989817
11717965
11860135
11506802
5688602
11446097
3009863
5686691
2903522
5635974
2881457
5632306
11520093
2866168
11332765
11535148
5622477
5698922
2845153
5558817
11425741
2857040
11513502
5617170
11737198
2867792
5603591
11523707
11703815
5545809
11568814
5876444
11800476
2949991
11597445
8630463
5899435
11608454
11794691
2838220
5758671
5678054
2980040
11479075
2872290
5667842
2894385
11515404
2860340
5641064
5835951
5696817
2919414
11691167
2982882
5599072
11698172
11551360
5753373
11424284
8799705
11527747
5614359
11558861
5897535
11446560
2848786
5610446
2874329
5675215
2912365
5743967
11888440
3012194
11238236
2856365
5680036
5844345
5706653
8807777
5534886
5581848
5668534
2892314
5711983
5943223
5820551
2957598
5592304
11379686
5643708
11586956
2843992
5611720
11710606
5615427
11857042
5940689
11344057
5952614
11483150
5758350
11745942
2917265
11493885
8773836
11715219
5552457
11660685
2976147
5748052
11755008
11496210
5712825
11602509
11474941
11391992
5441956
11647613
2946729
11511985
11746567
5462538
5811545
2947389
5865924
8644481
11580291
5678944
11605351
3011396
5729860
2908590
5677949
3015551
5768595
11621079
5755230
11887234
2930512
11543394
11430199
5682602
11440726
2880610
11600258
2926993
5809531
3000483
5629222
8654884
2849224
5631447
11536138
11697969
11521401
5649659
11480469
5703545
11627538
8977785
2885307
5613891
2869601
5634124
11777504
11622174
5766238
11547903
2879070
5659488
11772889
5677216
11463282
5447297
2739283
11604307
2871419
11732122
3068312
5563074
5740609
5608910
2855299
5658783
11790926
11662546
11510048
5552625
11219340
2808018
5594959
11543320
5776330
11502235
11633266
5639591
11597426
5752672
11688179
5677685
2799298
5642231
11578108
11654197
5643412
11569659
8940174
5850651
5547968
2801515
5589810
11507190
2859517
11523158
11566563
5521538
11570402
2945997
11349430
5505638
11610691
2892065
11640594
5732444
5309343
11812420
11430937
5567050
11493012
2895171
11309227
5379480
5645194
2888084
5679679
11546160
5724873
11655337
11624065
5620784
11638305
11563927
5707978
11511790
2902026
5729370
2990229
5847500
11543552
5571119
11626536
5872737
11620893
2883715
11382585
5596120
5519201
11684118
5617894
11600357
5804775
5548514
5585456
11918153
2818714
5883286
11419807
2554429
8797403
2861637
5642537
11330721
5795774
11727334
2878329
5617689
2872890
5639308
2885409
11459643
2882382
5589643
2822437
11512529
2888745
5718673
2955661
5742183
2851650
5605801
11671640
5829288
11677708
2895141
11563040
2924470
5766277
3003000
11486598
5944876
11598367
2851903
5605300
2875966
5665621
11718142
5563077
11641634
2895801
11433446
11398490
5531106
11535682
11628239
5690964
11650282
5952210
11328395
2836863
5628486
8742897
11717474
5564680
5451528
2830001
5594372
11529079
5734655
11643510
2919846
11600240
5702629
11933439
5746550
11393077
2919862
11590395
2874059
5649346
8771825
8826739
11345375
5608408
11606568
11788700
5815837
5594156
11510079
11471491
5596729
11470325
3004941
11466397
11757031
11539564
5794121
11552308
11701270
5613589
11750597
11022283
5505291
8571118
2842401
5698572
5702783
5650541
2972348
5700428
11520922
5853638
11530311
2906511
11559164
11519432
11475134
5647087
11553961
5783668
11663924
2896193
5601986
2881902
5731550
8508459
11291163
5696384
11163669
11269242
11482702
5572303
11512035
5842123
11609256
2916583
11514778
5799156
11559441
2867978
5650691
5775667
5660419
2888239
5596801
5803672
11519823
2866196
5694761
11833661
5548115
11387378
11688889
5610699
11502809
11662725
2847033
5721721
8857987
11424703
2939480
11578628
2910067
11506984
2858303
11536400
2937950
5820523
11642367
5455009
11577356
2900526
5795959
2959131
5684809
2899295
5749034
11607739
5771775
11744727
2878960
11515264
2847187
5577037
8799961
11648752
11731647
5500862
11444057
8682932
2855710
11581272
11714031
8715744
3055968
11597293
5542264
11587738
2857842
11444774
11562687
5636973
11631675
11519565
2920701
5712678
11305827
5760616
11795330
2939234
11570865
8826856
2763939
5672913
2936383
5782660
11357624
5599437
11533441
5539743
5460518
2907544
5785276
2933062
5551087
11664250
11565083
5686826
11464452
11224976
2880265
5692250
2905539
5778521
2996575
5654390
11372214
5642862
11702147
2920713
11832611
2960031
5680971
8769520
11592589
2907906
5715646
2931127
5721845
5854037
5744113
12066614
8654049
2781401
5564324
11276510
5721940
11643339
2880233
11558424
11432639
11492655
11594205
5299224
11668921
2885440
11246903
11299833
5442716
11584576
5480606
11810304
3021834
5729469
3053585
5756317
2929080
5586013
11470417
11702229
5676051
11600530
2892384
5707382
2915776
5674818
2882461
5679714
11604445
5666740
11583600
5609140
5726244
8696882
11242194
5691579
11542846
5582069
11691735
2706684
11812516
5712364
11435091
11531495
11615064
2925346
5711860
5864287
5746662
5855000
5691180
2944672
5819805
8896741
11116602
11813671
11774534
5551469
11653034
5802695
11591496
5663287
11604329
11646628
5663856
5533573
2959551
5727838
8850603
11238565
2856339
11415343
12034389
5855653
11375763
5405733
11334438
2853246
11657632
2994533
11358018
2825468
5669631
11729612
5528219
11482424
2898902
5786096
11984904
5555367
11303882
8857512
11318124
2867649
11398278
2871747
5644131
2946810
5705656
5817515
5548029
5867315
5655053
2869104
5730173
11667713
11851124
11475576
5556145
11627437
5905979
11439542
11958154
5762119
11461437
11672087
5815712
5710481
11693882
2906470
11591352
2907440
5673900
2929600
5781805
2919911
5783305
11758544
5739404
11568909
11466496
2842987
5652202
2851397
5566533
5736172
5623480
5824393
5707124
2950915
5605844
11505174
5829182
11532065
11681833
11500355
2889436
5715527
11751361
5573667
11572900
2939843
5849219
6009896
5676802
5814642
5698605
5877284
5630535
11853501
5641450
2893622
5685745
2969788
5603635
2876513
5593873
11600902
11809450
5664469
11555020
2955509
5681159
11527229
5733388
11748879
11910630
5762373
11319993
2856408
11603515
2976777
5542139
11342561
5741901
11589539
2910459
11631643
11511905
5750016
11516979
8823628
11354455
5803899
11346859
11996195
5685244
11526500
11564947
5930266
5833829
11365752
11401637
2808654
5644397
11312157
2870245
11452499
2928280
5666933
5812123
5654677
2907989
11706661
2934708
5566141
5735632
5615513
8714404
2956566
5651855
11495951
2867753
11421193
8979693
2997589
5581765
2854913
11340133
8765718
2905471
5659252
2859368
5600781
2849086
5622433
11556855
5695242
11612587
2866396
11511879
11530143
5704048
5670135
2854516
5606920
11507856
2979844
11457727
5829361
11520048
11721315
5473197
11470246
11657800
11495279
5503077
11709460
6052531
11204887
11669743
5577231
11491352
8706135
2885655
5728174
2970860
5816076
3027837
5544555
11357386
5758276
11372108
5717153
11590619
2831993
11400199
2787977
5626770
11476094
2971069
11193716
2850924
5642663
2874185
5673600
5868051
5670355
8831141
11358562
5701314
11671825
5873580
11577358
11548534
5683730
11658529
2875443
11439634
5525093
5546333
5950172
5859050
2812789
5527647
11268177
11614310
5611597
11501542
2936129
5665782
11942768
5603428
11497314
2882354
5688310
8694704
11670915
11399475
5482455
11737119
11531995
8822424
5871286
5736280
5510194
5439813
11566935
5678210
11659666
11559102
5531216
11560943
5884719
11531167
5496252
11438048
2908584
5656970
11495336
5705788
11644878
11707610
11560236
5611371
11457035
2883154
11889061
2958710
5646209
11556794
5656613
11651489
2881482
11485925
11504781
5634309
11392726
2835531
5670147
2906076
5782542
11715457
5491528
11512582
2862040
11495441
2897595
5665373
8878849
8874598
2891741
5688592
11839701
11262463
8852168
2882220
5646791
5816493
5764203
11695184
5568660
11497389
5663741
11460552
11500679
5756832
11699424
5616121
11336483
2855088
5692522
2923006
5639859
11845060
5597249
2794326
2812014
5611914
11302573
2940615
11332364
5569041
11466945
11683104
11389144
11629834
5585487
11582212
11671016
5797720
5811399
2885892
5789764
11691914
5497968
11493268
3095219
11341776
2796338
5643918
2919721
11575648
5852970
11661009
2918926
5761553
2943543
5734651
3072906
5716772
11569801
11663059
11722538
5519031
11478961
8745876
2879220
5610785
11349311
5711705
11780522
8778113
5921309
11309104
11609660
5754586
5614582
5764948
5643288
2881962
5627663
11750352
5567862
11532555
11425666
5701206
11674823
5608592
11564808
5602269
11768494
3056586
11635440
5848555
2903299
8605745
5846176
11572360
5496301
11514968
11578484
5580203
5539516
2885760
5721943
2910244
5656406
11595507
11786174
5786850
8672672
11503785
2513163
11414811
5741864
11589897
2991233
11643696
3009501
5727229
5827863
11702361
2900748
11470462
2856292
5621077
2887901
5725835
2845912
5573418
11440902
5689199
11634312
5696249
11574251
8799245
2861586
5627765
5761397
5629831
2868381
5696981
2902664
5620277
11592779
5625356
11592209
5758556
11613482
8706475
5778307
11553636
11690991
5774647
11525932
2855148
5627194
11703996
5524763
11448994
11459855
11660581
5696489
5485065
2834102
5705495
11620244
2861298
11342019
11787097
5761035
11464883
5384508
5698135
11602784
11456508
2844733
11371096
5512130
11582983
11636448
11385458
5824240
11488928
8762498
11766172
5542757
11521027
2820605
11736225
5645279
11343572
5467517
11569096
11829729
11484018
5281257
11370586
2845041
11411655
5428750
5468907
2850052
5594604
11627931
2938787
11176169
5442897
5515781
2871451
5689712
11431909
5742549
11673492
5531397
11465498
8889188
11595513
11661060
11549980
5863504
11357039
11421067
5622133
11642065
5738357
11551893
2909057
11597549
2632633
2860976
11398525
2896956
5596518
8665187
5835419
5686349
2897829
5807596
11645503
5698501
11648527
11599076
5658105
11545185
9018423
11510924
8624416
11840617
5565358
11383997
2946807
11485581
2984529
5724731
2930080
5668745
2908625
5711589
11662985
5770318
11715066
2913736
11619929
11712937
5771658
11628002
5663971
11435031
2975692
11728032
5554625
11498019
5570419
5770509
8928356
8742461
8381621
2859101
5776534
2933958
5813683
3002125
5539336
11327657
5656099
11661589
11442112
5450953
5458468
2846346
5677558
11502711
2869164
11390144
11541833
8761854
2847800
5691739
9011813
5738603
2858242
5549265
8798078
5694611
11860995
5619484
11440506
5273415
10817563
5489794
10467449
10204429
8228116
8223793
10686244
8290658
5370093
5523304
11420780
10835382
5648894
10538117
2600941
5050472
2392220
2746255
5154045
10400585
11048803
5264565
10523634
2657477
5161385
8074613
11458764
10318782
5293582
5239947
10444829
10865757
5379232
10734728
2723553
5425541
2708127
5203702
2667628
5293319
10423146
2696291
10523255
5030638
5226061
2854996
5180777
10997343
5312489
11066666
4995381
10753529
10858463
5178864
10977560
2726693
5322971
5327350
10651890
2733871
5263029
8293715
2740592
5354815
10854151
5500222
11064263
8016638
2694180
5292814
10684986
2780262
10671005
10800064
5200601
10627396
5557668
10863287
10876656
5194040
10664853
2750149
10553357
11069059
5316486
10665717
2701004
10691631
2754691
11228018
2714080
5205403
2794720
5597423
2955447
5284843
10426761
5257276
10919873
11293368
5337353
10890178
10441702
5379945
10992822
2706229
5201010
2751980
5258613
8425965
10410996
2718460
8382377
11094200
5448967
5215956
2733079
5265781
10541378
5354781
11269328
5257934
5267350
2826569
5503086
10522567
2618607
10614494
5466095
10789910
5059674
10384291
8036817
10473804
5654448
10900538
10268843
10666821
5299557
10824581
11095133
5268537
10932297
5438384
5438083
8602687
11015350
10712779
5169763
5200661
2862796
5441825
8037703
10365797
5411958
10827764
2745992
10793274
2735025
5308761
10872123
5401391
10481171
5340717
11330513
2704198
10946462
2848029
5458930
5723334
5190382
11037170
5608472
10754065
5279609
10595815
5351774
10797762
2741595
5492238
5554086
5464380
8101992
2640329
5300950
11276451
2701363
10724442
2689704
5072992
10856175
10786257
10845530
10732718
5266650
10418573
2748903
5243966
10865101
2755319
10582331
10554719
5250222
5468679
5183819
5158176
10881910
5027942
10803924
2967965
5400386
2761663
5411492
10598824
5436030
11037944
5290637
5156666
2806008
5486578
2813158
10557291
5557402
10411185
2744210
10726665
10641042
5475583
11150810
10850263
5266610
5285188
2792671
5326751
10880344
10258835
11150839
5254558
10482990
5347281
10891521
2749375
5163597
5346560
2762240
5550182
5430577
5103730
2634836
5183923
10908192
5562284
11035969
5469986
10422135
2714066
5221044
8457362
2747080
5319658
10885302
11123965
5225405
10366058
2602389
5273528
10811572
11267330
5227300
10846580
5047916
11403582
2737269
5249689
10798254
5197120
10568523
2792549
11173911
5021985
10594962
5453765
5237887
2684590
5193746
10734862
2764886
10674583
5754594
10585893
2762234
5370919
5489852
5236421
2836639
5572953
8122069
10537335
11416962
2614184
2713138
10638649
10794504
5083686
5146727
8131177
10885276
5493539
5405993
5634091
5439102
5395865
5123351
10827221
11017595
5429001
10664516
5370339
10874810
8692253
5092716
5057520
2609716
5144107
10920834
10855282
5441978
10951319
2856202
10808183
2725349
10885267
8207129
10782662
2775471
5409767
2691716
5079342
8197047
10509920
5495016
10655732
7967602
2679464
5199152
10786210
2806266
11122329
8178953
2790101
5299830
2743641
5068412
10405439
5787498
5468760
10515588
8103248
10461500
11161804
5418259
10856118
5577559
11087304
8228224
10590845
2689150
5174311
8258270
2701067
5318045
10844930
5356506
11070336
5113490
11395885
7932764
5390198
5195553
10659045
5535797
11053008
5552285
10735063
2706528
5356174
2956470
5326740
11263100
11322884
5313501
10552771
5429873
10645112
5432105
10800424
10945485
11024618
10676871
5536529
5330104
10834049
5310509
10795255
2825024
5573345
10990057
10632898
11148975
5278350
4997426
8109255
2694583
5273935
10865218
2718892
10154094
2662022
5119920
2693480
5267971
2829799
5557808
10392914
5361488
10892807
5659265
5123898
2664698
5227567
10834271
5379358
10959621
2745049
10635185
2726348
5295797
2863955
5421516
8290250
5184089
5184541
10401600
2640011
5337713
2968328
5499150
8018708
10400883
5557319
10543383
8462334
8281643
10696461
10875141
5330803
10931600
2758235
5144234
2709652
5144665
8385136
5533965
2738595
5168957
8269006
5102574
5362058
5437451
2895293
5500087
11013925
10999464
5343955
10349379
5419235
11241706
2697969
10544790
8235549
5429633
5107237
2709188
5336630
8503697
10510720
2719477
11026856
10619462
8102872
10822871
5213124
10918516
11404864
10668428
10880849
10752535
10857852
10972793
5187390
5057244
2750881
5335682
2738738
5250045
11114461
5313043
10796825
2675510
10650002
8173134
10640762
5589166
11029856
10914146
5251872
10730214
2641222
2796825
10593739
8223400
2788031
5471765
2853406
5429564
8265559
10338242
10633627
5527149
11063743
2832350
5427214
2826904
5576605
2723504
10602206
2819829
2829939
5238680
2705803
5321334
5738634
5322637
2801803
5100626
10623689
5497501
10821663
5193921
10688252
2747832
10683666
10877550
10733574
11092068
5390858
10493004
5477554
11033131
5287695
10706035
10725851
2766039
5274599
10910995
10644494
5403093
10829976
5428463
10789752
5678216
10390149
5408949
5157365
11029378
2690495
10523449
2731228
5532465
11176014
5293298
5105507
2686786
5334190
2523731
5394346
5086969
2753942
5211265
10469007
2798251
5648641
5540197
10604201
2836208
5621788
5477446
5175941
2759787
10558163
2725782
2816154
5319325
2802057
5334772
10872883
5397711
11189504
10901194
5285898
11169235
11026138
5240248
10645395
5700290
10815193
5343679
10670491
5548096
5513854
5238539
11050954
5316375
10870151
8409640
10689485
11016179
5441465
10655318
2690084
5177190
10723171
2736269
10653258
2699820
10663770
5227304
11162599
2742931
10642569
5467149
10968613
2796636
5188502
2710273
10894476
10749618
5246940
11014097
2718654
10688527
5387879
10757399
5785244
10660078
5400791
10604438
8209494
5476502
5313783
2852454
5267105
10617210
5352366
10969957
8331143
2683235
5149955
10833283
2696492
10596203
5653749
5591325
5314327
2832513
5419458
11245734
10795126
5325449
5498415
13460045
5173504
10741383
10753672
2793292
5267568
10852275
2715118
10655069
2980136
5373821
11242576
5503293
10679420
8077039
10452021
10985042
5478050
10400956
11348300
10691231
5360229
10499565
5291322
10513563
8264982
2640108
5035080
2565768
5102508
5487195
5164771
8254149
5396921
5474738
5248903
5520094
5277928
5403360
5327111
2716875
5184457
8314728
10730608
5546559
10678890
5434586
10641225
10739457
4998125
10513072
10658763
5012161
5021753
2691360
5322091
11009739
10591789
11181194
4925373
10613016
2741098
5332604
2788086
5413674
2732862
5247294
10558955
5408509
10618366
11355651
5244213
10521094
2787917
5181654
11176151
5377956
5117547
2737798
5336142
11189338
5255661
10770081
2714386
5089866
8016042
2805789
5689868
10544934
10726791
5371202
10622840
8135499
2420427
10802355
5600126
10981070
10643612
11169959
5515457
10754422
2814944
5202334
10976589
5238800
10718798
2730590
5372025
11165465
5334102
5097729
2731725
5130828
10903000
11126444
5442560
10729153
5199603
10787533
5485456
5467590
10865851
11086174
10636464
2839861
10739122
10965859
5351450
10937668
5627516
11183334
2774413
10958156
5462043
5201873
5398124
5347719
2730553
2723069
5188125
2634804
5135502
10695800
5468022
10712396
2764852
10422618
8296380
10642115
5233183
10675821
5444430
5228329
2728854
5294511
2794633
5486090
10576863
10957198
10933211
2855690
10631958
5597231
10922922
2632156
10443450
2759589
10696556
5490577
10990286
10830602
5306175
11222956
5237565
10558264
5424221
10778170
2734056
5364820
2738885
5321841
8280301
5284045
11202885
5122938
10484424
11048542
5096601
10509679
5422111
10972732
5272865
5195045
2717691
10543193
5719452
5467971
2615805
5339246
2770952
5341206
10548984
5420308
5388504
11059437
2701813
10791960
5126943
11168565
10210697
5320813
10625895
5124449
10750225
5432803
11080234
8263983
5140303
5045339
2710014
5325365
10977153
5298874
10517979
2904469
10619356
10722023
11106547
5458376
11003744
5453229
10666256
5155485
5133665
11163706
10718189
5392259
10827781
2690636
5340709
2746915
8173164
5353000
5762158
5300324
2652223
5080418
10774208
5295576
10989275
11077683
5289595
11129417
2779773
10531842
8410887
5404824
5313840
5765416
5347830
7877605
10530696
5574707
10779728
8180057
10422138
2866088
10653636
10610794
5258588
11157027
2912208
10748933
2774435
5548056
2745434
10767566
8130166
11042511
10776436
5056252
10643926
2754529
5302260
8413433
10543135
5736262
5474071
8094995
10710486
2681280
10651183
8345629
10967000
5208485
10907889
5640535
5284146
5370457
5265205
2734092
5275020
8481713
10344125
5266963
10785206
2745645
10933592
5229314
10940274
2716952
10862531
2769734
10734448
2671663
5135947
5583890
5532267
5435305
5233872
2775803
10952184
5400991
10692672
10742167
11033548
5323328
5254913
2703676
5493397
5571290
5163330
2631377
5082980
10814479
5302303
10649703
10935864
5357707
10713428
5502699
10866403
2720941
10839991
5117960
11007030
5353566
11117046
8301664
10518482
5589695
5344489
11158503
2739060
10750496
11143803
10417278
5447496
5364368
2808728
5365686
5435126
5197310
2751479
5391269
11076078
5529543
10855633
5219886
5115437
5412724
5494926
5529153
5183279
8223066
8250460
10986585
2788487
5014439
10737776
2738962
10945807
5288557
10475769
10834356
10669069
5446662
5311501
2805326
5244487
11052117
5407999
10248506
2713575
10803905
5415700
10739275
5192663
4962614
10728615
10485231
10921141
10976196
10933014
5153914
10774766
10954676
11005641
5353788
10666415
2741886
10647196
8211529
2742946
5442558
2898064
5263363
10417479
5352163
10897066
2714591
5369987
5558206
5259233
2840581
10975735
8134354
2804469
5202845
8432314
5418737
8018147
10765072
10752972
10959312
5264988
10934639
11067139
5339183
11151331
5406491
10537278
8168057
2799257
5324707
2797819
5247581
2763808
5256303
11085121
5397277
10794638
11258521
11068218
5584607
5239933
10749682
2736803
5545222
8136956
5364408
10531146
2814424
5180426
5420475
2778861
10981291
8026961
5412861
10796127
2793195
5264993
10815222
5427071
11007505
5248978
10971408
10952265
2918151
5261331
11073923
11122531
5487178
11039028
11119478
11026462
10943872
5393299
10672661
8399298
5405579
5189424
2773890
5415117
2802788
5279684
10766955
5290706
10864696
11234656
10909838
10788179
5514522
10716677
11317127
5314999
10797442
11191127
7964092
5364896
5110317
10804209
5432152
11086811
2907462
5290814
2693517
5323570
2694036
5294651
11337725
2629968
10362303
5158290
10811871
11090238
5376294
10995877
2691819
5275871
8318588
10845561
11289536
10624671
4962021
10709122
2725818
5204471
10739946
10789295
2695365
10854876
2768991
5304385
2800552
5485798
2740200
5189347
10987920
5442133
11051162
2858871
10900503
2672154
10563030
5260634
5189412
10990789
5294809
10835851
10439790
10372523
5381084
10879221
8237326
10929099
10840452
11053504
10227093
10534309
2747902
5586705
10661883
2703579
10723452
5438471
10818168
8137618
8447689
8219012
10815620
5330476
10767022
2696338
10660307
5226565
11062427
2707088
10507832
8191171
10656773
5199071
10818044
11139328
10682875
10435552
5166598
10756898
11088166
10895067
5051567
10694284
2734675
5402400
5763174
5126046
8079040
5249303
5512007
2808462
5130372
11038887
10877946
11157830
5398423
10753837
5719536
10428222
2718668
10634406
10869826
5326456
5157089
8614845
10295021
5393734
11072628
10944122
10446519
5054312
5331441
11105566
5373537
5476574
8314124
2834721
5307515
10896424
2827394
10483827
5310328
5427106
2819224
5231007
2720793
10502794
11065943
10794228
5257814
5251551
2763930
5232125
5270532
5099591
11427492
5223587
10744060
2678971
10966220
8054274
10642881
8261733
10446651
11132887
10387017
5020980
10926440
8588154
10757476
5217958
5367065
2780126
10633518
8475387
2738526
5161909
5595734
5112230
5422618
5342869
2788386
5409826
11032615
5273405
10886396
11235369
11011164
4860432
10773068
5282683
5409712
2770697
10513893
8179389
10989933
5269472
5114930
5378378
5340590
2772373
10868904
8166245
11024937
2790207
10545892
10720798
10909427
5145822
5477466
2697062
5214142
8072124
2777470
10800773
2775169
5631931
2775029
10541574
10859356
10688950
10973580
5260637
10767014
10729992
10794840
10899265
10853275
10503808
11142008
4896372
11145639
10450179
5152682
5065556
11495776
5085296
5224460
8168192
10675786
10942792
5297191
10573374
10988937
5378080
10665517
10721985
11069396
10310975
5269343
5081626
5434217
5483008
5615070
5159014
5424273
5140891
8259800
10606940
11151017
5249234
10779592
10645483
10678963
10914234
10616204
10427752
10690600
10739144
10597857
10848856
5198741
10813361
11205856
10324557
10753003
5408651
10927050
10650832
5249745
10925070
2706513
11037535
10740841
10773843
8471125
10634290
11133769
10663888
10761638
11076184
5302582
10352483
4950342
5058455
8288508
10980135
2779249
10938209
2698925
10659331
5288710
10737270
11105684
5059191
10490386
4961446
10798999
2734402
5120313
10640542
5429846
10833169
11068107
10716396
10532636
10955532
10621248
10630295
5410748
4989472
2718908
5296679
10600670
10935380
10842517
10811347
5372667
10666182
4885503
5183837
2773451
5357395
2710583
5337501
10548419
10880022
5370805
10988020
10452910
5872433
5251089
8107437
10575686
5624314
10605435
5372032
11104152
5471808
10889110
11158602
5314373
10428582
10806942
4879413
11172343
5657410
10918130
5280082
10852846
8309509
2755462
5279829
2702935
5427064
2843680
5204620
10893019
10954289
11167947
10912280
8140414
8106365
8053911
2707883
11109315
8075737
10713778
10989401
10570504
10494397
10728378
10723003
2628652
5168782
10491675
5405784
10830897
5517343
10990441
2692068
10672745
10541837
10562371
5073522
5402724
2744902
10777036
8455490
2730911
11038148
8362146
10824005
5298463
11262496
10750904
10566656
4974874
11224195
2701935
10995509
2736110
10942897
5633954
11057051
5261866
10663409
10966265
5511840
11061322
2858325
10947496
5439223
10653428
8367805
2834717
5387202
2725472
5289258
11238952
10404714
5462474
10757930
8175678
10480295
10842051
5371736
5453760
8136682
10539637
10394286
10800914
10535215
10871686
5283400
10800055
11146862
5416064
5402041
10920738
5582228
10727239
2804592
11084177
10589148
10467655
10524184
5585745
5186846
10558797
5465786
5578377
5310202
10699260
11121432
10797874
10600953
4974712
10918455
5690469
10647020
10988899
5349133
11149126
10411143
5373020
10858976
8333066
10917897
10896843
10992507
4880034
10760816
2946754
5556965
2715873
10612031
8087655
10793262
10817575
10942371
10919074
10276382
10444785
5166386
10416506
10560296
10133904
10676883
10656041
4887442
10382894
11206471
5567369
10594715
10772662
10264378
10799848
2645779
5199686
5557262
5352311
5502785
5094544
2702807
5241132
5586232
5215295
2664041
10572235
10852159
5617936
5149187
5273433
5163277
5370137
5200056
8290374
10457237
10990233
10755350
10248566
10366759
10767913
5410475
10698193
2641194
5231484
5422986
5173039
11482493
10993864
5289763
10897898
11238730
5197501
10415277
2877019
10751433
10688148
11121748
10519999
10743816
2791390
11044976
2680741
10507036
10648879
10513334
10669198
10931442
5332419
10642598
2762933
10808100
11214190
5356642
5343085
10884398
10886451
10734091
10951830
5631704
4376925
5760148
2619505
5495579
5689218
5331446
3476562
5327182
5745663
2230481
3782755
2729476
10085195
8599532
2226805
5932723
1445110
2778078
3624382
8463146
4403728
9226774
4619055
6422662
2948502
5419876
4341687
9137635
1654485
9234864
8669022
8970807
9121568
9066926
4450779
9343658
7058906
2325519
4530313
2322603
4575094
4717309
4576855
2379561
4510798
9346218
4736019
9279414
4503251
9144181
9229354
4465606
8986467
9324415
4617312
9350311
9406515
9110891
4257879
9151927
2371272
9307213
2380785
9282543
9391216
9370016
8993092
4346604
9218240
2376831
4599654
9435037
4736203
4675639
2365149
4585181
2386866
6716840
7030542
8903902
4790483
4555716
9207275
2366866
9305820
2385670
4627256
4676543
4593193
7174249
4759651
4600559
2388179
4569493
9392321
9379581
4586147
9285316
9327931
4720653
4536799
7042662
9140558
2324681
9054022
9433572
4271974
8857452
2326790
9085919
9172715
9329026
4490930
4459935
2353003
4466498
9319721
4654008
9362173
4740334
9025809
4532441
4414341
7104485
2416547
4570455
9443157
4631990
9396253
2397916
4473319
2338565
4573400
2377755
9252631
4437503
4427007
2268292
9168253
9461784
4601048
4393991
2319055
4574348
2384728
4535495
9295235
4612269
9310120
4610547
9295925
7163774
9506180
4511893
9285680
2349903
4584544
9439347
4523148
9333857
2139430
4375916
9360595
4505783
4380480
8943578
8784291
2273491
4441616
9069957
9273493
4512090
4562476
9409274
9101310
2351991
9181270
9474157
9239597
4556661
4446160
2397606
9341271
2369143
4549977
4747014
4534703
2376564
4670835
2401438
4546277
9297861
4789016
9360093
9078892
9141004
8889738
4550560
9030063
2293654
4520021
2356643
4513451
9399684
4489682
9361240
2332413
8982851
2343323
4549243
4639791
4531049
6991984
9125310
4642388
9363374
2337006
4470708
4535450
2355656
4460894
9222862
4694752
9013958
9246873
4438179
4418892
7043632
9355553
6968702
9146550
9279181
9391910
4484038
9182036
7098963
2369788
9422327
7156660
4724750
4653199
2370255
9388254
7095608
9315565
4821872
9240943
4686297
8942511
4555064
9185996
2309162
9176100
7074162
9407251
4570252
9245609
9326554
4578978
9136812
6987185
2362369
4613243
9390060
4734994
9382817
8938819
9091818
8967504
9101429
8920238
8793550
8599223
4544479
9208375
7040208
9145253
9045498
9347969
7022708
2345220
9348604
7099336
9464151
4586854
4453428
7065629
2400571
9302479
9416487
8985997
9248844
4699026
9313331
8971071
8724915
8988095
4506452
9178158
7075789
4548996
7043150
9589134
9106162
4616235
9264760
4518061
9205340
7040500
9140162
9099467
9248730
4565642
4450416
2339720
4534752
9372544
9370584
4332247
8800979
2339408
8935946
9142575
9134458
9098011
9216904
9090239
8965812
8995293
4249524
4565599
7070687
9091403
4715496
9082856
9534065
4684910
9104944
9265760
4661430
9223696
9081934
4593034
9196218
9431065
4665526
4428070
7105195
9294779
9231134
9388760
8962802
9110685
9401642
4548492
9383942
2357136
9249237
9055150
9323954
9088850
4536108
9372622
6720847
9041911
4604920
9027451
7051233
9182364
9316668
9066597
9000045
9285984
9215721
8988198
9330054
9316206
9010949
9147457
4633191
4503293
9264439
9283368
9252699
8548904
4294602
9246344
4451204
9151887
2333050
9257211
9142338
4544506
9299369
2364888
9184157
9288631
9182538
2378738
4318874
2314122
9267675
9394850
2348963
4622303
4249952
2705526
8940027
4610545
9296753
4613812
6600454
6920422
4619773
4505887
2345451
4533128
9318901
4661904
9370144
9153741
8987417
9269413
9264043
8960527
9331137
4653944
9323873
9513760
4645592
9276759
8986800
9301496
4312902
4655628
9039674
8942734
9270125
9437123
8996440
2358274
4496516
9271051
4554131
9365061
9563539
4718995
9058418
4589126
9036341
9287055
4491492
9316135
2363823
9354449
9631277
4690209
9074149
9160013
8795491
9224313
4192463
9354775
7076558
2344975
4596315
7027023
9152851
4628573
9353161
9218021
9393231
9379523
8966440
4472103
9342751
4754193
9272347
2381715
9191505
4309294
4518007
7167411
9076790
9336363
2236731
2313041
9293742
9361510
4463219
4562864
4657347
9209263
4582094
9392192
6943152
7117519
2364882
4618271
9376272
9537083
4602107
9175647
8973429
9424369
9077549
9356944
8902518
4297325
4496044
9439341
9098574
9303128
4510477
9217347
2395218
9308774
4631625
9267750
2360906
4545181
2375925
4576099
2332084
4551765
9369852
4685370
9436603
4602649
9089858
8957608
9258305
9182111
9088965
4721855
9157558
7046828
2335970
4536956
7056352
9329567
2418324
9327832
7100995
9430730
9292532
4606231
9342024
4540274
9436459
4654796
9282865
2379115
9354142
2376495
9415793
9325064
4599708
9249681
9510245
9406861
4682147
4537147
9412258
9277511
4551088
9203097
7149835
4703147
4500002
7057356
1991408
9359772
4360513
9355762
2345110
9247011
2380809
4579873
2360246
4560568
2368794
9321243
2370578
4559342
2351785
9388907
2392635
4547116
2342472
4547718
9428181
4735624
4600657
9324180
2362599
9288423
2362111
4563752
9514346
9190103
4729017
9293136
2429141
9275493
4563098
9374411
2383839
9253673
4481698
7014363
4552691
2405007
4632292
2349237
4514960
9370141
9457721
9324109
4553237
9303769
2248333
4617167
9417397
4533160
4449378
2378562
4579260
2380206
9391097
2396386
4450541
4615327
4452048
4713484
4534390
4765014
4527282
2360476
9248049
2356966
4545150
7066007
9093209
4704509
4538334
9393364
7100378
9385616
4503673
9329377
7029541
4722012
9187969
7077553
9126805
4497425
9464467
4509329
9443383
2379343
4516027
9463613
4514096
9239244
2384489
4552438
9472810
4589365
7831724
7040746
9152774
7066749
4709744
4544783
2366985
4522698
9280440
4714785
9072173
9485572
4610791
9234078
2388972
4532904
9295680
2362276
9118697
2342002
4574089
2372236
4606889
2384590
4630876
9381525
2367822
9166298
9365103
9318916
9324375
2344979
9428950
7118493
9219927
9183434
4492940
9372591
9386046
4463124
9275457
9569970
9293235
9461106
4294472
9218204
8989926
4490495
9257203
2322859
4530855
2363101
4556524
9400444
4701324
9253438
4603045
9347765
4744797
9331729
9440768
4576134
9275559
4734754
9400690
9263268
9343084
2342184
9207792
4711005
4574495
9476565
4577247
9427025
2359259
4490017
2371157
4510894
9344805
4611166
9352445
9492864
4633958
9402301
2373689
9365772
9132607
4393224
9207294
2337692
2305509
2361484
4628067
9034898
4582676
9315667
2374334
4544152
2353233
4540357
9248326
9285681
4458945
9174223
4275376
4341099
2385823
9234913
2350982
4506429
2379998
4566956
2374398
4594690
9434736
4763764
9429714
4722938
9350693
9265516
9333201
2343004
9226413
2375159
4579232
2345535
4584328
2381199
4589907
9451687
4671114
9379023
9469753
4551213
4579483
2344609
4531301
9247286
2346286
9088465
2359210
9170574
9245992
9352614
2343961
4537570
2383932
4532681
2349811
4505489
9350984
4701807
9135168
4557947
9241754
4698661
9280464
2443125
4625230
9339418
4761658
9480149
4482497
9430067
4548383
9467283
9244596
9514297
2384547
4579318
9461443
4523899
4646034
2345649
4512492
9271579
4565128
9272724
4457143
9220047
9318017
4629150
9366350
2375697
9355879
4595463
9099597
4510698
9249037
4666736
4684799
9284125
9334458
2365516
4552902
2355715
4562787
2381388
4622671
9304784
4611206
9404579
2373571
9324711
2386424
4553700
2372835
4553975
2387407
4540483
9299951
4641469
9471285
2371634
9266154
2366201
4583392
2433445
4534303
9459108
4590524
9454755
4538629
4397444
2343138
4490963
9495182
4582436
9393853
2372666
9343396
2353224
4575517
9470009
4471323
9251616
2364197
4522386
2341795
4557990
9464556
4611472
4496971
2369083
4616910
9458390
4580267
9368157
8911929
9323695
9352985
9229118
4610741
9286549
2324778
4482326
9048354
9248510
4609394
9349600
9326901
4474108
4408126
4653878
4570582
9535707
4538992
9328282
7139111
4759202
9395755
4761742
9180961
2385717
4648045
2400921
4545717
9299076
4664303
9383756
2337965
9246628
2327107
9418276
4287945
9166892
9135369
4578038
9285973
2337016
4490692
4687249
9233291
4690778
4565611
2356910
4595342
9293477
2385131
9147949
4657791
9253399
4491658
4458914
9426665
4659675
4579719
4440236
9415708
2360969
9072286
4304099
4555114
9498925
4640920
4510820
2314576
4512351
9373921
4625660
9388502
4521986
9244597
9476439
9246736
9199553
4408687
9351093
7124384
4591110
4585521
2379168
4552890
2377487
4571141
9398929
4666469
9390934
9559922
9385907
4584966
4539941
2334837
4549161
9361777
2378486
9050998
2316794
4535967
9187443
9200267
9186622
9284079
4638501
9274796
9269630
9038911
4564877
9195830
2344001
9249189
9304233
4372683
4563464
6963629
7065154
9057572
4612514
9401477
9289954
4596181
9233757
2353386
2133538
9180649
7047163
9196334
7145716
4702021
4497819
2369106
9327382
2356839
4651604
9546722
4587365
9347454
2429017
9345589
2366399
4577225
7203684
2394209
4596877
9293846
9513049
4676697
9363188
7086929
2364341
4583352
2384804
4557694
9308383
4634031
9395514
2331523
4533436
2362690
9411515
2342549
4629105
2348895
4684668
9432298
2402880
9113041
4659078
9299258
9385939
9288775
4391020
4417668
4465466
4476386
2352401
4579561
7037654
4587127
7148064
2407667
4626297
9439919
2378880
9097206
2346585
4672266
9338329
4610767
9352914
9166657
4573231
9263250
4531449
9377800
4748860
9284709
2358854
9252310
6981150
9188712
2348265
9088577
4619618
4481680
2356620
4507051
9474214
4695944
9387853
4650220
9280559
9483119
4536464
9215135
4565637
9384679
4539250
9243948
4489482
9390774
4697096
9249349
7226042
9277874
4657780
9294636
2376286
9258012
2357816
4522045
9343472
4684805
4600375
2348986
4575975
7042275
9108723
2377115
4630819
9502410
4498116
4632427
2341703
4604782
7080402
4576219
2364470
4628421
9529672
4548260
9369456
2355462
9236280
4729818
9317845
2355096
4531441
9082944
4697493
9204461
2354628
9182316
9068914
9422774
4563306
2169013
2351356
4645846
8997852
2320658
4645576
2364842
4574467
2352912
9312218
7101053
4704371
4583653
2378098
9384491
9463528
4633186
4461364
9436250
4566570
9426464
7096214
7152266
9440836
2398964
4534554
4731136
9361572
2349867
9232048
9487133
9291940
4706249
9268690
4547984
4489363
2389402
4544802
9372331
2327713
9134537
9476820
9372268
9393975
9193160
9444959
4529751
9410260
9368049
9180126
2316433
4519336
9422766
4514274
9388562
9392420
2333518
4637479
2354881
4621134
7088818
9214924
2378818
9164539
4624091
2371903
4603845
9334050
2357571
8872333
9292524
4577766
9217775
9434344
2363628
4662651
9203432
2356176
9132113
4617972
9290991
4490547
9372228
4506338
4518198
9427517
4514860
9361063
9466617
4325249
9168997
2164021
2306774
4469070
2345637
4553963
9326423
2354033
9217177
2353639
4512818
9152465
4722253
9164411
9489092
4647403
9363484
9407896
9167412
9295306
4572154
9232697
9224723
9231705
4438029
9432473
2373659
9325183
2389118
4568331
7120841
2376241
4620412
9390027
4666025
9482632
2359773
9319994
2370652
9447449
4674833
9270023
7102806
4787949
4571290
2406474
4612500
6996382
4547618
9442951
4627974
9289468
4520504
4396955
9433546
4565977
9409761
2370362
9278922
2354000
4557980
9438406
4481208
9294174
4549421
4395750
2334695
4584795
9351730
4653980
9403830
4501402
9080300
9488046
4515386
9357089
4628875
9313139
9238327
4530995
4492211
4713154
9256399
4727638
9226871
9474052
4495029
8920170
4482783
9287369
2343587
9276614
2325565
4537727
9209290
2376989
9267760
2381194
4564759
4701958
4572141
2379237
4593662
7069553
9168494
4789150
9235289
2419854
9348159
2313327
4539061
9264914
2421341
9209664
2373798
9399220
4639888
9203095
4670719
9264638
9527127
4586987
9310606
4773993
9233578
9575066
2347673
9404147
2371452
9272592
2393697
4594312
4726425
4552705
4635731
2340238
9289996
9575434
4502532
4656890
2305198
4513452
4507512
2359491
4542951
2343554
4574038
9364845
4592999
9295978
2329932
9230018
4701673
9145419
9436863
4566431
9423351
9025842
4551859
9372674
9456516
9550404
9080954
9315555
8977501
4547992
9302875
7103214
2353979
4545820
9282489
2344453
9179859
7031856
2371257
4616954
9484962
4607640
9606142
4532774
9391421
4561275
9465295
9345034
9426620
4300187
2153260
7084715
7075354
9243766
9471950
9283743
9434525
2337927
4495726
4524901
9370699
9249944
4648150
9223407
2357586
4486504
9345463
4734529
4546099
9222468
2381873
9325182
9463428
4484448
9240396
4717161
4532270
9421359
2412233
9280256
7084812
9302534
4505850
4595462
2339461
9403972
9479024
4547114
9253026
9462922
4599226
9368313
7064336
9443431
2348176
4622644
2347232
9456651
4698294
9401865
4501980
4433453
2379136
4526901
2350596
4540022
9399078
4694007
9412751
4736839
9292034
4666580
4578159
9352260
4665362
4668721
7045719
9145500
4301766
4611759
9236983
9354126
4695372
4562641
9327890
4544910
9125068
4558223
9197749
4633919
9301818
9479954
4592466
9363705
9525393
9342471
4551463
9337736
9317074
4456456
9416738
2373630
4579969
2377504
9403890
7164625
9335663
2383998
9426817
7094547
2337906
4572317
6775973
4625702
4584337
7153722
9223924
7215011
7039873
4703113
9292099
2369828
9251823
7204949
9561562
9305307
4636893
9361257
2323822
9070215
4519166
9371255
7071970
9337707
7044432
9272357
2374830
9252741
9181799
4639022
4701270
4527243
9338644
9117922
9558004
4286730
8944759
7061501
2359108
9400313
4719190
9261496
9314148
4585213
9286044
1812911
7186200
7470611
3598116
7522130
3604835
7408783
1848146
3600253
1896336
3671048
7454699
3847841
3625621
7396226
1889518
3801563
7291305
3701065
7581162
7600061
7781638
7428748
7528287
7630154
3552109
7571088
7504157
5729776
5719663
7636918
3736823
7785052
5805709
1907808
7300049
7361535
3622980
7465781
7655619
3745128
3768786
1881748
3678878
7501482
3665447
3627208
3894906
7512972
1812634
3778577
7300576
3626381
7654933
7534314
3716788
7418927
3450393
3575819
1876003
3677870
7732297
3871035
7599857
7520374
3619630
7575034
1857313
5700861
7749543
3692099
7398036
3414994
7553859
1885496
3409929
7737424
7705031
3696369
3640059
3843229
3848075
7685274
7605947
3621604
3699301
1719877
7750943
3897669
3651431
3837017
3921673
5747106
7640006
7817180
3630585
7678528
3662043
7682035
1887732
7457130
1931149
3521192
3756491
5641784
1905629
3608702
7521487
7443905
7671442
7532451
3556428
7351658
3690410
3719129
7681400
1895418
7545113
3617710
3611951
1951703
3651265
5685660
1918072
3608226
5677137
7558182
7757028
7607602
3683340
3835110
1913536
3609799
7477715
1873156
7301716
3781582
7642243
7720761
3664272
7285892
7404238
3499944
7471872
3741935
3500762
5875774
1974426
3764199
7749059
3828195
7492694
1798818
7674671
1840803
3806737
5737857
3917183
3731946
5612682
7330560
7682753
7552991
3646382
3595118
5668494
1825474
3609360
7665815
1781034
7208527
3686770
3552170
7542161
3649831
7707337
1967495
7672194
5507814
1854416
3667136
1930119
7614061
1819773
3773751
7686154
3591702
7600391
7622586
3724820
7653944
7540084
3814849
7498766
3681294
7678410
1953210
3726462
1924491
3927704
2029340
3814634
7573992
3649423
7655221
3784915
3732232
1868985
7292229
1966425
3723021
3840018
3799439
7651502
3617308
7589936
5727858
7436547
3909090
7572653
1882940
7207424
7715768
7505428
7745193
7692188
3638166
7348558
3490773
3700604
7838752
1927979
3755609
7463334
7922237
3736103
7633594
1988932
3579350
5934588
1987536
3613211
7442077
3612418
7737198
3746486
7467364
3747469
3719419
3744923
3807361
1939334
3742415
1963982
3678809
7435987
3772482
7296025
3664608
3592927
1924212
7677910
5772808
1926396
3843428
7693749
7551572
7489011
3815578
7611722
1814051
3894462
1691149
3820418
1957020
3779962
7891439
3837009
7514338
7524077
3574066
7281384
1789824
5685991
5769581
1725851
3553404
7635497
3675535
7472422
7819161
3369471
3799090
7752040
3671031
7590909
3565915
3522339
1892269
7408143
5798099
7516741
3659498
7559770
1881082
3914673
3740728
7511755
3967542
7496610
7597532
3713289
7833596
3764875
7451885
5787264
7623845
7144596
7705216
3691541
7308941
7661362
3828967
3646738
3787315
3755170
7631754
3604960
7493585
1908285
7490956
3710666
7557860
1904908
3846870
7368906
1813233
7535490
3535406
3765457
1847480
3840390
7676777
3811377
3437369
3517200
5669035
7435325
7561836
7383106
3515890
6857574
5396635
7206560
5604777
7740022
3810137
7568841
7395349
7273755
7212721
7390988
3708177
7745176
3654447
7456788
7681050
3759006
7613615
3622093
7397678
5563771
3722522
3675484
5661305
3636178
7628104
3706938
3828024
3846011
3728796
5619276
7367712
3797729
7196246
3890609
7666839
5905114
3818555
1909911
3895987
7327969
3761198
7695217
1865387
7458506
3583412
3610774
1842188
3644644
7520569
3812899
3623946
7757540
3505149
7705757
7738991
3702267
3783787
1832855
3701569
1866851
3758392
7636338
3789800
3645739
7531636
1962295
7649562
3577188
3765251
1885046
3792061
7721359
3804073
3777580
7582360
5843146
5988283
3526088
1900065
3748581
5635742
7376518
3733644
7765406
1875314
3646258
1924536
3832045
5784439
3769905
3776576
5715797
1847899
3607551
3862159
3700701
7801742
7624555
3583594
7461989
3793445
7598083
5592345
1873135
7630919
5691613
7593663
3603530
7493738
7754832
7596812
7737775
3551394
7579528
5757897
7916189
3502881
3862522
7571830
7504941
7439455
3660067
7402620
3723474
7676322
7381005
1984596
7471647
3650569
7472515
3798215
3723972
7705165
1924081
3612959
3798336
3637584
1722138
7744814
7779100
3742871
3715231
5825639
7610011
3717576
7344799
1811888
3643663
5778387
7398401
7397770
3554392
7447702
5767888
3856870
3570489
3815834
3727154
7720283
7614609
3500985
3843177
3754034
3801555
1964838
3822778
1784742
3709113
7546945
1761525
7381302
7335729
7434312
3598506
3713571
1923272
7698230
7484660
1888875
3775468
7615396
7599217
