466890
330494
697290
311700
642707
330644
328992
350308
269190
234181
291516
302944
300449
380342
1790784
880390
268497
450249
1223366
531877
1199694
579766
1102445
285653
1211941
554125
1110408
813100
1062456
572136
358636
438007
110201
420928
441538
220752
324320
334186
175669
351603
358066
168621
366437
395530
730946
340441
1327096
213549
1050919
2055706
1154208
413229
1242737
452241
1754828
959467
355357
1403570
553389
616289
1080181
758314
218857
676716
311926
497029
1026841
919271
205224
846713
830465
436270
821349
1346038
369948
713724
449317
951694
308769
1183908
415484
896100
934572
1050459
455924
389664
836058
218741
910315
1058524
832001
495732
1029380
1489120
432350
396889
206188
735192
246677
489881
911588
879596
736556
989460
676296
1206465
216941
818823
522406
1307178
1023137
957441
509110
493332
400340
804915
841925
410480
447481
496946
480592
1345424
422264
953337
267688
489626
1484340
845636
211769
421961
762466
1369376
439860
916184
525678
506529
620664
1281883
418300
884352
272872
1174413
933504
234940
435016
507250
481776
261325
582728
840362
495404
215935
398056
888609
512620
1415702
457694
202091
961533
487089
372181
203000
821148
940812
482308
1885250
444814
864696
517201
483516
1279705
351528
440984
887440
524192
1212175
1093315
453340
982006
1492597
607700
881728
972473
498541
1346354
449143
427808
544582
510328
269700
885484
933869
834661
506886
1120808
555568
227332
640984
225645
986416
520306
959160
413896
434812
223248
414086
945578
509184
873405
915372
228648
978181
1372985
704528
863371
716672
458272
1364172
900008
462806
509976
266324
503852
461428
889876
877523
439276
974116
257488
1324927
877768
503068
252652
263730
540120
1531181
441446
918073
796536
1402304
442140
961420
498295
262353
1610581
235396
402684
227097
423744
1016060
1401945
234188
427308
228608
477561
981384
1626937
874084
959789
504528
1802205
240445
440380
443808
481200
256645
479808
1549256
437764
828484
1004653
1378676
453285
423725
946012
495384
1562968
865504
408505
992347
665291
1134355
452987
991090
267749
1563933
440468
403008
216316
430995
260372
499134
1348034
446287
862341
262764
1043390
513432
783732
226965
413200
873962
992077
1350683
883585
506561
477469
261879
847500
694214
408348
639573
469916
508664
1371528
470074
900501
270357
498839
1519082
423688
969152
510738
1307455
448965
429468
1011719
1557515
831805
417082
1009881
1377518
435157
432152
501822
491852
528826
1543805
224216
403560
222353
439788
261116
481000
1377933
456148
913474
262457
1006852
492308
824784
228136
411073
432882
951477
258564
585564
1266252
611468
913410
483412
747414
1771448
452708
476413
1014401
490231
1494348
446919
420024
231949
496320
266492
492872
1775347
484328
945960
273881
1005937
1010723
444683
890016
488804
1093229
553140
890740
741877
951264
261280
460568
1530140
925923
459172
994841
933123
1289469
253265
462985
259945
496778
253640
480786
1457977
918913
504007
475768
680106
1054420
319429
462628
245348
449111
986773
1545580
458048
862524
274274
999799
977593
1274040
474108
979368
254130
481104
479965
1175648
227468
412604
268093
973684
1769877
461511
931268
263113
980078
459132
1228030
920305
486013
1414236
542729
1013460
982556
482612
1503328
473526
453588
675925
1012284
1756596
975544
489640
484265
254794
485692
2236482
890197
362216
816048
131017
166180
179440
360838
365117
176485
360525
185086
168079
776285
785408
930026
723656
2369465
672810
439056
222680
647176
2235989
1272879
225541
596821
1316564
1404264
1149792
373265
1254312
1448012
437563
989229
267337
1452261
307901
410684
626638
213845
481578
1009476
876260
903704
995889
492656
1456549
423454
831146
474589
491752
521145
870168
678141
449212
481764
1053186
1465237
425845
385888
219537
463422
1026572
1383510
916496
513772
477964
626218
806178
506025
392984
210453
387600
996281
481034
1372405
430188
980255
261985
1329052
1043268
399420
425075
989924
779310
1047484
228873
969430
268024
1335849
1061026
821316
1004138
260029
859189
453680
467029
714535
530723
516621
1494928
427656
842760
500478
1248140
873408
450236
450568
267989
493845
1305108
671284
837408
684700
528586
499681
453817
680508
869989
490297
1002376
353481
1345698
818900
945276
489688
1852177
228860
840464
250864
496842
266057
551028
1539172
418824
935020
1002495
887880
432472
429716
958888
260245
481378
941843
655312
233198
428720
228632
451148
985458
888552
917451
464802
513016
269105
502464
1362126
469850
883362
1008538
544482
1266730
218657
917764
499420
570433
516960
741304
853821
224024
975106
259736
242872
524517
376517
441303
900483
506826
1283756
523733
999964
932482
995827
891057
440880
425668
246012
507516
1206285
919776
888599
225925
980788
473734
855743
703121
460203
471736
259141
477576
1631627
461336
874101
507285
514444
1413472
873792
494755
996861
348277
1490613
232204
428456
474282
493564
271389
1406788
452492
432480
733373
727263
740164
1319113
229548
894963
261448
479621
1722728
329733
906648
739032
991145
1512840
833720
479972
993937
1128696
236284
437152
233064
484485
764339
652760
902072
426493
635141
448778
996905
306477
813408
867435
479561
1051332
818372
1193032
221685
407749
745278
1267834
562071
857583
1009169
580734
1455794
845131
474388
982024
1130374
233421
426506
933145
525917
1573521
434912
829243
482758
1057101
1276148
443320
455747
274732
513827
1600822
474188
848905
456460
481648
512338
854736
906988
457918
995456
1347990
443264
396457
220480
949768
263623
491966
543937
1002437
943776
484132
1408676
859183
441394
412491
512263
1167865
1175613
227660
455647
994972
1595064
435060
845780
256849
979933
861747
1581564
461254
952545
1241861
988293
475268
969399
484497
988769
594989
1099722
234264
967491
509622
1779348
469548
957589
1029992
270653
973010
948357
230973
454033
1008431
1788850
492207
482632
783845
1486237
252036
233838
454568
419545
268685
479222
1332611
900140
956696
244441
979689
1495517
473468
414600
226793
454670
991766
324948
1690797
247076
459188
245797
474911
271673
490565
1511224
457508
927855
262597
1088926
1694773
951025
999005
1516621
434499
891473
498343
1209597
1319014
923585
965541
1418897
1043454
441864
986492
1063942
1411513
945489
1011269
529542
1434898
677658
760798
256299
1579861
417729
468584
974628
987562
1572752
752077
1136132
587212
857749
727136
1031347
152421
275116
697481
740400
1388162
298986
667759
1036322
979265
429648
1208338
944332
588851
301779
1485555
361377
563829
291701
1250700
601751
731149
631027
777956
878192
290961
577301
211929
611528
695256
1780307
298065
514372
264756
528119
1306304
1452486
446404
1425234
1513883
606132
1066881
1315870
1490804
531588
433616
1174016
324825
689760
1120908
589857
1017558
326992
732176
254648
704878
614037
229079
229281
1153981
765396
1489164
580410
478956
261765
1378325
615965
1198413
386489
1137023
286753
494136
268480
615134
1010201
1358610
1077268
1615468
334837
892480
774913
612292
304804
787152
477335
530560
1565437
578552
495352
1255960
388792
507444
1961877
707102
566396
267801
479470
1348489
632397
1264058
957640
323549
543844
962433
787518
1124201
2102249
606949
1414400
228834
473888
381787
697092
322901
1553804
283520
899524
325272
622581
1057744
566701
1321713
570231
2038069
616772
538559
270293
517739
1389164
570776
1335627
562089
1153371
265129
510571
1143293
521336
731700
1884922
781344
1205388
226734
1318054
1032645
491377
625504
288033
930916
647646
538136
524342
510892
1386452
518724
2074907
302009
1499620
455091
1266516
326925
573325
435112
442260
970105
932271
1125809
1242549
776800
510628
276483
1324031
781653
1180369
451701
1400648
753238
873212
611899
1231271
1031164
626651
1384995
1256869
1421917
727709
921052
393317
692631
321527
743255
489865
1505468
322212
591972
275032
233116
259513
1319371
655648
1192215
608223
1123815
259573
537141
1107896
358692
553116
643892
1341921
606713
569388
235121
437709
757658
664805
323844
1538339
1545636
1157371
497567
1367584
1333616
927057
1567301
291593
511154
513417
613876
1234672
652940
1903516
1585590
528852
1243272
731998
557496
306665
921024
399660
551643
1532721
509372
1362663
703062
1574537
372673
1551015
234008
426370
489210
747408
338088
1553741
941849
1163028
266240
1164998
1323706
1195140
566736
316485
555047
485469
615166
1407628
274800
549068
389001
1349762
615369
450165
1075061
707176
1538297
987049
887069
1193716
511812
1263609
1099719
1008801
1077669
1224400
511228
496287
1390273
512725
1686569
1282284
498445
726796
267880
500960
1408684
620576
1577898
1497313
438545
491517
1206513
1401241
834463
364028
642760
594380
1429513
1122576
378864
580824
787993
1676669
333593
1135209
490364
1366908
376709
1103604
998320
1133097
260024
1279520
696366
1123025
397733
565303
326525
931064
231964
426695
1238680
326041
1548496
330644
682856
779460
326665
572383
1019620
703352
1179724
1736498
1544341
566728
1075819
1301076
587532
2001209
1595556
491113
1176618
380780
708084
1236801
1316512
917720
1163128
1405805
666768
1631337
600074
1496741
900229
385329
1292812
936516
567120
322825
891267
333477
552341
1116882
1410485
1261477
606744
560906
677416
679612
1010465
259072
488788
314152
749465
1527670
493725
1147197
761351
1515249
1176192
479532
1322586
547956
1444587
1183392
724788
1500087
911873
527412
259413
602806
1256460
1468028
426520
1482090
919972
1140605
496213
1257922
721232
492476
275601
711920
944912
511384
1334004
501813
1571947
637173
662537
367600
1342614
233665
568928
1366176
826224
1682577
535044
1151320
264353
497832
767581
590461
276149
670340
1667344
1136227
518847
1284217
391945
1106907
1339784
610149
1009151
1228114
619333
529140
952749
1144320
1023902
778488
430140
1218612
623857
1554613
283221
938069
269504
618281
298684
521768
1135649
726492
1292869
1606145
1199029
493177
525697
1349990
1208569
1316985
561860
486364
524954
660756
1204588
753852
1854414
322713
925732
236329
430276
1191698
978395
898352
1552044
321508
616718
823561
1158120
384400
1109233
483863
1866433
857540
1127940
220741
632306
386992
624567
791334
774643
284733
900688
1176609
509953
1340757
385613
1067497
1034185
1552996
447616
1190776
962841
1541132
305180
1542222
282420
509153
1323084
1196673
1299520
1540312
456196
434277
367536
691832
1410156
1717630
576344
1070037
274648
564148
380717
706118
1160635
657916
915740
1008892
1431149
1080710
749385
1529511
951442
225905
668004
1307065
1511576
1597372
531317
1018229
352121
731500
526715
541762
506897
967864
1520892
540850
1098432
377397
1157862
1910834
746337
1545309
524949
1340657
691476
1571284
590819
1588027
275853
1184081
373477
1526457
396428
1459230
446256
876352
296652
701716
964896
955911
568052
933334
611857
858634
1238403
740192
1118695
397012
581600
628264
1049129
577801
1341617
1260372
610061
823365
1082413
876849
1290885
872460
1528536
333747
303416
1137644
1147976
672332
501585
1617289
1638747
550680
1043569
1339424
523460
2098627
583810
1542647
1133741
377542
717635
1574609
1269176
960944
1106612
673196
1065785
318713
840188
399964
624145
1265802
312664
433069
1200505
634601
292008
1284574
284149
924432
1200672
511864
543976
349597
704581
1105882
775711
1188652
275685
1100646
338948
713237
312105
502134
284597
739955
1426837
623300
997460
1352053
1545196
870848
1257102
1065437
230987
725148
630156
907336
496085
1011792
1377542
545004
1073358
755084
287221
518492
751853
507296
1027197
1163108
454977
535704
845292
711234
690936
1203637
1259985
325821
1444065
268693
582656
355785
726269
1489274
726403
1458649
609894
989272
1352068
788396
1543544
408469
1152713
513520
608544
371242
713968
275853
507260
1288981
804747
446745
1430420
1025402
1307044
294368
935168
947370
592496
1492125
862588
1169170
1076758
756215
1458675
316665
427925
226856
620853
492401
589195
1521573
320189
961046
1253411
1354162
865549
780441
1491260
1169292
1237159
753076
1060531
772553
527192
1162114
509905
257808
1107950
1261917
909226
1689349
1240756
1219601
627272
1558782
563698
1594122
821205
504633
616629
1268020
709820
1920168
640359
1044007
299329
1409053
493629
1278411
329277
301931
870560
1143693
771120
531851
695863
1703625
1017544
1198193
427980
1437565
318509
815017
433533
532448
708145
540417
1132355
1108989
395309
600254
265885
588680
1947823
652881
1066723
618397
1364279
269229
551928
1299816
332393
561619
1061090
1382505
551495
907413
467124
1722189
751144
892846
1390089
655348
866321
284349
874404
1225914
551439
1141469
759955
1120731
960258
1658064
1136658
230836
425240
1358465
638057
1493285
921404
1152168
266125
554680
343113
750984
1139888
712817
1414660
1121117
522824
1383325
325365
429983
1528046
787764
1118596
263112
272372
291820
1406684
1216005
615409
1496814
232129
428001
621807
711704
306409
636741
1477788
1551127
520676
1169493
770115
553741
543914
701249
290949
588837
313957
502591
1126730
1368405
556701
1343948
397573
854696
882870
1434715
325576
835213
423165
533516
952067
614108
1096776
499640
1401684
271524
1625296
992446
1213953
492626
1350658
532580
1708255
933168
1586119
262565
1107780
783497
1481363
1355785
846079
1201733
600807
1429497
1505029
999103
1474647
442892
1292441
588964
1553837
284796
1552993
277572
502380
268755
603908
380520
739181
499939
616344
751908
260473
613556
270097
495813
1282340
699652
1180177
380224
1415626
415484
441551
1110453
679448
1521097
612916
1582293
1080901
493101
1373703
274379
1544801
1017872
599586
321041
537184
1015362
776715
1165651
1006843
1690441
1490133
544448
1407108
335309
589681
1356136
254997
654652
1404214
269957
1321459
717807
1522178
405389
550368
1248492
928765
344192
706036
601228
869118
663607
285417
916349
1163885
512113
1414877
596366
250468
289529
722656
1155022
1065681
669104
752182
299081
512878
1291917
641044
1334995
458022
1108082
1365119
484113
1480900
322961
594811
290200
1010630
375613
740361
271105
500372
401353
912728
1631654
1096914
1247056
1157492
855320
983152
1756705
1085399
578429
1435831
606905
1499991
315013
817136
440315
516112
1176505
1367142
284332
535732
1321401
1524707
204584
441232
1377921
656889
918088
1512900
1153892
497771
1284953
1215449
701188
1196029
435689
1313008
301133
514248
261460
510033
391857
628192
234121
960952
888762
1493729
662802
1056669
534592
1335336
378872
1314664
227061
597449
1598753
740627
609236
535860
1088538
775461
539601
402681
1292484
1383542
552000
891256
1221225
512069
1309101
1170777
671753
1224413
565869
271946
1110725
1298908
1589549
1682820
821375
881552
370520
392528
1381140
851633
1508811
635540
286949
533133
473076
1353349
214458
522061
820316
495541
992869
325388
583535
1045302
675776
1286780
596750
1264276
1131245
1138002
703685
1222153
494205
1759140
437995
767325
456742
431208
1099668
599709
828776
1662818
579172
1153821
495452
610155
389501
1109585
929259
1107629
1188530
507344
551049
710889
701235
1147273
679605
1191225
526373
1160946
673404
1229048
956198
1752363
766020
453073
456268
387665
682748
654663
926816
1545223
612895
1110557
260345
1312920
288619
271913
1574356
1004072
1571993
439102
756800
373993
388137
590679
1532005
768373
1380619
523564
1175788
767523
1094594
381893
1319325
814763
896714
747948
1328016
1445824
935996
591748
271621
497068
1273730
700837
1171337
392401
1519575
775748
1177684
650018
666697
509311
708340
289536
950285
1132326
259289
1270237
697633
516862
1261913
1192635
482727
299745
644897
1262899
1271529
323581
926274
233741
427940
549479
744460
896872
1478481
384793
1486964
525988
474996
954457
692862
509813
773039
886961
1603658
541107
1021990
748152
1141968
943288
1700495
972610
1030306
1418501
669773
1528441
571648
305046
984080
531200
1126408
1358858
663635
1545408
763180
1205785
507726
1380221
1550068
517089
1597265
268501
1063292
337197
754741
313147
508029
674282
1298122
277145
488248
578424
641005
392153
612092
1199048
1367172
771626
442100
231921
586693
1052033
322591
836688
417325
531635
1266942
334612
545440
264853
1141093
390220
572816
275152
698809
1911946
331829
1109141
497265
1350565
263336
1341525
477101
976401
321284
864788
406167
523196
1234332
781871
1511565
779991
1524099
278797
501872
1240093
383360
670224
325189
907724
1275715
1414756
223453
1207857
617495
1555414
594793
1519896
524506
1097525
778240
554504
1258152
556076
1113549
1227040
731520
1118989
736608
1524885
771710
1213072
674025
1259434
1529419
646101
1097942
525908
1317276
1261307
1863292
633912
537648
261471
495160
291045
752776
1090917
2101789
568685
1506154
530461
1413301
1465232
757232
288128
1590509
517128
1148307
1415929
883947
1279212
860266
620952
224637
412820
605837
1556613
918645
1203642
266466
523665
1400973
547104
1325929
574670
498700
426936
1220433
1297060
1204093
739321
195017
725869
627118
1154120
627507
1186696
354886
1175903
302029
599517
1461117
646989
1311805
481928
652364
1514894
645468
1335066
1457762
383109
1273101
389917
760383
1140044
769513
624636
1059713
1297772
777462
1338164
325772
1447906
389878
778929
748823
628080
1366738
682017
1452804
1263113
790228
1499960
1388524
1456267
1408860
641796
1349964
344669
1395437
1413267
663817
1494982
648560
1337654
835259
1448021
374333
1336409
360504
1267289
800532
654140
1351880
809816
1525684
687165
1371511
671231
1470777
387045
1320912
780920
660107
351871
850268
371337
621780
1325557
360669
1454681
700836
610382
707376
725573
390173
736236
326901
723662
1334564
449411
1434356
653337
1376025
658568
1436153
1398173
684908
1550181
615684
1527813
659136
710344
770260
623315
712271
619549
724179
689428
393049
669997
625514
660595
348129
794344
1508745
672784
1349131
356212
645784
1196481
1192142
1518301
778599
1381433
722850
647596
647056
609480
1257948
313998
326264
675568
1085257
1402559
424189
1355633
776700
653746
376456
658412
1479052
611716
1438637
334681
1006049
1449244
616478
1456105
387777
1459385
688628
606300
388804
669759
1351584
794316
1309533
731587
1650573
740895
1343613
352213
1278317
1508648
1325352
736252
662424
484917
734568
334757
625304
704663
615520
670982
313233
850840
981741
658446
347448
736832
1220909
711588
338152
634800
1188037
1288474
1475025
753453
1371133
1108341
1408448
670030
1443606
394392
611180
1029577
1518478
348121
1365984
321337
718008
665145
667337
373697
812249
1268548
389029
793916
361140
808497
1063268
1052425
620849
366632
643721
820669
664180
955489
387139
747820
1548032
700442
1352553
1307929
333433
811800
375740
604492
1457705
1570400
698748
1298134
354663
729328
357153
626176
402772
1416410
380604
669546
1062689
1367113
761795
1267265
776596
1310896
1181562
692580
722102
1397508
1339701
299924
379365
1493898
1286793
1521645
787712
1370032
706776
1395013
1506186
615179
1310349
1577370
379176
1037953
645821
682140
309640
677676
1468061
1308289
1065109
707076
1552893
342973
656649
1431373
1340221
747862
637696
708120
341776
627816
1449441
262631
1080861
744223
1426233
1252261
744722
1560860
1425444
657060
662352
319133
695272
1560295
313565
1294357
478417
665337
1256357
686668
679403
1379300
456096
681219
630664
1446805
699569
1502685
659004
1364874
1480948
712616
1288252
755780
648217
338857
745013
716222
339573
718943
339841
778613
1348946
338484
1338649
634108
722208
333819
613936
1389529
1460904
695170
1343385
862412
1453212
375836
1313006
377960
615678
1431657
392289
946012
314412
1507959
335237
826608
1022622
325289
730912
649554
642082
1573044
595522
1428163
706862
802983
704704
1406174
1338988
737812
685368
1328904
777401
1411893
317725
731757
1083308
1501809
1430463
654053
1356609
710686
1343392
332379
1500556
603004
1012259
1616761
1079912
328100
635669
1046923
1412993
781346
931515
682476
817860
353681
807070
1031523
1372280
630920
1490269
674349
1289770
458696
674908
332825
810089
708418
624757
401577
661456
1317368
935388
1297265
1555570
773228
1406817
373328
658337
867542
1452013
327505
614608
1391164
715445
622548
1031250
1558705
1336649
854740
735737
1379710
674714
1370379
1058917
1525824
329796
1508944
348004
776737
1349310
318076
1346077
1074902
1354953
330227
1400456
672299
1532119
1416218
1356003
831637
1317697
1024593
438348
643060
1508052
652598
1450806
338785
1398808
339637
695929
345237
639313
1339306
704907
751804
699041
1516302
1505799
649168
1342754
734006
1519668
331357
1318605
832704
1574320
1011405
381304
643748
1263411
516189
1331181
312717
674573
444314
276808
383301
1589788
646418
1385565
1498588
729744
577552
702406
736172
1508557
714880
1338093
1509829
671900
1344608
647849
1382405
317392
985923
833481
646749
1345240
1467550
1358842
1397475
1290973
815108
714212
314616
604915
1553164
814545
686821
1359485
1375697
773772
792134
649758
671945
1465592
1479360
676088
1362808
346013
635364
1553257
604939
1461247
701849
1597828
628827
1451007
1352683
680993
1334774
403628
1285505
760836
1368761
1338565
1471005
309725
637548
1550617
303984
433517
1373109
345653
675977
369277
302589
694073
315437
782301
390860
617236
1470116
368616
663068
1489064
1081369
639687
1471289
724620
1309238
342921
729614
394896
788477
1349623
705036
1363802
746068
1363638
1464840
701432
1478093
365337
653888
1478856
331615
1413385
335989
600992
750703
1374537
340476
649256
345921
731005
395897
639261
1304853
910700
1497732
690120
1405856
632150
612927
1584892
1296832
782852
1503529
1324758
744992
1277608
866906
1300804
657824
1486688
872482
1367809
728956
1339617
395580
766757
661525
612364
404297
1103003
1143621
1378946
743556
719221
1049306
701999
615584
388997
672459
344868
668991
1339109
315753
417765
1418808
614674
1621340
1491789
665901
1319818
1010588
1198689
655664
595641
377197
763380
1158342
708116
340637
630773
375853
645693
1280422
1574469
1280157
695316
685299
826840
1318019
743805
1285753
434753
721745
346776
606208
318484
690056
394424
680852
753122
339964
707347
1345380
815480
1390460
970881
411557
641233
338520
688797
350921
630648
1462352
379577
1245001
822254
739535
409141
727258
1388860
1379138
663324
1557213
1303433
812457
1486817
372009
1315416
1382356
298208
1615433
635115
1410483
718866
431564
406553
690080
1371189
635380
1502324
1347638
685248
1406892
843358
1352073
319073
1535778
382753
662845
1024018
718010
638606
406057
636812
1344133
794044
1270709
1607739
759638
1375016
328848
278556
1381290
357634
777433
383786
363424
588088
1466317
1465096
377585
961249
1381501
707181
1551733
1301548
778245
1547697
723168
1412509
1345658
352561
1434639
655006
1485786
798241
1384792
335073
1436825
1477454
640150
1437518
315747
1397761
352914
301397
1473027
1378166
473216
661877
1523907
631736
1331205
360961
1459355
378242
603088
330421
658753
1553933
738206
628904
327163
739728
311433
686968
1453408
339449
1280610
440389
688856
317378
799769
1361493
1365996
656016
1498383
312257
609732
1455443
704821
1564674
652594
1441422
330291
685597
345020
296177
326087
337761
707554
1349185
615932
1519912
735659
1327564
795113
346324
740265
675007
384513
641329
1355107
361529
1442521
380664
591668
331441
661248
1560019
785449
1312133
1408558
625232
1480049
614948
645717
781841
684296
1540881
624724
1354726
679241
1541570
923641
678985
1428401
734631
1417977
697718
808088
618164
1069137
899926
1415469
1361625
681676
1516227
621784
1510629
1129660
1101945
336005
605947
765679
653135
363453
754419
1371546
320065
1529271
1528756
634296
1340922
1005886
796701
747793
584649
324464
682481
726551
396461
822061
378240
1288857
411961
622164
711644
1512116
957688
720001
739052
1469113
399312
333708
1340985
453397
666154
352227
664420
1312681
380422
1288548
753104
1285170
793562
670717
1343150
837973
1407461
420839
1275664
715586
1294472
449543
433553
651930
974038
1560877
847837
1376941
379765
1337325
1173877
681571
1245973
337693
716419
1610348
673400
1419244
317560
1450720
712780
1311493
1079584
376908
761277
1389840
1493073
751440
645217
342069
646205
381004
626972
1335516
719504
1500922
615668
321068
1526850
349265
725489
1389109
601241
1393033
624372
1546913
645590
1480176
1159092
690131
1337790
1002915
1493113
661901
1322284
447557
1447613
1408360
693952
622171
323441
664544
320748
856740
1282910
709717
1520888
485092
1341625
1508375
716648
1301335
1061037
657053
729256
632513
648332
1558289
622633
684730
1630729
1407372
327011
316869
1313028
1493224
1379517
1546794
670977
1486816
352329
673864
381220
633737
374489
670689
1437277
644944
1389923
409923
1827957
601158
719320
306377
680017
1448598
636103
1440280
318917
1501761
1337444
650480
1514649
375092
620454
1349830
1446577
640007
1497529
719306
1294443
1568964
338288
381417
1337622
749437
1335061
801000
1353921
327949
1508765
783084
1373380
324569
1423554
1519593
1285313
1147100
661496
1539337
642681
652304
391624
618972
1531537
1354528
689765
1415820
1551921
647200
1461821
1287236
653627
1284815
670151
1491444
1309971
733989
1572482
644297
1292990
1371892
819029
1337278
337815
857548
1451389
1288826
748406
1421993
658352
1441563
690932
1501968
1350600
648240
457011
690768
638569
1453954
354212
739312
1356352
1556104
1316809
635896
611732
1378666
832316
1300381
345076
859525
335359
713324
1021761
606624
1368824
858844
1318896
1560988
866108
660220
1314396
634168
1482681
1443284
729828
762419
699072
662628
1383573
321785
827340
642187
622968
791563
654228
371837
742784
378736
1325956
399637
731184
1320611
626150
1284525
637120
1494668
399409
655237
315937
681672
473785
723956
1384364
667957
1387545
311337
1531904
336912
665698
1578277
1417853
1386798
1453201
662700
1398888
1501088
634828
1294621
1542932
656623
1333465
741939
1416478
1424376
355133
813545
1088052
1012473
1260142
287661
1329711
506285
637904
376913
661661
1560094
751944
1283607
1389020
843538
633980
1437095
783504
1472237
663093
1372965
1491026
651617
1443985
1237521
649862
1240238
1542241
652319
1360187
441472
1490660
373137
649096
299648
683344
815842
679779
1299506
630889
1393478
321073
1469077
373736
668833
426973
781807
1435007
1255116
1366376
858636
1295616
814791
1498093
1306441
695293
621675
1494713
698296
329983
1488220
483528
659876
661471
628324
1502769
667745
1348183
743989
641519
478529
666344
371488
643170
1466567
368165
1281881
311713
645627
665383
721743
317413
885016
684099
631076
337208
810521
1407846
662656
349868
748629
654023
1338969
482229
710860
1490297
642217
1329481
811416
591448
376740
642764
1076164
1489895
1327114
309225
729068
312333
818217
1297450
763708
1552588
368258
1307521
339824
738664
327457
621387
1300577
624253
1429556
1430645
653924
1162172
1430137
1347737
330136
1332940
1505140
1423448
394713
1460076
331800
623076
712844
1490613
643180
1463532
709304
720820
1022779
1345476
366557
584265
474793
624036
1038617
340988
711167
395616
757981
1373418
680900
826144
1292812
367325
619845
672782
1332301
641073
323736
1084513
714058
1582268
418656
1337259
289628
622910
386968
648343
1456302
367817
1439942
661646
461800
1325125
648561
1482868
403705
1322303
332932
1430689
1149693
682078
642132
406565
621280
438829
678952
1310646
757129
1405965
378223
1323786
809131
1371595
1288765
626888
1343106
1519446
307344
362232
624736
1527227
437409
650032
303988
635380
1387827
739821
1310793
678285
1516701
1416311
614660
1309325
898350
1289607
1407001
792144
1329325
368982
1316340
1549076
651573
1411273
348224
735408
1447444
777789
1394125
315698
632436
1280781
359917
265759
1482052
696098
1330050
1260357
733830
613236
1316943
741764
715484
665212
1303254
803304
1466209
1325320
1497508
639020
1388984
320709
1515613
316313
626653
1435492
1442891
650028
1406720
351856
1475804
636868
690523
772861
707276
311136
622309
605544
652905
620840
757258
585356
504772
605303
657165
1575362
1429872
668938
626645
1365985
531811
660472
368105
630757
341840
1598780
385199
650653
1347388
643384
1578712
651229
745709
1454998
395969
1322936
296237
732136
751906
687056
661058
666495
1439532
476669
674416
1320853
748207
365432
637544
629692
367877
618447
307473
629047
1454445
1340388
690703
1603214
355265
1320328
639976
706824
1443414
1307726
855684
634149
1487900
620087
1345400
495085
1291597
1483514
664276
1510073
677431
1308652
832040
635893
293507
1446644
698684
1177852
365653
1007678
1093541
656764
623794
1307705
630659
405837
1499744
324592
625283
1555315
1437964
634932
1283672
645220
1423297
358573
1469357
676541
1508877
1362640
650876
1555971
307145
1460949
412517
846981
1012933
648285
380408
643660
311553
800952
1297693
1452904
385540
1406601
690925
776717
354985
633788
629084
654276
1274340
1443308
673888
1353644
302071
1634642
746388
1264412
1381525
584296
1513786
1021164
508525
670001
1491482
303596
1349068
1174849
1230493
1499213
1470411
641307
1430340
678185
1456348
705676
1460753
1044707
320365
462556
680369
1295849
369424
1258915
1373620
594585
1503254
637260
1535737
721917
1292585
367909
1345315
450385
1299863
351360
1565184
1183521
647440
1395682
579629
1563685
1430409
304880
1527797
622864
632541
716546
603768
1134212
369649
634462
1399477
341585
1367205
766131
1436004
738458
1266318
655908
630649
1377256
853996
1299133
764878
1465321
381901
615399
290847
613128
386033
1453972
344884
629065
298613
1558472
821817
631932
996492
1306238
1559269
672043
1417112
269100
1492908
680864
625023
648356
1447165
646944
1434749
724068
815692
642989
647236
1137941
385937
615572
335376
609514
1276746
756692
1464724
680087
1532317
343009
1428601
1289311
768553
674604
1449736
328927
705140
781758
819252
350656
628737
298121
615365
1436958
1334657
382637
307940
754288
1578174
658019
1317555
379125
714112
1381964
387925
754257
1004565
521549
646801
1045092
775749
1305656
359716
628726
1293756
717294
587064
1136201
1336290
502985
692020
441297
658021
1291545
1302783
873684
1299721
1170443
758736
1089046
656527
1352377
856335
1242528
1152768
398817
776152
387648
626432
1341218
678500
792740
358941
669150
1436878
1579889
973906
1375620
1296469
1332943
617768
1430449
371549
629918
1462453
377473
746022
1316272
624227
1302318
443633
668211
306160
615260
1575108
1124137
651168
921205
744605
689876
1028406
616727
368328
726708
391053
745512
1297020
647400
1351922
493637
1276020
392284
746272
716631
757732
1367834
1142664
1263233
684139
1289519
649623
1289326
354069
783413
1349461
810914
1393059
1240338
641048
1020655
1460968
299700
670970
472988
697127
473333
660680
1251494
377341
1429092
1294313
1431795
723931
1481535
1353203
1476426
634660
1429545
316383
1472309
1402316
1414669
1021570
1268481
1271586
722849
567524
521233
644424
359506
648804
1484104
736668
643952
615712
1368842
768970
351648
1292099
1470558
451014
1318589
315044
608065
1458784
381865
258404
1004361
1453825
773600
1321579
1429371
309217
1487041
682622
1103234
1498559
622127
1546180
1417764
629002
1238761
295965
616909
1493329
673022
1302701
1604616
1378127
638988
618428
1503505
622794
1465529
415629
1462580
306320
1259208
1509856
638716
1311263
1445488
805544
1323403
653385
627124
857690
644936
1026085
1388483
836040
1270647
782487
1408468
1287237
1283677
737121
1396720
316001
630376
1254692
346221
732080
1270956
665456
835138
1309770
351833
1641662
1039913
1295167
1485621
1339542
752225
1468232
1031394
296965
627975
390585
656828
1433910
647055
1501048
1544948
637712
1442262
381705
626633
364573
626277
292424
1258249
728541
615455
473085
624320
1438268
465572
1362747
1393486
642420
627679
318233
808321
935923
386617
762285
722769
830435
306445
1279188
750170
659116
1385660
659101
1455119
1160273
338953
634528
675163
644395
1431713
1021062
1074178
1314623
1229082
390609
1095827
88917
172096
269113
92801
176545
93364
177777
276300
92669
177504
187194
178916
358020
715852
339520
519044
354300
185185
351887
906162
716229
1391722
364072
1314948
580060
463172
1069660
286785
577828
1240568
1298428
273361
639240
1191957
771228
1047429
238989
702337
466728
1178365
736232
1132885
537675
540582
467927
473145
877400
611784
1257195
1114336
244073
1198461
690615
478100
245917
984757
468605
995009
1265327
899937
698332
1049727
1152394
694044
1032093
988369
884080
1123545
668203
1150179
1201469
497716
1422544
278531
605552
642280
1129946
1531541
909669
831629
1108601
317760
1262667
493749
1525854
211380
210233
851226
1235738
575330
1310065
1118694
819504
914054
418488
740577
1140820
710960
1012076
989472
955275
1365660
1046796
638973
1108682
1403161
975233
793028
1211788
602514
1217620
1413092
312144
648324
1420684
270953
558581
666029
1235571
1173612
1064144
1254418
293181
459557
1249671
669265
1175946
825758
440832
1420617
1030429
615084
1275759
1498505
258289
479273
1446895
544616
1282521
1123814
1520651
1002720
855716
1068243
1353771
458551
1571162
505556
480856
469669
694140
1104853
1355146
1368404
1066688
1443789
533016
546168
1346844
204943
490724
1519438
947675
317077
744932
627539
502428
1317896
575310
1563779
484873
1066975
1586902
1714880
1175180
858911
942764
246255
551697
343600
607672
1092915
1390720
1479846
469902
1445869
549836
1309027
1097041
328868
921341
878770
1043453
1216889
1275456
591507
796488
1021501
465169
1145602
1438464
320060
796505
1529572
497473
877405
927912
458326
1208781
1058002
751090
1534391
1135366
636264
1240513
1283473
1130125
614352
811441
246853
474799
863152
689851
339681
710523
1265269
940276
1327823
836764
610709
1603856
329021
1603520
1058911
1415324
899174
576646
1161298
262232
1228232
563972
1238192
888565
1423004
784682
582029
387127
384513
485780
264496
942684
1036869
249069
1217426
602296
763363
1283050
1467732
685521
1262618
788084
642686
1728120
665060
1062100
958654
466036
556608
709404
1008329
1500894
1720226
1577608
1000217
794080
1232486
2143613
858292
451828
706168
2229413
664381
768350
1056998
2238170
1006148
1132627
931597
609955
1454200
402356
390392
933406
564380
1263267
766222
398872
475896
493066
549792
754025
396700
411068
397532
945767
1221270
963496
781445
980656
494871
1183091
431525
432997
921137
1310264
584705
799420
864391
480029
1297449
859616
443801
248645
481676
475464
398685
802992
462016
168179
185785
816077
719288
948957
561825
218159
913872
762623
1249611
677080
827184
212036
437896
261585
481700
262233
863164
898397
227269
964125
266819
534244
416193
1200840
211164
391856
211793
943621
256731
1371412
895821
1031429
498457
1479847
850404
211705
454747
991084
1366484
694903
262917
496004
514450
612308
1329906
402368
884811
271961
501716
1423684
867984
487388
493241
259040
585236
1348046
169024
414957
394468
245060
481321
263057
490048
1605654
435462
881652
762286
1537908
300584
890396
716455
996416
887979
878286
233377
495896
972005
1603844
460809
425516
234528
500284
259121
480128
1329598
889684
1038488
1600884
875216
1034758
1383632
226820
414812
428786
494561
1224009
907104
889412
707992
507342
478608
397481
733212
458780
431102
1006734
238948
255808
1592502
439264
905300
992881
888193
486312
899105
507224
1109876
1504224
876816
490360
981332
863551
887284
450958
983094
722031
1357868
452551
948094
1263980
650608
433560
228400
448174
1019006
682616
906012
248855
430952
907881
267217
265813
1355381
893521
435948
1000649
261617
1593156
219043
225497
414361
950149
1150276
1047924
988580
963745
512833
1580480
250103
409083
811911
516333
259530
490904
852888
439600
467154
443797
515579
1052072
1436970
398364
883764
522735
1362277
236896
422848
227821
438332
267840
494848
1374645
889034
416536
390084
753988
1275692
527448
852372
259729
994829
369200
964560
253057
413785
651008
452663
506249
478451
505161
604645
203267
669394
250165
496809
1179788
894544
873345
413296
986503
603832
1206292
897163
1044382
885289
690256
649980
220241
434316
1005556
752608
1006440
226161
951176
264871
565385
1428643
435682
860855
266085
1221114
649200
880587
255173
1000020
1619527
421172
820120
263673
999994
396920
740436
873845
1006968
1371274
681024
832640
199949
493505
683752
1748714
435075
956308
489020
1738928
299085
950700
241509
480620
761785
1482620
235492
433061
230636
465120
760784
616148
1613384
474027
968588
1007550
1473579
891857
490951
482932
1651236
569184
943670
242401
991605
700574
1257400
946664
950583
1469317
575268
456872
243028
450140
987113
687104
1279428
929929
259222
497280
1694429
1044943
476880
1001028
265185
759508
519684
218904
230620
231233
422702
963652
502852
1753368
256012
479756
247529
466868
978332
718361
1198856
444258
957747
1540151
731316
923176
991236
476168
1495012
439884
936104
501616
968881
1008857
953384
479897
975564
1532884
462023
899532
508528
486012
1781204
952233
974796
509752
484452
1182318
823493
2376652
393939
365213
339640
719369
368512
193675
349620
796673
682359
1200348
230772
351516
558037
1037753
630228
889824
309102
282920
150993
320715
804990
952175
456508
584551
243213
1839725
155148
283228
645408
220879
600391
1206724
284692
708152
326541
1558552
438256
677860
561745
1157793
443964
330177
1783884
324792
560804
152219
425293
1561628
154825
570109
219455
2006217
878769
542672
352592
