16938030547592
16938038547134
16938070491092
16938082564634
16938106482925
16938130555508
16938154493717
16938174567508
16938198493591
16938218562925
16938226572091
16938254542716
16938278494008
16938298545799
16938306500758
16938326548924
16938334569549
16938362542966
16938370580132
16938398485382
16938418551257
16938442483257
16938478495299
16938506483549
16938542485132
16938562483007
16938582543923
16938606487340
16938626545840
16938650491548
16938670564923
16938694495589
16938718564173
16938750494423
16938782490172
16938802493214
16938830548797
16938862576339
16938870556839
16938890544130
16938898573505
16938914485339
16938938588089
16938962490005
16938994488880
16939014578463
16939030558338
16939054500088
16939086491546
16939114556171
16939138494963
16939158564296
16939166584379
16939186548963
16939190491296
16939194574879
16939214553713
16939222563754
16939238486254
16939262581379
16939294500171
16939314544295
16939322581337
16939342568170
16939350575629
16939366483129
16939390573795
16939414491795
16939438561753
16939462495253
16939498488086
16939518540711
16939550494211
16939582488544
16939602539253
16939626483253
16939646556628
16939670487294
16939694562669
16939714497961
16939742557252
16939758501085
16939782545002
16939806494419
16939838500168
16939866568043
16939890495252
16939918573126
16939926540001
16939958493918
16939986483918
16940014504459
16940046574668
16940054557709
16940078492084
16940102551417
16940126495126
16940150540959
16940182549167
16940190537584
16940206482250
16940230578625
16940258559584
16940266542375
16940282484417
16940302549333
16940310583000
16940330542500
16940338571333
16940366544625
16940390495958
16940410547583
16940418502291
16940442536958
16940450570749
16940470545374
16940478559333
16940502547249
16940510579249
16940538536957
16940554481874
16940574545332
16940598502791
16940618543999
16940626562915
16940658486582
16940674492624
16940678544999
16940702481540
16940722570498
16940746491123
16940766568123
16940798491290
16940826536290
16940842481915
16940862550331
16940894490456
16940922537248
16940930582206
16940962491789
16940982535497
16941006480331
16941026548331
16941034574789
16941058491539
16941078561414
1694110248