22595559
15460136
31835593
14739787
31617930
16128714
15896370
16136732
15211132
24163109
30479953
32069013
32007747
14836117
15829310
24154833
8171516
15445095
31059563
16161573
30743434
15529833
31703342
8194647
31077724
15389182
31340799
31755195
31042085
14860493
15748832
31931559
8055817
31027236
32050346
16170763
31303272
32014518
16134882
31654930
32013642
15833207
31426765
24207847
31374949
15421835
31291069
8152606
31143551
31214638
23753026
14975720
31666037
8222535
23393187
31214806
15809972
31272632
8179988
7373488
16073623
31917027
8178816
15851630
6665833
8167596
15766667
30722364
8167901
30902332
32035940
14781146
31183599
30642760
15814589
31115916
15947041
31303311
8172785
31246700
15913044
31295256
31974850
22372492
16168108
15450302
31980709
8201117
31248180
24070900
32047629
16150137
31620593
31758178
16172053
15437061
7764697
24043206
8203977
15379729
16180546
30845514
24185186
31443441
15144082
31615739
8190894
31382842
16203331
31334780
31707289
31730541
15957502
15300929
8172091
15633405
31033666
15724808
15255277
15332576
15330837
31598555
15365469
31731068
8177310
15046896
31387738
32047716
8152152
15533437
24115879
31300927
15324657
31750085
16195987
15580506
15123939
31633176
15928168
31700148
8213268
30805159
24191112
8149600
15523547
16186629
15364486
8170244
15523815
16202295
15318897
8142280
15517235
31100150
15876719
31762891
16201401
7353478
32037931
15320917
8207035
7328174
31921964
31422211
15366080
31453439
16188862
31327111
16198322
15459066
24169616
8170051
15417033
31192852
16159656
30832831
32024262
15886180
31236643
32051367
15429241
31766701
31453066
15757394
31929859
15964392
15373504
16097933
15514943
8189646
15423693
24148373
30426711
15871379
31770720
8204073
7359879
24109392
8157393
31330269
16157588
15453012
8161839
15436252
8149969
15466978
31156684
16155903
15379189
31419944
8190083
31367861
32038188
14599484
31341001
24146286
14482334
31502170
31699931
15644430
15385513
8131993
15605124
8096431
15287980
31235802
16147314
30781190
8148671
31156684
31442043
15903308
8114456
8179265
15748636
30556236
15941771
31659014
24175354
32033968
15308482
31390357
15919797
8163572
31676124
8243705
14604600
8179099
15428087
31227376
31762245
8184458
15348312
8162992
15488023
31141393
31724595
31733452
31318943
15925329
31218467
8165041
15457636
15696650
15274183
8118415
15498045
31106744
15888963
31726297
31739254
31753704
16238225
15287744
30703197
15540860
31355219
32039429
15454694
31220342
15906538
31350200
16176592
31294194
8202874
30795890
15647050
15379327
8165015
15598825
8047281
16102798
30478831
16157750
30798920
8166332
31209950
8184254
15670135
8167487
15527303
31023123
31722446
31706329
31263293
15647599
15031160
8156054
15431181
16152930
15449754
24150117
15367542
16123407
31617525
16160146
31315715
8169056
15471560
31159669
15799409
31423428
16193956
31363638
16203587
15356870
31749738
31744994
31683830
15867451
31206298
31727671
15482973
15763864
16168078
15632359
16200827
31364139
8164098
15421668
8172746
15487684
8183223
15397553
31246918
15893237
31648566
8199825
31382599
8079516
15309219
8155584
15509028
16164130
31221107
8075569
15468113
16188413
15333960
32044113
15328438
24135616
32041473
14668596
15877188
32030565
15519952
31743950
15628645
14984466
8154364
15414825
8154553
15484735
31154065
15936790
31695507
8205129
31365657
15910276
14821621
32028575
15302035
31416357
8215794
15321823
24150589
31190181
8159752
15503920
32066166
31745695
15121752
31755060
16223766
31012898
8197933
15385185
8154891
15355271
8177965
15402540
31239957
31795292
15599841
15109026
16167993
15355086
8165132
15450247
8158879
15458023
31165861
31696106
15928225
31402405
8193564
31237427
16161309
31150103
15586633
31393273
8186797
15392219
8181234
31283594
8080039
15346843
8175484
31320486
32060451
15448216
31257886
8191192
31329888
7258565
31277385
31711750
15380218
31378567
8217339
31339518
32042384
15445423
31262806
16159882
15587821
23055960
32057953
31730047
32035664
15965827
15263651
8159567
15568823
31081807
31705301
15773339
31441057
8172894
15445625
16043870
31914904
31730639
15356111
31354738
16181122
14704717
8174979
15357020
31963231
15412834
31765665
16172177
15447349
8144223
15436153
32045324
30464167
8156682
8198678
15470519
32034483
31330063
8192501
15470692
30494696
15929354
31721960
8192911
31424657
8199526
15382194
24126681
8079865
15395107
31208708
15943776
31655109
32052456
15458976
30638359
15456584
31607303
15865467
15757391
16153763
15477557
24143313
16158606
15482669
32053050
32032127
15877284
14940714
8155315
15455642
31146497
31728469
31770831
16215020
15334893
16171969
15424604
16106513
15443251
8183797
15376699
32058765
15501833
31738104
15331745
31760875
8081071
31360854
32026313
15340092
15893119
31388319
16217694
31350968
8218235
31392107
8189687
31362217
32029677
31332230
31739406
8302786
15000834
15874989
16192592
23405155
16171060
15825009
31614431
15903046
31681565
15489714
31746439
24054477
15646980
15099186
8157902
15397899
31237654
15935631
31671345
24190050
16163877
15525021
8175474
15412136
31174617
15942493
31706206
8202621
31039004
31183831
31720510
15645746
31282130
8150999
31273363
8139450
15724718
8157794
15556275
32032880
15361232
31753797
31735609
15960719
15231179
15522044
31638617
8199082
15384329
16173952
15443747
8128052
15391443
8154193
15498752
31125610
15892487
31732904
16174733
15454908
8169362
15501755
24169779
15391573
32036403
31208237
15469703
31314464
8189507
31341818
15638125
14980861
8176699
15372165
31176254
8146210
30895428
8149945
7701925
8056142
8168690
15506674
31097183
15881793
31756787
8210635
31359971
32027933
31367177
15657441
14941737
15405601
8153530
15486498
31157196
15950948
31723064
8198684
31351427
14743243
15399912
24147813
16116129
15427811
8188812
15378796
32075684
15476583
31733819
15565752
15804708
32028161
30586745
16097265
31269134
8168231
31294702
8152468
15431331
16159448
15449740
8155078
31287127
15621332
15289682
24158183
23173707
15605032
31597901
8163669
31323058
8207695
15307154
31458002
8202439
31359790
24147268
30465643
31761317
31454992
15899908
31376463
24154201
8161261
15526001
8176206
15387825
24093791
15504990
16187571
15322411
24005348
15769731
31400763
8168616
15487034
31155035
15926203
31677675
15566949
31173414
8198130
15394662
24150266
31179707
15493591
31756510
32029152
15467668
31187804
31417321
15525534
31370107
24193170
8194779
15341062
30679162
16161307
30861920
15547626
31363349
15328321
31764884
31741060
15969390
15383930
8154309
15485242
31023027
15902054
31706585
14629846
15469561
16153452
15537099
32035862
15486439
31268578
24202913
15589450
15085821
8158767
31278093
8148973
15475441
8178785
31225245
32039296
15322022
31350031
24149495
16156780
15518224
16129551
31616504
31706872
8084678
15749433
31351078
32052551
15416280
31204951
8158119
31296042
16102187
31261438
16152710
31254719
31291282
15625497
14925634
32024258
15384200
31759411
8224688
31357707
8186217
31263851
16158559
31477208
14991366
31751768
31983088
8102447
15521095
31311905
8194389
15389264
31527995
31769731
16194005
16134378
24146247
30501042
8150301
8134410
15846783
14964567
8165048
15474819
31112388
15880515
31739955
8196847
31358975
31780610
15659918
14958942
8154115
15405383
31203700
8165529
30854689
8158146
15514119
8196192
15398333
8160115
15497538
31123328
15838373
31759466
8201345
31398008
32029862
31322117
31793924
31467139
14995349
31683296
15675541
31438367
24190138
31321560
31196747
31733653
31320564
15900800
31359873
24158552
30428810
31760411
31455710
15925686
31266893
24129833
24095863
8188159
31354768
8093789
15299404
32026243
31164294
31340652
15916474
31334330
32046898
31329628
15343399
30790579
8188947
15427331
32026092
15331594
31371627
16181586
31343805
16216045
31334462
22998214
32037684
15320271
31341725
16192841
31354060
8056869
31211677
15845165
31448444
8194453
31185520
32018186
15383178
15471128
15335058
31638692
8194174
15407916
15351444
31669906
8183272
15427225
8155795
15504768
32039578
31155138
15857775
31326937
32036004
15343005
31449250
31731931
30535115
15613461
15773421
24151561
8182749
15433640
23219135
15941879
31661172
8204352
15210228
8156680
15517867
8184027
7187271
8133203
31238619
16165937
30704838
15550004
15080161
8052382
31933443
15362213
31298270
8214819
31353212
8200376
15403441
8153256
15500574
24157393
30438582
15934838
31645138
8202195
31361894
15915767
14827832
8154121
15500912
8211333
15330348
31277676
16169898
15370224
31523139
8172002
15474762
31933373
15897533
15027125
8150946
15392550
31244660
15939897
31659428
24198357
8188524
15486722
30515934
15939598
31715599
32045001
15919491
31376668
8138639
15420493
8156156
15487995
8178672
31245981
8146442
15530044
8164920
15384228
31216451
16160487
30748620
15619674
31500402
15660124
15075543
8160125
15398102
31221828
15952872
31667835
15574775
31219289
8182568
15712343
24173331
15508324
16153696
31628765
16191747
31573460
8161474
31254799
24163230
8212304
15366786
8156842
15513170
16173097
15362082
16162372
15455540
32033940
15390085
31768509
8207607
31356725
16205341
31375822
8084391
15326415
8165370
7332552
24116130
16185356
31253517
32064676
15878223
15012428
8052571
31938057
15442268
31192749
15446328
31750217
16204185
16218697
15280828
24163570
30423516
15931648
31686374
31769683
32049813
15947892
31308224
8208235
15352749
8149380
15507305
8186034
31214268
8161393
15487906
8158561
7266697
8088371
31231413
15909389
31644270
15568105
31234110
8160594
15413941
24153973
8128327
16194421
15722898
31996824
8146048
15696819
8195158
15418998
16078527
15417093
8163649
31248881
32062430
32039028
15354017
31309624
32045900
15948232
31397179
8184743
15429368
16152388
15496081
32030964
15456617
31268203
31949304
15889151
31342970
15635757
14947051
8164044
15399249
8161167
15400759
31164844
15937628
31723028
16206778
31312056
8213675
31371930
8176930
15408181
16160116
15475612
8169107
32026839
15518422
31762189
8182906
31068002
32031465
30618613
15478297
8103929
15795946
14951505
16152212
31388126
8076964
15345725
8166542
31325540
8167829
15342943
32040139
15501909
31776304
24040906
15434282
31200961
15878169
31263693
31237176
16181969
15320285
32033960
15350183
15900344
32040255
15669441
31677770
24189403
8174988
15514704
8179584
15412464
32036173
15527325
31735100
31793452
8215931
15368755
31976800
32029413
14761642
8114867
15857413
14982747
32028959
31228299
8135339
15426766
15881229
32016034
8131665
30952604
15438392
31767355
8212106
31368919
24151370
30445777
8153887
30920929
16160000
31184441
8166799
15450915
8177010
15385774
8165861
15478104
31118048
8184536
30936472
8168027
15571305
15114996
8203770
15355785
31261319
15900358
31583003
32013769
31741437
15856563
31362807
30634901
16095305
31269559
31449540
15338168
31373863
8156712
15743995
24154166
31152708
15670832
31656170
31984565
15920363
31392648
16203434
31345346
30595561
8163443
30647685
16180063
14540095
8158593
15541720
8139492
15359068
31255317
31740950
31796063
15586566
15091162
24148786
15375522
24100080
8185202
15399352
8159455
15489278
32046205
15364018
31741705
15472229
31733823
32028413
14859640
30668756
15909713
31284871
32039185
15384599
31280303
24220517
16167703
8131980
15849249
30862961
32053344
15158776
31461279
15348458
31345926
15638733
31761192
15922752
14753005
8164145
15502868
24193888
15916942
31623955
15575484
31239333
8180878
15347717
8160922
31320103
8149115
15425359
32037897
15340842
31338843
14750715
31620317
8153633
15433031
16166676
15253878
8162585
15428872
24153543
30393052
15926162
31722368
8213158
31360596
31972330
15460853
31121830
31021880
15892402
15777278
16163917
15513503
24177775
16119730
15478678
32033165
15461732
31240879
8167709
15493816
8165870
15460331
8162101
15470614
31117318
15880252
31763151
24222820
32032562
15221024
14878345
31221874
32032780
31795617
15636295
14935460
16157197
15241589
32024852
15490947
31759138
8219096
14632705
8165134
15418858
31196887
23970395
16170380
31687642
8192987
15397719
24156358
31209402
8167545
31311762
8193513
31301191
15879143
31751066
8194512
15407818
8162398
15481495
16173032
15199544
8162770
15536480
31064613
15884104
31715233
8213214
31366208
24239584
31985953
15708744
31261444
24132617
31351006
8191428
31372379
8152114
15480783
31153124
32027545
31751774
31772739
16223133
15368233
8169010
15424747
31181350
32043237
15908165
31336138
8203521
15361631
8112897
15486375
32041526
15394063
23781470
31774605
32033922
31292062
15884725
31328832
30612581
8158213
15432399
31966815
31725649
32037975
14852820
31245408
8179792
15392769
16157606
15471760
8178050
15365284
32033516
15463790
31764178
8214009
31371493
32034147
15461758
31179827
15701597
31661779
15885022
31162084
15491756
31760997
8178862
31372158
8219682
31438444
8206020
31401923
8209135
31361563
8192219
15384264
24146243
16180867
15377489
16168421
15445952
24149531
30453560
15909458
31665795
8196486
15356425
16139502
32038721
15446868
31742138
31743302
16115445
15507510
31445355
24042405
31334354
15341786
31388663
8176730
7368386
31922796
31199931
15738793
15451456
31299869
31733467
15351268
31439885
32034450
15941262
31397071
16203408
31345540
32031059
8161377
15805977
32037591
31281437
15926675
31753543
15913887
24079491
8164537
15801020
8166444
15498859
24098922
8188129
15397336
32030021
15248492
7392145
24070225
8183950
15433052
32024845
15878647
14913669
8160193
15463502
31125218
16169331
30865893
8167866
31227542
8159906
15499002
8175394
15382813
8166602
15497727
31114698
15886506
31749862
31730117
31736444
15897781
31225338
32030020
7248344
15902764
15339294
24148236
8091113
15421766
31104043
15923355
31718369
15944591
8085809
15858462
15023926
8162818
15479344
23105942
8167690
15822280
24141776
16163739
15447639
24154705
30423217
8154601
30872114
8111792
15538515
8193948
15384316
32036451
15512972
31751884
15948391
31245141
31700631
15892406
31298125
8169608
31242743
15661996
15280722
8163822
15508441
8087446
15330683
31265442
23971796
16160080
31694546
31213560
31723637
7459158
15805183
31703804
15371722
31762577
15905435
30758229
32042974
15952205
31258121
8175125
15378613
8151251
15502110
8185349
15353026
31220098
8148099
24162938
31203191
32047316
23790171
15339573
31426313
32055085
31333387
15875879
31224537
16070400
15419267
31764866
15951327
7764874
24092866
32036133
15463149
31252791
32027531
31745566
15359204
31368381
16186486
31352073
24205550
15574597
15109958
32027436
15388002
31766475
15919224
31753872
8183111
31390127
15326666
31767571
8207871
7372463
24109734
32038393
15492942
15813504
16060245
24046728
24212533
31341391
15641958
31757971
8201528
15367627
8188690
15452070
8187260
15326738
31224217
31777149
8205855
15327809
8161277
15474681
31159960
15956573
31680188
15586699
31265003
8187602
15374045
32035499
8161779
15823694
32040190
31320636
16204522
15312076
8067493
31922474
15330047
31319307
31767913
15619844
15008408
8168946
15445953
31178738
15936513
31710433
16204536
31352698
16192404
31357634
24186101
8193585
15386033
30680751
15946918
31689865
15564307
31228204
8160593
15398414
8150224
15509887
32031543
15417790
31786487
32060632
15918336
31384587
8207958
7213205
31345102
15919198
31748036
8152569
7373101
8101550
32036484
31178053
15860895
30661161
8151498
15466657
16162558
15436655
8146948
15444246
32033789
31276938
15835320
31413499
15956626
14866524
16154860
15510151
8207086
15385734
8161006
15497215
31120848
31704815
15893904
31426184
8214093
15345844
31520481
31759916
8083289
15327038
8167826
15453138
16181386
15329922
32028755
15448477
31755867
8191838
31404752
16197564
31319949
15490132
31159433
15948900
31683519
15577022
31217960
8168317
31312025
16170457
31235520
31758024
16176100
31222103
16153714
31492314
31765013
24070212
31343088
15918179
31748988
15365244
31731204
8180699
31381969
8135437
15401225
8156875
15496246
8170445
15391870
15223521
16167698
15727708
8165712
15436467
8162594
15441369
31147056
15880263
31736156
8220770
31353406
8166510
15458882
30548161
15941918
31719264
16234143
32037161
31584831
15367107
31465957
8199789
31365589
15718337
15240334
8181075
15480452
31111893
15908122
31763147
16207688
31359775
31448672
15905070
31513262
8207109
15378574
24145525
8167871
15448120
31179675
8151938
30878510
16155648
31191268
8165310
15538772
24188987
32035233
7373018
15299541
15818444
16173754
15389970
8163315
15452787
32034907
15461227
31770609
16184017
7371712
8217641
15283305
30663487
31779828
15592823
15099883
8163016
15392043
32047676
15424266
31765555
16213423
23381960
31221129
8192394
31222866
8165251
15485709
8166014
31284186
8177256
15455029
8157816
15394327
8168521
15454632
31118087
31703056
31730783
31434348
15663954
14942162
32040518
31229353
15422473
31273415
15569087
31358227
8145145
15258797
8153448
15483533
32034010
30459494
7475835
8105144
31333895
31715524
7246819
15770085
31633125
16231864
15347827
32055763
31212177
15458768
31349837
32036645
15962116
31389622
16181880
31377405
8176428
15426607
8148241
15508443
8165751
15360444
8191170
30863828
16085206
31200639
16174159
31159646
15559088
31743369
8195972
31369856
8075774
15373530
32044582
15282203
15377851
15366281
31633194
16210091
15722237
8062003
31927644
31220736
15582744
15088146
32027638
15348355
31336497
32034804
15344582
31285234
15911158
8236672
31242786
32031495
30590753
31402686
14996098
31634938
8204102
8104492
31646229
15098452
31636990
15881725
8065907
15880563
15030758
32032891
6465424
15870157
15437513
8197873
15373399
8177107
15480176
31084237
15901132
31761157
16207469
31335489
31473033
32036324
15498880
31769899
8210631
31368108
8218785
15343575
16156383
15478215
24156387
16161919
15512769
32022894
15887987
31752327
15645885
15396829
8171398
31420577
16218958
15370046
31223088
15601564
15043007
16108728
15394514
32033236
15477908
31196869
15869593
31338576
15339126
31768137
16201454
31374424
16214646
16158901
15125456
8199372
15344325
16163708
15481769
32036889
15366420
31771347
8190291
31363202
7782953
8048752
31182778
15541417
31767540
15658528
23764574
8047102
8174644
15384245
31226064
15948593
31659517
15944674
31202678
16164816
31293811
8164667
31309878
16167411
31237683
15381967
31719066
31439601
15612813
15082248
8165906
15405692
31200197
15946956
31698594
8208640
31351042
24180457
32040966
15309204
15817370
8165517
15627516
8037876
16122460
30443410
8149903
30829547
15652989
15589670
31279244
32034771
15237717
8164894
15456117
30545968
30848557
8168681
15359451
8198466
15411282
16149460
15453706
24159946
30429094
8165061
30794158
15055588
15302696
24190666
16158511
15491755
16171304
15361010
32039830
15491783
31761675
15653581
31733409
15918244
31143902
15483566
31765748
32043585
15907232
31342576
15386527
7757999
15580566
15456399
32021571
30490790
16155409
31195758
15881859
31755184
16213703
31339514
31426161
14989654
31672160
8157245
31217034
8161444
15483196
8161674
15406215
16127999
31607625
8162915
15421307
16152560
14595162
8168922
15471804
31113083
32037829
15007341
15853797
8169787
15437750
24095487
8208563
15366842
8155566
15457084
24113633
8186842
15387423
8159806
31351353
8187791
15354298
8150789
15491268
31104906
8160671
30888662
15499571
31637789
8171136
31327237
8184849
15375872
8169556
15504759
8175455
15371103
31233384
15949182
31645376
16214822
31363256
8184066
15395812
32043320
8146016
15707546
8160500
15506727
31107374
31724268
8129550
31216800
15519164
31364333
16204457
31093082
16189571
31286178
15961684
14876196
32038396
15306114
31471792
32045267
15509372
31713982
15551916
31255927
24199346
31358956
16196720
24199912
31168375
15867870
30929103
16162054
30606690
30681028
31742567
15597381
14999729
8163554
15399250
8157792
15424717
31161859
31749214
15887021
31302464
15553408
31279538
32042803
15463185
7240077
31342451
15887394
31243744
31733928
15950180
31292349
16177094
15377402
8167889
15430176
15939483
31713222
15679359
31759195
8090714
15381370
31213926
15937376
31688436
16198761
15576871
15086868
31650036
23773512
15899234
31219280
8153877
31292470
16157330
31230846
15405457
31768761
8201824
31424929
8208386
15373762
32039551
15299423
31391107
8218391
15343889
32046568
15324212
31383273
31997174
8123800
31213555
8232192
15349995
23444473
15892955
14961310
24158188
31183371
16122899
31340887
8157017
31363691
8167991
15401245
16164440
15401694
32040601
15443179
31730097
31767562
15897903
31764913
32039030
31131150
31368201
15438774
31255957
8211141
31347303
31748729
15334757
31344638
15627489
31310090
16199631
31300354
8195548
31350499
8191047
31205713
15657826
14944624
32036700
15293878
31774651
16211595
31767613
16206117
31358161
8187794
31360509
15913486
14846502
8154895
15466576
8206720
15361977
31240860
8156177
30817338
16194049
15708617
16191302
15365899
8163249
15476099
8167533
15386692
31218529
8067728
30752278
15655840
31627399
15883031
31749353
32037676
15467924
31159529
15540068
31331955
15448063
15275943
16161645
15535133
16218003
15343952
16164981
15491384
8186973
15372308
16158689
15473674
8177242
15378373
31218645
15943667
31680631
8182867
15609621
24195744
30459809
32030431
15880543
31269189
16179950
15303603
15355283
15373273
24152129
8075857
8027854
15408649
24147245
30445072
8155483
30898759
15660406
15214658
8155746
15461016
31967784
15390836
31737535
8207703
24183082
30456241
15909544
31674015
8197631
31362503
15926705
14828720
8153384
15495331
32036078
15367141
31759115
16216057
31361664
16198314
31346439
8179108
31267476
31984586
31336507
15606791
14985453
8164697
15361430
8168728
15438351
15175108
15937694
15260223
8168710
15398525
24088086
15382005
8163736
15445372
24161121
15386680
8162720
15446839
24143985
30425915
31722149
15911949
31372246
24193429
31336958
16206134
31371256
8159840
15485222
24148538
30448002
8156432
30880186
8095304
15530176
16207457
15350527
8174094
15469093
31974496
8207597
15724671
8174377
15531492
24078183
24162587
15500334
8185264
15374021
16111529
15482830
24150078
8165661
15509854
31093277
16196098
30886917
31760778
8221338
15356932
8164418
15479217
31147693
32038293
14974729
30825137
8180251
15372508
8166286
15482745
8187204
31205981
8165787
15475516
24051240
31938281
15969955
31322745
15405554
31769709
24212201
15594274
15010239
32042298
31199457
7761228
8050971
31368149
32015788
31334795
15883935
31201506
15911971
31351023
32039866
15443621
31238396
32041255
7785223
24099381
15637102
15011974
8156966
15409519
31205982
31744353
23778365
15504663
31225619
8163706
15469061
31496866
31765842
16204467
15350302
16095294
8158556
15484964
32035542
6478282
24040813
16165776
31159616
31336698
15875332
31374739
31489378
15604019
14951032
8159756
15422953
31160891
8162945
30874445
8195415
15496355
24231531
16166368
16193692
31171877
8161429
15480968
16067561
31933757
15920393
31322944
15485684
31251895
32036241
15460496
31161740
15559480
15093722
8053082
16053022
15379934
8161965
15410206
8174478
15397905
31179241
8167019
30847798
15572062
15038024
8151200
15388023
31193665
31726765
15951813
31361683
15341374
31767880
8215101
31328521
8170993
15464739
30533232
8159084
22871523
8144398
31688967
8177601
15533275
24142999
8205118
15372210
16179231
15451534
32058672
15384167
31757016
16222657
15364039
15338086
31633793
31753889
15233811
14916561
31629289
16197637
31347567
8162023
15452128
24148616
30443047
31734478
15940562
31410527
16204923
31386035
8193724
31332519
15341132
23759942
31224337
24152023
8045393
16100058
24158637
31174175
16155690
23207089
15862540
14946360
8179978
15448297
23119580
32033152
14980732
31340306
15607999
31414864
8207827
15358541
8160830
15472709
16186057
15328877
8170481
15477014
31094087
15934058
31763740
32037319
15945111
31384426
8202732
15360328
16160592
31313688
8072705
15403193
31751065
15631610
14916989
24154260
31244367
32045026
15248022
15429078
31377248
16200904
31286290
24206556
31343242
8201752
31371091
8172034
15414478
31175571
8157347
30891121
24165987
31156434
8155627
31191299
15494300
31713535
31787284
32042077
15923331
31329239
24142527
8189602
15325676
30650470
15940411
31734159
8201716
31366134
8077277
15333075
8172555
15612547
31083962
16043261
15016445
16211133
31351753
32037075
15455886
31234475
16164823
31205739
8182423
31224391
15470119
31740690
24201995
8197433
15340540
30680894
8167364
30862861
8162891
15540455
8208629
7192389
8131318
32038326
15501507
31734687
31476750
15633344
14988354
16166621
15253711
32036839
15460872
31769711
32030033
14888610
31209024
15529820
31770282
8203228
23373958
15331706
15087934
32042447
31155830
31266095
31006731
30649176
15841099
15792257
8167792
15473029
32022517
15877019
14999302
31993348
32041918
15888957
15304106
16161136
15648738
32040775
30493040
16170333
31641994
8200382
15223643
32040682
15274493
31346700
15905658
31229707
15407133
31760454
32025953
15468836
31246508
8157117
31208793
16161368
31285586
32042685
31256783
8123482
15739715
31453201
7315121
8052252
31682054
8204769
15377434
8086527
8022745
15461681
8168505
15379518
8162477
15456583
31101979
7754954
15328817
31667045
24196898
16116871
31571917
15565782
31250121
8198375
15727837
8167215
15568657
31092210
15889090
31758024
16213743
31764612
32037266
15927672
31368355
8235654
15344283
31483259
8197021
31373964
8214239
15345205
16113166
31617756
8173903
15356959
8107311
15467617
8187319
15348425
31217154
15947290
31689524
15664448
31735424
15346854
14996017
31322039
31751247
15342348
31339036
32029130
15924289
31372242
16204260
31337234
15349853
31752961
16200368
31332768
15381840
31736570
8175690
15390405
16135227
15424143
8167212
24081218
24155912
31243766
15624621
15278115
24151528
16211056
15385098
8080994
15429230
8169881
15385450
31201705
8161577
8149494
31733532
14931817
31750260
32040883
15983937
31368073
24199350
24149513
16152970
15373860
8203437
15353377
24163473
15465051
8190064
15349706
8160942
15497566
31081676
32032503
30875692
14885105
15323752
15563097
31581540
15609500
31222232
8212062
15337361
8165692
15495128
8168020
15418399
7257211
16173118
15828527
8160816
15422850
31198669
16170860
30796998
24146088
8204556
15377743
8159888
15495836
8169142
15377443
31214068
8158813
30815538
15886931
14890387
8171461
15505891
32029743
31182085
15855787
31339797
32048499
15475065
31233014
8107574
31336241
32034304
8092721
31703941
16200130
31356289
16199869
7339843
8213365
15298108
30622672
15934175
31648517
32043281
15924723
31399491
16207198
31407780
8207708
31386521
8210521
15352657
24146259
16166925
15384157
8169493
15484780
31100483
15876154
31752136
32046501
15960217
31387482
8198481
7209328
31356333
8163806
15483976
8074995
8068401
15354851
32033290
30467624
8181860
23207107
32030583
15728605
31749191
32037713
15850993
31377925
15901337
31353462
31779995
8178604
31302033
16154391
31297974
16168370
31278204
8170128
31304100
32036655
15462157
31773188
8204466
31420028
8073220
8090441
31352104
32058220
8112565
15501190
32039949
15468063
31268602
8138040
31353628
8186324
15366629
8087458
15439095
31219318
16166368
15465817
8163195
15430832
8165822
15485494
31100299
8159461
30894863
8184944
15466137
8205842
15360811
31978383
32027737
14765720
31337137
8184626
15516208
32033628
15462673
31230906
16087318
31212339
8170582
15474516
8170222
7225018
8091450
8162439
15491593
31100641
15889164
31727922
15341504
31738467
15501366
7771298
15380406
15363791
8155805
15460004
31101449
8172968
30899675
8176474
15472187
8193870
15379895
32038797
15496507
31765060
32041507
15301523
31358824
15634642
14975759
16162670
15371162
32041717
15461573
31746517
15704322
31156478
24044832
15277029
31398635
15942255
31316408
16064521
15892201
15025757
24163007
22434952
31741599
31619635
15343314
31404341
15571965
31256640
24158690
24162980
8170180
15415132
16163123
15424674
8173098
15382795
31178300
8139210
30858333
32040540
15361209
31445134
24157923
16172515
16229327
15459153
8159018
15442301
15179672
8171191
15831240
8161913
31277042
8162858
15398872
16119665
31258746
24204894
16175944
15308325
31760770
8207590
7204037
31344435
8168726
15473394
8196736
15372141
31236823
8146332
30789595
15872677
31424477
15643674
14962779
32045136
15389036
31785695
8203657
31344245
15343630
31717302
7470669
8116357
14956013
24155526
31272967
16115629
31617015
8174805
31281958
24047221
14820522
31259669
8197922
15347953
32031071
15540347
31769377
8198994
31342175
15331926
31731247
24192294
8178539
15503681
32037773
31226173
16084282
15300202
8164918
15484321
8164122
15442530
31146160
15935917
31681471
15366409
8149106
31468129
8221977
15356896
31973241
15449364
31736377
15570697
31266438
16173750
31254780
24033122
15341417
31315245
24198863
31284963
15359264
31773709
8174437
31253922
32034202
15886233
14992220
8171132
15359575
8160695
15447544
31144751
15946783
31735926
8197236
31371926
32041334
15449931
31182798
24160404
16081226
15333243
16119826
15419473
32031339
15469269
15243661
31351059
31590411
7756631
8094091
31264991
32020058
31755262
31644263
15847933
31240094
8168178
15398523
8164061
15471712
8176263
15384428
31202855
16155739
30819641
8165738
39183021
14924705
14950171
8177631
15347056
31212759
15787666
31655861
8197340
31325329
31434916
15034537
31748337
8202797
15221704
31335983
32056027
15332471
31245811
16167072
31227637
32043296
7776417
8128214
31260548
15462471
31719451
15535726
31622241
8179639
31306919
15362598
31747890
8200941
31337358
31186975
31749946
24070073
15383169
31741781
15589044
14919750
8156948
15382835
31175379
31725337
15771904
31178805
31719446
15402345
31334421
32031197
15925310
31294749
15356578
31761302
32028731
15882703
31291638
15363729
31760892
32038481
15326812
31312295
7772463
15710035
31690806
31443835
15342379
31390492
15567330
31202896
15523973
31760404
32043944
15913742
8088559
16209918
15752958
32040913
7508037
15311664
31774202
32032712
31740797
15491691
14935417
31734027
15934877
31245724
8167652
15460229
8165903
15389648
24161213
15407873
32040353
15344889
31269888
31338824
16084691
15374950
32054811
15488140
31796012
32041933
15947864
15373457
16120887
16119647
31577161
8240982
15327252
16107527
15450375
16170418
15412007
8164977
15461830
8168805
31287918
8169094
15441930
32037190
15455349
31737562
15603818
31340008
8194864
15355536
8151470
15497548
8160095
15358800
31222185
16160358
30791634
8172543
31222468
8158219
15340609
31190983
32038876
31701261
31226379
15851779
31384002
31453081
15942025
31379817
31463449
15951779
31293943
16160092
31208561
32036140
8158600
15808511
24145443
24156600
30470145
8156563
30867772
8169372
15489225
8202213
15387134
31236887
16162554
30757709
31754811
16141035
15334229
32028980
15742393
31932803
15861087
31423152
32029344
15497371
31256549
24152158
16166838
30494271
32037545
15346208
31293007
8208384
31360177
8207228
15351373
8155598
15506282
16179567
15347011
32036096
15495580
31755426
8210743
31378709
8201520
15391131
8168701
15458921
32056620
31194542
31714714
15521574
31333829
15655053
31751873
32043779
15761560
15326703
31756739
15959153
7764977
31921954
8152985
15833759
16156677
15545047
32042271
15460836
31223269
15851970
14968235
8175579
15475590
8200085
15380251
31257485
8162703
30815430
8160544
15596872
16205229
15357575
8163172
15488098
16187289
15377352
8163042
15481723
31115989
15888079
8203766
15355504
15354370
31669004
8214135
15339738
32040742
15313930
31370570
16211245
14489980
8172939
15543117
24191597
30467359
31773278
8198309
15334751
8171725
15428578
31182618
15945235
31694762
8202920
31380840
8190978
15367828
8168648
15502903
32023341
15400022
31763263
32049236
15934745
23399200
31224775
32030132
7198821
31650473
31497747
31768026
8089118
31383291
8201154
15372971
16061650
31922374
15901797
31232042
15560020
15058000
24168908
31267842
8166597
15386424
8154475
15398544
24130235
8201021
15371446
8160340
15482378
31109958
16172763
15306681
31369422
8173214
15046176
15828792
32041930
15361082
7300031
24069179
16212678
31332509
8143473
31332664
8185627
15749914
8157892
15562871
31130940
8190075
30908600
15508454
7781432
31187988
15890595
31241170
8165459
31317555
8170036
31324104
24149471
16151789
15492019
8161631
15386001
8172011
15459324
31122214
16165076
30855020
8155359
31221306
16166591
31199367
32035545
15475796
31776860
32032327
8074553
8036574
15095865
31457112
8208721
15360346
8150589
15480327
31983951
16204282
31277816
15555263
31275277
32039481
15442537
31272878
16205924
31440588
31017989
15750625
31319277
8203224
31374971
32049479
15911770
31397305
8202372
15363416
32035709
15292385
31322610
8229852
15351904
31172514
8199268
7230183
31330520
16208396
31366972
24204388
15588253
15101955
32028739
15233556
15361171
15249340
31382799
15790691
31351490
31732675
31440717
15525358
31365234
8196105
31379818
8184274
15388301
32055409
31158940
15533106
31339074
8157091
31282866
15389567
16120002
15646672
14949612
8166875
15386718
15216732
15945177
15281470
16164336
15378583
8183268
15373970
16113025
31254361
32044023
16107813
15335227
31441278
8203670
15342615
8167938
15492866
8186527
31208951
8159681
15472480
32036721
15373794
31767028
16211266
15471552
31193376
8160569
31230753
8143009
15506959
16167606
15348162
16158364
15481157
32041482
8165792
15900958
31312634
15406979
7772681
15424674
15458693
8171888
15355815
8157905
15470467
31134280
31723549
15908742
31390042
8200081
31350279
15903741
14850219
32034161
31229157
16177649
15358290
32036803
15440144
31753818
8215718
31358057
32031578
14636535
31474876
16183675
31161718
15569764
15121827
8039688
31943756
15348560
23315782
8057115
24099182
24201957
16159885
15508268
32055870
15379379
8170894
31702731
8194709
15263053
32040751
31189801
15510431
31313125
15402304
31759235
8182998
31261864
15457098
31726894
32036877
15912296
31387743
8197834
31367146
8161959
15826155
24179026
15484940
8197049
15376199
8116149
15479968
31101735
32040625
8094505
31383672
15695892
14809919
8176301
15385637
15184819
16185018
31593910
31762920
15529043
31194092
7746810
31593944
15787488
30765998
32053628
15493983
31219294
24145733
8170564
15462649
31134101
8149171
30907683
24150306
30522065
32036004
31748764
15517818
31360152
16207432
31289321
15603393
31240805
24075323
8048542
8174004
15460811
31130180
8145558
30818521
32041667
14649347
31378487
15496353
31646068
15344006
31752382
8175268
31291344
8227677
31206635
8163907
31280582
24153797
16112739
31585390
14813496
31753561
32039959
7362161
31715800
15229196
15806017
16134038
15379410
24192673
8176923
15516708
31090403
8139055
30957755
16166316
31200832
16162100
31179894
16179322
15691411
32041133
15310778
31408789
15388934
31749773
8203483
15366758
8147395
15493665
8174150
31232761
8160232
15478158
8166402
31251493
16168130
15452518
24150894
31262564
31256242
15929451
31368274
6577723
31919748
15908778
15327922
15362103
31738939
16147660
31633146
15903401
15753516
15515516
15419970
24172164
8167535
15518295
8193364
15370134
31241903
15908091
31674263
16201308
31364544
8211442
31344540
31243974
16178609
15467652
31747022
8194136
15387085
16166519
15469384
8173251
15388831
8153975
15352566
31044421
31711489
8167715
7748898
15761577
31737007
15636561
31636428
8059324
15400413
31755960
8164888
15844873
24092053
8217164
15316810
24196962
16191215
30785976
8040975
15499048
31744980
15651872
14986771
24155496
31277396
8172892
15427946
8172880
15434209
32037674
31249101
15856930
31394623
24059351
15860028
23770315
15597144
31620434
16174260
31269563
24148067
8164712
15520202
8179752
15357720
31955490
15560698
15121969
8055750
16062221
31255845
31242348
24174208
31231564
31414978
31738625
15488956
31189446
8172927
15357444
31365574
8168678
15385923
32066148
15266554
31317579
8213475
15293496
8155429
15496808
31972577
23392533
16168946
23615622
15886108
14975258
24185316
15587026
8211885
15366881
8148559
15500434
30797917
15877671
31575795
8185467
31339001
8157694
15837193
16173177
15518941
32047642
24150513
30444410
15878664
31727220
15598062
31233675
8187440
15342770
32055441
15283169
31337875
30604528
15864708
23249418
31316258
8169413
15514418
8050534
16082515
8167784
15484743
31101686
8176568
30956765
32025741
31577667
15252553
31760109
32038205
31755002
15409530
31314541
8196282
31352344
32028370
30506647
24157135
31469763
30894689
15661986
14959558
8171069
15420607
8155437
15464894
31133769
15932643
15715794
15341095
31665342
16211943
7371428
31257550
31741540
8216929
31362153
8201290
15384820
30656028
8162849
6864139
24110782
32045518
15336352
31436998
32052383
8159489
31247989
16159816
24154899
32029065
14765029
31357864
32035201
15305048
30871330
8200807
15359951
32039440
15287340
31353898
32007117
31500160
15824249
15764681
32032675
15498115
31768474
8086128
31382164
8202351
31358380
31453943
15128957
31613273
31416286
15152798
31623739
15867220
14992449
16162269
15462853
24179385
30450074
15939495
31658882
16210978
31355646
32041163
31740470
15873062
31391916
8191850
15387441
24149750
8089808
15359670
31197358
16158499
16165909
31138608
8177167
31187266
24125413
31155332
31467362
31734093
15643676
31357518
24205306
8168658
15511621
8184678
15381067
31223815
15882533
31619701
31718338
15853731
31262487
8204775
15355181
8161283
15505537
8177153
31227433
15633756
15215685
8164009
15435592
31131880
8182541
30903887
32054779
15796056
14827698
8186986
15440957
24114679
8086893
15289891
16155547
15471647
8171057
31235370
16167494
15475796
32035822
15408598
31264917
24197263
8174823
15530542
16193201
15368073
32032731
23304977
23884950
24154758
31181632
8171486
31165848
8197900
15460623
24068304
8151685
15489544
8138062
15531421
24069354
8149435
15482342
16126784
15504976
8177024
15351011
7251865
15876416
15269043
8158903
15434141
31265088
16167194
30736526
8175675
30494193
15566761
15015810
24161794
8163929
15459679
32023354
31240239
8121563
15413998
32030447
15459210
31739566
8179482
31113753
15246427
31441692
15891091
31237420
8182871
14901825
16222849
14782089
24154431
14839960
32064394
31584584
8194364
31311490
15617461
14877297
8031368
16066172
15362005
31995789
30532836
31694794
8277120
30571816
31489561
16149449
31675737
15887473
31270930
32022970
16164915
30850181
31994857
16146319
30500067
8157728
15576633
15181367
31381186
31620085
31884873
15097095
31205423
8191229
30860849
15880675
31286187
7461686
8059506
22986341
31982292
14723193
31758789
30275414
15883449
31544611
8241137
15661147
30884932
15871107
31316954
15355481
31638876
31449540
32032156
15534524
31766825
30335378
31742579
14674643
31450194
15535844
30825520
31712022
7739634
24000598
30769689
8162276
15503809
16191443
31541248
24180100
31678412
31112955
8221435
14990869
30825469
16188283
30687570
16191815
14857938
31373987
30483533
15423886
31652495
32032946
8180218
15308027
30546232
15864809
31744740
32037224
32002277
30537153
16155568
31208160
31963006
14827074
31170715
16161182
14615890
8152616
15393590
31193092
32034216
31727243
31439490
31739235
15629425
15000308
32037051
6850564
15808232
31647786
31974456
8139865
15838598
16155109
15467015
32039123
15340644
31163127
15895375
31247413
31991512
31351008
24184096
16050721
31149650
8159586
15733072
8080419
16044006
31659717
32055515
31963684
15683870
31007602
15932714
31327054
32023433
8208856
14620077
32042208
30631623
31199125
32025075
15892633
15223594
24141373
14967015
32065199
29865197
8060378
15620478
31739314
8137349
15933159
31191264
16126221
30578211
32044734
14449642
31567264
32028039
15955203
31323273
32026309
31471378
15952850
14667555
8149645
15510467
24143540
15385928
8150625
23480596
32039544
22701026
31692311
30236017
15911972
31435686
8200349
31347139
24256500
32045932
32014282
15840536
31316952
8165113
23376803
15857770
22770797
31981078
30939924
23655963
15205230
8062996
8067872
15160558
8190588
15375155
31244967
8144195
30771582
15465734
23144554
32046152
31655882
24130811
32069159
16124280
15914088
31402267
16082899
15424701
31152121
16195189
15204863
15829004
32059213
31647343
31720331
31614298
16163725
31249021
32065994
30641191
30563024
15758704
15908985
32047816
15174696
31189641
24176589
30419506
31644515
31753295
15499380
7647602
30650647
16179031
15189492
31961772
16178004
31732877
32044937
15648150
15314846
16146395
15540508
16133593
15366594
16192383
14943553
32071433
32004880
30501475
31485818
32025159
15922908
31185148
16200258
15737412
31950371
30463615
16148042
31142696
31330009
15740709
31372051
32038155
16117108
8199546
15641003
15062782
8169193
15442264
16168965
7269766
8128946
32052669
24126283
22571362
15945954
7724934
31910185
24215946
30670068
15879764
31249544
8138224
15486812
8160469
15408551
8165787
15513225
31062792
8161107
30935298
8146534
15510882
8202076
31185314
8153623
15502595
8164999
31270294
8040379
31937221
31769085
31977173
15503163
31761948
32027716
8084973
15396166
31398616
32051443
24155757
8192970
15422292
16162878
15492541
32034725
15436662
31272756
8178230
15393647
32034022
31135126
15545974
15678448
8152907
15626466
32025286
6481301
15864967
15408851
8187570
15379089
8164022
15475500
23129683
15874294
31766747
24070821
31373560
8209477
31343612
23780134
31921273
15918211
31495590
8166738
15603175
30451365
31766018
16205621
15347916
8155284
15481226
8153782
15424838
31172851
32025809
31745888
31318461
31286527
32032523
31361219
8153355
15503572
16105239
15427800
32041343
15843875
31195769
24146612
16155693
15519137
8183759
15228187
16123619
15499347
32040438
7368930
8039866
31218881
15517762
31738488
31487914
16205069
15443409
32035494
15482117
31764933
32036683
31750957
15494151
31230347
16051395
31275231
15346697
31361272
16089547
31343223
16201728
31370209
31507174
16174241
15421530
8151730
15502550
31957089
15616712
15130922
8067084
15383927
31154555
8157231
8249967
30789913
30787651
15713991
31286268
8181046
31269133
7433020
8068906
15039777
32061548
31273588
15388276
31755108
32029144
15938409
31366758
8065824
15452113
30535530
15933132
8200103
15657378
14707475
15151949
16178325
15334094
16180764
30428431
32028147
14979130
31379517
16173687
30558911
8156073
15451670
8160310
15468585
8154043
15459944
31186067
24159653
15587727
14968524
24127142
30430843
15936599
31746467
8200467
31376747
8207144
15349250
8159758
15499761
24157070
14470169
15899013
15257553
8183322
15327440
7248861
24092337
8185800
15409993
31268085
15917484
31624735
15575003
31265268
16067680
31231973
31758617
31402770
15883019
14948312
24133999
8164386
15514518
32050887
15426775
31759930
8195508
31363770
8159014
15514642
30503074
16154356
30853271
8170281
31233173
16107863
31617837
8164683
31389014
32074907
15423086
31281460
8204646
31286399
8197817
15462013
30530318
31723319
31745378
15523513
31192278
7437884
15602071
14979815
32032678
15403830
31722483
15426540
31764780
8208302
31374010
8182854
15385540
24157027
31212526
8158038
15346326
8168702
15408016
24150277
15482441
31975372
15720798
31257132
31443727
31263791
31714715
15379079
15386109
31346921
15304833
31758718
8201197
31382681
16200614
31322628
32016876
30486934
24171335
16229663
15481471
8158301
15474824
31163926
15961256
31679210
31958321
8163815
15917042
31411211
32061126
15906148
31398953
8198330
15410491
8167780
7304578
8113454
8179011
15394918
31241845
15947459
31660998
8160576
15654425
8206854
15384977
31254707
15930448
31639017
16191014
31361802
31750286
15857470
31265648
32030365
15352848
31265734
15542697
31650287
15889209
23295168
15878404
30856687
16159764
31132164
32057218
15925258
31240611
15662036
15255489
32044248
31058008
31438535
16223953
15348801
31738231
16172772
31286092
16149581
15600162
15056282
31650056
15924544
8180644
15358935
30681938
8161901
15830324
8152822
15491219
24156901
31268481
8163381
15224943
16142721
15472890
8160658
15427811
16093067
15452635
24114494
30467565
8154822
30877578
8155429
15523003
32030991
7373179
8045827
31191193
15517943
31760556
8210931
31340066
24135188
30490756
8164537
30847617
24143989
15642580
32058286
15435131
31217191
8164174
15489466
31465034
8190560
31384742
8045337
31943143
31743197
23373538
15401876
