5686482
3750353
7787954
3531968
7429951
3857070
3770240
4092640
5782343
15048583
21999547
20961191
19976744
10187476
15259917
6294400
2335808
4639519
8196254
4718709
9208344
4294378
8052106
2352059
8265701
4526675
8572495
11235419
6867518
1838724
8084528
24325052
6089146
23689972
24272698
12245467
29519057
29991518
15398505
30400888
30754207
15047861
27853024
14160370
5894641
2627368
4983705
1575293
6737247
6367978
3693545
2994263
7547879
1918245
3351292
5575789
2619706
7167991
1400549
993597
1781931
5444833
1571934
4007619
1725083
1866842
2784776
5893596
1364031
6377908
7266773
4257539
8141750
5220901
3187620
6411553
3977079
8857651
2212376
6717459
3428479
7914989
8033883
3086470
3904663
3465211
7513257
1988496
8549377
5558590
6796465
4251281
9534495
5964330
3648619
3507773
1799913
6608633
2298994
4566853
4361254
6902369
6102107
9099716
2916675
6532625
1892579
7225233
4746769
8824925
7506959
8099445
4622458
4457798
1242850
2327846
7448516
3593656
3992430
4545250
4432224
7794819
3397414
8164824
2433839
4488529
6187133
7431534
1856454
3726246
6992285
8440830
3429929
7502131
4782902
4608437
3448015
6291242
3629174
7888444
2461590
8906597
5775667
1857165
3550422
4323713
4484978
2367790
3766482
2397271
3702999
1848418
3523049
7912526
4727799
8616390
3600646
1633819
8237577
4531217
1906209
1624911
7313804
8439199
4428962
7329501
3674158
7396379
4970262
4762009
5375292
2243040
3841077
7976367
4762510
8701767
7463798
3630622
8777897
7792949
3846955
7805028
8800631
4571470
7807806
3567867
3481553
4893858
4748080
2434943
3193454
5894032
7533699
4514996
9499354
2088146
1691288
5433040
1896988
9296880
5066727
2995728
2153002
3751754
1984646
3771827
8616913
4674840
3742354
7576894
1828091
8619752
8212760
3426990
7691500
6408687
4200042
8601482
7139401
3743861
4697085
2411124
4681388
1689831
3345135
7666072
3953580
8853616
2340121
7607281
7084356
4435026
2337745
2384399
4543830
6923105
3885937
8274508
7339182
8320114
3538807
8176368
4625469
2382519
7272008
1982903
3585932
1997571
3784443
9371241
8263409
1815373
3445745
1821441
4103728
9124546
7314709
7803748
8708787
4605877
6726563
1857089
3563219
3547508
4200049
2328338
4454624
7211932
3757895
7686359
9168665
8315185
3635753
3461783
8309719
4526729
7211580
7815828
3743708
9117677
4361476
7313685
3634937
8890010
2432290
7285557
3732873
3733079
1965635
3912055
2307085
4654894
8317301
3670430
7406665
2498875
9444911
1535964
3724251
1958403
3775064
7982564
9214395
7567093
7152401
4565240
4440106
2382780
3156426
3837899
3706002
5902593
4306372
4686720
8491345
3657387
7421127
2418038
4631210
7396081
3838252
8841359
4661623
7474142
3724498
3693610
9912829
7325100
7595518
3797783
9287295
8268425
3424194
3529140
4207431
4600225
4823617
6959249
1960709
3723247
2016690
3988257
2343082
4458578
8488782
3557616
7451342
2363642
9177013
1522435
3489199
1935775
3763079
3940520
8723609
2323061
4300545
3063418
3436396
7506768
4367577
7016222
6654378
3477018
3920738
8586079
4638489
7934729
3471616
3479923
1852427
4463642
2429687
4630881
6661417
3726036
7633446
2344465
9368644
3932693
3274450
7237448
4381129
9084918
1365186
3276177
5918555
7877051
2352200
4408947
8228231
7445618
3976806
9289224
3018968
7042047
2092012
3757214
2046970
4551378
2384643
4455015
7235411
7425545
4591379
4498362
4261642
2547814
2238875
3632393
1995662
3602278
8805049
8681967
3466045
7041124
2417678
9355938
3145913
7217666
3828499
8420071
2390916
4457720
1884499
7089633
1899506
3484333
2501446
9698284
6454225
3626643
7512758
2349483
9151934
1718718
7311279
7702870
4537539
7618621
1310306
7893206
8170380
4503656
8346833
3581317
3660642
5830194
9442813
6371139
7816388
3936365
4406793
2385577
4505937
10335696
5493384
2290295
4658810
7253686
14842043
15423149
30652683
30955080
14838642
30510470
15369667
14019830
1097732
2474449
6528838
4088358
5970501
2929649
3163817
1639972
3842846
6714551
5212623
1598104
1742606
2264375
5552437
7262859
2367790
2769079
6151256
3730041
9198365
2587833
6640485
2111291
3525958
5543163
1868236
4303855
9105612
3928414
7249299
8761673
4500048
5939473
3455568
7375899
4201932
4561192
4761099
4010159
5332378
3597771
4249579
9609565
5819960
3611033
3417000
1906169
4091283
9541603
7823689
7385024
4641103
4442828
3812766
2301312
3899304
3495414
1831945
3478534
9049010
4472559
7638816
3454122
8626481
2345142
6682602
7343671
3481448
3747018
9140159
4337499
7497218
1823448
8493759
2430839
7031755
7202742
7259046
9194208
2349768
3886881
3504448
3717804
6141236
4870746
4822987
6073275
3636338
7398454
4584469
9036564
5773146
3576456
3660006
2397960
4587622
7268934
3344906
7287143
6018593
4790342
4638716
2081480
3772595
7018108
4132218
9283317
1709854
6008199
7268294
8516794
4502267
6968329
1868763
7206445
2119031
4861917
2548829
4678336
7129825
3769611
8431971
9264232
3857586
3365692
3469167
8282957
2365211
4462019
3263111
3769744
1980451
3793433
1993463
4059247
9107137
4078548
7527830
3707467
4628522
2439589
4655728
5195386
4025350
7933606
9180531
4651441
7378360
1830080
8279201
4816677
4252461
1503492
3652865
7664111
2003821
8860763
2339428
2231945
1892875
2217366
3485044
7316716
4628686
8704066
1495667
7898918
8329047
9178876
4088288
3417938
3463253
1971890
4684332
8847302
3486976
7798768
2008211
8868175
4338806
3741391
5759421
3702554
4041745
2336733
4432352
7547914
4100851
7857895
4497265
4791792
8746586
7013701
4092829
9216552
2095821
7036807
2037010
3858208
4146448
4560509
2458922
8671604
3532864
3527428
6269159
6736257
3748692
7523104
2026987
8034938
2365768
4443942
7177617
1784903
7248280
6354298
8715213
7070284
7627605
4295338
9194404
5836748
1844706
3547500
1859218
4170000
7050147
3924189
3431633
3677913
5860124
4101617
9164949
2350380
3719754
6972086
3997319
9728110
3432809
7631880
2005026
3800194
6737897
8636851
3910649
7313094
9633574
4424540
6996381
7665060
4223544
9101753
5866024
1806866
3447236
8072437
4821784
7454618
3727622
7690608
4359551
9294311
7392235
3535914
3859794
2458349
4757311
7418021
4276126
7789320
4047064
4482604
4678461
3845323
7482455
3977013
9766865
5100308
4102482
3640302
2002248
8745759
2397405
4581899
1914301
7274431
7922537
4447059
7664092
5950589
4023981
3856769
4594119
9176697
7479573
1832082
3652426
9164095
7583583
3701579
7795070
2214947
9060203
3947230
6449839
3751219
8341509
8420166
3008572
3513935
7847464
4211706
9243697
1660294
7361613
1865081
8495083
4734901
6865344
3545472
7685144
9320915
2451962
3642076
7441686
1839740
3832902
9344844
6819322
3813109
3951793
7143587
8385670
1802286
1833692
3687089
3410062
2356378
4500210
7738047
3287112
7660305
1945042
8688859
8543473
3461227
3428058
1804866
3837744
9284506
2180515
6253354
1901953
3717978
1927530
3903071
2412680
4645966
8165424
3569747
7740473
2363945
9109030
6540810
7632702
8836667
8537322
3404879
7527833
4809038
8803480
5142604
7468125
8364349
8713528
7514161
3536414
8987992
6011445
6598228
7678750
9150228
4603183
7074002
5522582
6873055
2399723
6940985
1978225
3601300
7859908
9031635
7472719
5433669
8478663
5051477
6031183
5274234
7574607
1255448
2376099
5239759
4484822
9286713
2469937
5077924
6344479
6931923
3625039
7983221
5958203
4895663
2511752
9494973
2310913
4744959
2406956
8173852
3711404
5618005
5040017
4865072
5616694
2395822
4925730
1400444
3220671
2075275
6984673
1314583
3399288
2052253
3962569
7862879
4937166
3155484
8328552
5976191
2509363
6766897
8258514
5713351
2974676
3134631
7015405
1572890
2545521
4610101
2599755
7492625
2131506
4078304
2344125
2441622
944141
1490223
1648620
7569576
4030059
5780066
3058524
3355468
1803430
7885739
3512035
7012610
2116077
5947653
1318493
3816948
2068692
4088190
5738058
7870244
2611759
5376990
1552483
6396652
4352056
3541000
1795439
4527952
2588277
2546964
5900129
2579092
3651900
8332888
2144393
3073034
7624411
3439024
3037064
1812613
3404651
7683175
3604861
7334606
5583028
1346630
2592041
7583865
4386466
6612091
8072625
2964336
5205350
1624032
3284749
2157176
3930148
1909128
8678086
1355731
3070458
1572825
2564774
6704239
4143082
7548331
3351214
8139145
2518098
3336876
1861150
3534836
7789035
3344927
7697237
3612554
5753791
2060919
3993388
6467585
3147517
4298858
6913292
2411363
5734990
1612383
7697630
6098620
2706389
3179744
1347069
3259858
2638977
2471767
4095235
3946840
7900784
3099291
8040167
1621501
4884456
3226852
7696262
1849084
3445573
2471461
2452975
4595441
3403991
6604042
7527848
4297035
3051096
1596564
8337026
2342700
5775841
3146703
8002021
4359672
4659594
2591084
4762050
7070541
3617170
7847471
7280962
6505482
2733095
6501200
2207266
3906022
1908999
4367876
2697422
6312764
1322013
2925748
1847400
1727959
1876115
7608804
3706545
7049997
4308309
6056982
1814032
3484432
6171961
2028646
3266515
3775317
7500051
930288
3035808
1666996
3156903
4289219
3838899
1904136
8393176
5936489
6009926
3917544
8191734
7815767
3343898
5859739
1313073
3290945
3990749
3978359
7100440
3808225
7122752
4979342
3672095
7478020
4022479
3299063
1805442
3983397
2184118
3621356
5464528
3559589
7807537
3963564
7834536
2140933
5494700
1608928
3066630
3365851
4219663
1902662
8387053
2579424
6669893
1839982
7163324
7510299
6900046
3889126
1308470
3414175
3412853
3709907
7960784
1600205
3265301
2198834
6898667
969409
3128110
7086637
3964679
8900018
4583533
3241145
5313448
4020085
8059796
6470862
5515480
2523920
5577801
3228954
3913525
8310497
3084072
7833668
4653018
1013308
2763666
1847832
3523512
7919818
3577853
7826799
6433406
1352465
3409988
7417262
7929878
3562217
2125304
4618269
2483023
5548728
7186378
2075649
3443908
4564858
6821306
2144495
6085995
3410621
7728809
2089519
6551829
6334760
6405130
1834989
7478658
3892359
6620736
2193991
3812227
1332173
2110628
1620361
3079906
7470464
1867853
8903778
1616415
2569766
3191723
1344027
2498200
7440377
4291708
6841938
7769593
5945262
2870103
8097187
7441660
3510694
7868896
4735380
3411510
7256247
2126567
3981994
5959336
7907105
2060705
7291413
7944629
3783422
8140264
4014796
4975785
6356140
2155560
7468045
5232571
2860933
1345779
3248050
1361757
3382541
7257000
7932369
7344487
4197462
2643657
5499568
5008200
4983036
2052598
3833371
2112744
4163161
5711575
3048904
7564256
3996306
5928541
5622261
3721494
8227681
3509511
5146518
7686524
3813089
5834697
3933420
3871306
2035506
4064205
7360982
5445827
3031579
8269806
2426090
6474239
3450230
7504304
4004030
2921074
1616391
4056958
5543167
3989615
8040359
2982289
7908497
1060107
3274219
1272025
5521180
1669585
3638900
7852726
4692286
6255463
3275031
5914915
2069346
3902557
4270768
3431002
1629593
3940840
5141586
6360951
3609420
7682105
2162241
6492657
8195257
2528958
6381863
7922647
3563431
3161247
5371040
2066997
4558669
2650014
3097165
7515284
3625183
8742988
1362610
2580218
2021511
2530687
1327273
3242887
8087989
4049243
7610106
5710796
6098080
3471599
3178211
7540198
7123578
7393472
2481104
3389594
4074671
4042643
6981997
4361148
6593755
1315699
1846107
1617764
3081417
7375800
5740725
5063269
6449084
1431842
2537967
4796571
8053073
2118252
6583343
2720882
6772468
2329216
6040669
1572209
3781981
2130674
3702500
4550463
4118669
1357279
3286461
5980049
3646451
7688833
2127286
6308157
6645486
4960757
3190122
7427622
5623106
8382964
1336486
6149128
1865214
3698786
7683730
6923739
8267983
4873860
3221005
3124325
2100457
3874699
8226916
6446002
3445909
6856089
1849737
3117087
2169109
3963022
6846508
4461917
4531718
6986248
7969413
6396350
4196407
5868136
6070996
1598435
3880395
7658000
7935733
5980464
2375487
7688251
2160428
4075816
3115954
3246512
2824459
3141122
6063934
2916950
8177616
2091424
6750005
7831391
3322128
5399443
3639225
7773330
3899155
7862018
4206315
5106423
1889363
7394343
2134630
7653561
2176070
6348808
1273489
6273594
1904768
3947074
5682793
5318790
2839111
3378614
2513953
5668443
7411891
4128870
6644594
2189003
4008960
2924769
7149909
3200935
7647492
7273433
4040848
2132228
5903388
5475417
7492439
4891815
6405959
1368856
1229909
6277553
7893213
3755097
3000673
7706922
5938517
2525770
8079941
7639472
3088386
7399619
3534683
5870669
6995173
2127942
4009755
7907360
7215761
2214885
7479296
3749676
6013742
1876898
3604397
2236132
4452215
3396902
1587943
3111813
7497916
3658451
1722456
7211659
1379404
2482635
6841553
3558074
3411215
1906573
3999630
6471314
4348628
6874773
1847612
7022909
1891110
3995519
1778072
3020360
1716357
4175261
5869067
2968672
6844304
7759543
8497696
2563464
5881052
7179386
1775526
4226625
3630795
5401693
2726912
2630298
5923770
2949850
7976058
4178557
1707713
3068492
4336978
2374343
2950903
3486141
1366958
3728777
5343011
3945041
3893978
5790516
7694081
1325535
5613885
1858433
3583878
1983173
4090214
7336325
4138245
6001535
2930194
6770024
7745003
4545335
6491607
2114413
6100458
3578681
3510071
2114747
3996171
1586346
3038367
8206931
4546675
3622209
8431734
7474163
8570208
1215235
2067753
6104616
3755490
7122105
3369653
5371445
8076053
4178253
5495842
1526972
3065894
1614645
3947065
2714383
2917909
5813688
1337704
6350003
6749450
5602834
5596225
4139129
5864119
6895071
7459723
4149152
6293476
4358706
3293472
6043227
3961766
1949870
6212311
7455668
3552378
5524597
5706680
7479473
3641966
8774085
2655898
5942150
4720131
3905578
3960401
7280040
4130461
7117803
3028396
7096294
1651715
7873668
2925384
8302723
1383374
1224252
4353206
8347877
4244156
3199496
4059690
5334876
4553331
5525357
3044309
8173214
1868360
4653995
2289128
2557954
1232788
3350294
5630967
7988260
2145870
3450485
1573181
3483500
7531979
2650307
7304548
3477008
7700732
1582115
3282658
7671858
1361844
2531078
8138824
7856474
3250027
5118420
1026010
5590111
2509660
6331033
7874801
3808625
4776371
1361887
2459610
5842596
3188651
8232757
4199295
6655119
4345718
5541842
4038630
1625578
3069264
7783024
3813387
7871128
3262373
6173131
1925829
3592762
1862653
4234279
6663802
4109182
6205154
5958950
3463077
7891360
1922111
2429584
6859924
3376948
6763964
1875399
1571289
1626182
7887412
7110468
4239493
4685448
1633045
3101816
3849849
3969846
1811599
3771536
7691524
6021635
3537186
7267361
4268054
3225589
3199206
4016877
2627461
2594759
1690512
3478219
6864366
7754246
3323467
8050256
1273057
2333477
6302039
8221861
1890673
4765648
2275853
2554140
3348806
2504998
6630022
3913560
7967145
1589576
7790595
3335899
5255401
3883278
8061877
3178091
8012787
3238538
5276762
1837071
6876137
4362130
7444851
8177348
2240279
6468258
3696673
7915758
7487688
6145907
5021122
3144588
7679211
3483336
8597444
1345889
5901194
1785351
3503946
1866417
3509786
2141825
4107885
2958134
3626723
4301260
2153937
2838051
1793478
3464653
7501652
3900387
6992375
2092439
5875762
1373234
3173155
7113972
3826349
8742882
3026167
5988610
6228085
3850105
7944987
1635264
8115669
2980351
2466526
1343343
2662090
7805302
4287686
6870962
5171156
5644918
5844250
3644807
7819971
1898503
3524760
6440279
2375536
2430379
5858822
1856018
7610099
4014384
7564491
2234143
3567434
3681067
6566645
1963196
3918251
3608807
4931282
3451072
1335636
3254971
6391158
3581784
7892777
3441452
1466045
1693724
4120370
6672123
7197376
3716664
4169956
1729992
3066647
8273469
2433036
5474417
3262680
6223144
7949368
2618264
5974923
1326416
2505510
1341447
7788651
2184386
4112489
1596739
3002409
2312920
4267917
5571466
6260580
8284080
6723766
4839149
2796977
5558271
6716677
3449126
8024411
3587336
8258709
1327907
2077087
1308490
3567799
7233774
7741680
1639118
1859654
8092061
5147529
1450592
3175983
7945499
3866309
5154695
6155425
6059126
3509999
7278991
7024472
3993100
7001341
3555265
8778274
1303690
3266896
2038233
3903870
2188424
4581710
1641286
6654969
4778905
5935112
2708088
6653278
3994255
8022196
1294605
5398619
1595227
3859244
7191468
3240363
2501301
2699632
8207310
4266033
3523956
1161882
5701719
8464806
2582084
3208510
6425759
3553494
7364900
6811026
3875125
6763524
2549658
1917002
8046038
7479553
7816952
5524068
2249699
6326781
2194138
2192814
8060362
4699826
6024892
2585855
1286326
3291868
3734590
8218829
1274226
3092692
4746367
1846215
3083321
1333302
3032584
6983544
3803424
7373135
3542882
7459780
5716720
8111797
3989678
7196035
2721209
5858572
1110620
2414897
3225967
3111819
6282981
3534316
4742318
6533825
3075926
6028745
3840737
3991585
2147684
6568885
5255958
2181654
6539995
3527579
3506688
4002516
3933541
6793103
4485686
5404465
3399965
8135569
3814907
7229914
3771466
5620264
2824123
3230438
3207683
2188712
3901538
3864992
5222581
6433652
2519796
6254445
2025642
8156668
1701938
1640457
8288404
2990960
4722376
3106645
5114964
2129658
2140871
3554073
8460724
2671317
6608537
3637992
7020938
4255602
6473728
2133393
6503439
2568089
6381499
4201933
7791890
7448447
3254400
2712473
1809990
3541762
7510493
3924404
6908167
2165052
5992715
4608504
7406063
3741319
3962479
2826159
3708703
1339956
3418109
6284083
1849234
7487321
3925860
3050318
8265297
6113609
3441032
1841313
3638715
7208592
7754183
1322149
2064550
1626646
3084473
3608914
4189960
5326166
7885907
1340522
5874555
2594309
3843098
6369859
3931041
3067408
4437189
3286600
5893541
2477063
7980841
4175359
6743501
5287404
5438497
1949166
7085215
8036677
3821774
7531446
4024533
1254018
2018304
3619300
7039783
7674872
3670426
8485810
2349717
5748446
3468913
7938865
8612057
2473991
6379501
1819071
6888951
1859614
4231638
1798010
3037523
3919295
7340910
1802987
3424369
3684845
3637338
2167038
3516928
6993464
6679556
2384467
3184135
1637488
3703685
6045579
1889835
4768513
2177657
2565664
4635021
1384371
2518402
2042098
8099822
2153166
3379830
1621408
4093321
7085540
1354833
5638755
3884034
8246085
1555544
7760867
1720328
3003809
1316634
2058114
1502634
3630459
7514123
4346760
7543154
4356665
5360746
1839777
3543375
7359885
2119780
3840601
1912618
4003424
7387717
5232953
1591158
7401127
3673347
8690589
2691605
6106022
3578697
6720220
4349575
3227649
7267846
3841851
6352961
7502153
4092271
6596694
4078951
5793558
4865477
7542320
3922176
7269964
6431740
2641528
6110597
4104344
7717905
7388769
6657042
2595509
2492531
2092506
3898902
2116430
4234514
6462851
7508838
3333111
5587290
3704127
7968170
7311348
4131627
2268716
5130799
3527300
7124385
8034507
3851074
7864465
2224261
2684731
1584137
2990452
3591785
8383788
3346800
6129221
1834516
3477150
7868195
3218109
7622393
3638064
3278769
3462682
5542312
4515053
6551141
4604873
1210305
4635147
2701585
7614792
4653597
8092542
2960616
6641996
3260397
3831942
9422550
4860803
9906546
2371171
5142841
7781098
5856067
8191275
10229951
1480925
8841188
1591883
6662965
8078912
2993602
5383103
5292384
9382135
5788435
8894264
1542719
9723088
2357021
5788126
3018498
6072890
8012324
4078600
9297882
8996511
6558199
9833007
7983664
10849381
9060713
6080264
7832061
2909449
8557350
8013209
5129366
9445211
4476047
10181476
4326143
9338827
1601327
9128761
1797250
10369398
4457666
3415902
10309609
4919426
9550594
5540588
7521799
5248298
9258707
1571137
9655194
6157084
3852104
3664583
3693125
1528968
6055114
7890396
2715509
9265147
3952628
5034800
4867390
4767076
1548081
6614522
1540801
3053908
10636906
3560208
9158396
6135478
8112083
4312592
9437462
9182707
4003616
8509237
5918853
9767091
5242723
4060820
3188773
6058003
3166712
4709832
4236007
6288390
1465851
3542281
5348983
4214350
3567178
3964189
8715390
6250947
8072520
2574722
4767196
6111700
8725644
9696644
6682032
8713342
3429211
4026452
4804869
5263355
5684801
3344406
2744093
3801068
7481325
9420786
1654127
9787356
5782948
5126495
2482700
5249424
9485737
3732611
9428435
1593637
7398242
8482772
5713799
9937087
1500060
9709779
4411439
4548661
1696551
4390307
10730019
3156800
9186747
6319786
9977030
3347994
8917991
2012456
10396747
8599190
9995164
4404936
5135740
2991945
2988560
2937357
4662770
2978543
5856288
3912589
3251695
3589033
7490140
3332782
3685196
4166018
8207254
2916749
3533072
4250078
9737050
10912309
11041031
4698319
9332004
6943975
7911145
5449631
9184589
1607430
5990496
6934585
10614557
1599917
9124286
1542795
3040439
6154663
4330659
3333267
3113292
8993256
2727557
5406216
2294237
5790213
6488994
5907056
4863583
2624875
4814337
4502023
3803231
6728299
3319993
4855912
9715368
4445478
7754733
10251535
3264058
3241966
1875324
5658020
9761628
9673173
3467173
9801654
3535496
6566711
3726297
3873998
2931704
11197467
1482323
4058161
6857106
9382647
3408542
10389337
4400582
8945738
8457457
4183749
5063578
9187509
7305680
3101584
1713810
9279653
8981392
9881784
6261396
9015655
3220019
9057881
9405031
5201315
9826724
10219040
1396808
7441128
3316497
3727890
3272506
3966204
8600493
9277057
7829496
5655549
8987762
2847113
3636894
13815169
10176088
4674521
5044728
3069865
2624114
4998287
9523746
1270383
6546584
4454072
9145239
8918812
6386500
9719370
9303142
3119084
3850877
3344880
4148059
8534608
3430088
9635928
2574083
5067413
6115334
6284477
4876584
10400729
1526868
3513779
5414839
9734860
4959514
8470758
5285206
9072947
9454179
2912268
9750620
5809155
3762421
3509906
3806982
3337791
3656831
4366512
3569922
3992821
11196196
2358114
8394828
3738002
3500300
3565098
3577271
9017624
9256572
4473187
10196878
4030207
9710929
1509300
9130469
1506939
5996930
8999571
1600019
7374623
1540124
10085023
3511381
3967032
7667343
1578500
3051701
6070931
4323966
8457139
5297617
9608193
4732336
4901737
3444328
8963052
9949164
5230675
2775631
9436184
6369824
9479555
1538394
3170551
8323829
11171497
8164016
5258719
9001603
3227238
9011891
2721475
8237129
5789185
7355351
10230816
4931185
3537895
3948051
6821003
9973974
3128033
7444750
4908389
4471748
2956991
5168219
7009301
7490984
5097374
9142130
4028655
9589813
3459386
3172744
3575068
4319270
4214550
4905237
1612784
4362067
10710007
3510517
9138989
9804164
6740899
8341612
2664880
5023979
4572723
9314793
3464732
4131464
9228782
3167521
4857305
7665749
8411143
10120956
4358742
6484862
7430916
4954604
9129100
7736278
8698809
2035417
9493782
2551337
5445439
9016663
1549563
8927032
7848699
8199134
2162033
9468472
4444475
8695424
8898500
10258803
5257512
8905659
7583449
2177791
3994359
8289268
6179257
10879368
3473600
8689223
1983942
3020857
2448594
5200206
8834287
4207147
5276216
3952448
10976398
7696809
5865771
8344371
4450380
8620969
2885962
9899631
4438319
9762588
7831484
1593519
4346427
10122567
2058275
8962056
1532537
5616420
2475761
1384347
2608564
9292538
5711570
8948348
9791880
2939975
5854203
3637911
5986045
9633314
2935806
9968690
12118064
3245731
8788670
5399663
7637467
3342774
7224072
3922444
4324251
10175432
10397207
7436648
7885646
10359768
4944389
3757749
3328274
3497220
10814044
5419068
2820748
9326966
9471713
6015024
2967400
6093297
3087872
10376265
8684751
6214743
7901625
2832609
4267464
9010492
5014426
9780579
5211312
8974958
4689011
11952581
10114549
6155037
9186180
1578311
9096571
3861797
8503275
9941806
8275996
3188716
4410437
10150722
3206423
2831300
8217411
2613270
3029973
1811743
3359998
4029005
3371385
4249194
1605200
5711813
10018888
1406069
6174793
8752232
5437801
5737407
9638614
2932466
9757009
3585403
3921144
2696212
5433511
9024613
3153672
9182353
6234919
8760526
9940786
3668257
9216745
1852110
5754186
9458430
3568674
7909599
3601741
3500295
3662615
8720186
2438185
5021632
2245028
5543419
1564798
4206773
9807384
4544811
9885948
5068211
7809613
5407458
4526715
8132181
9729112
5051126
9447286
9171132
3149001
10464102
4654749
8922539
4258827
10568226
4700638
9289382
3036534
10734226
3199975
2973494
5435141
3607353
3023351
6616439
6611307
9032708
6518205
4294623
6686973
4820076
4308291
1616996
4813037
2878576
3035479
8852169
3229492
3275731
8875707
3228764
11287217
8124658
6172816
7314946
7432979
6599259
5232441
3688068
2450888
5560512
8108394
2886869
3090392
4585121
1606729
4252778
10326635
8946766
9473907
3530117
5799587
3643431
9138219
3066930
10576727
3283036
2844730
2202924
5259801
1576680
6154380
1750800
4397873
5220947
1600248
3951312
11074755
4381166
8461522
7529754
1603512
5292625
2305024
3046650
2072634
5358009
9264119
1558384
8847313
6736524
4221819
3610933
3193198
9475531
9128349
4482216
8106886
9797222
5355641
9423893
1506277
9140897
9059786
3208503
8321722
5239848
9508842
5120069
3123203
1532100
3954701
8282287
5950147
9548572
9031512
4183748
9671106
5334860
9116052
1576728
12937568
1492665
4229139
6530190
4835936
4434316
1689498
4642899
10324928
3149688
9036793
10777344
5435399
8991611
1786772
1407292
8893424
2345976
5584633
1510186
1502295
5896866
9668725
9269169
1552522
7505592
9038512
4295466
8788369
9790291
5619001
9796754
4064598
8447110
10564826
3189536
8330028
3956226
9720961
6653070
8592612
1980057
11378861
9426689
4354951
9437393
1565181
9047384
2073520
3222277
8275211
10494560
2630499
4898384
7789348
6065511
7928239
2692100
9276231
1553508
5442834
1975308
4406578
9606043
3174789
5946508
1613109
3460638
3352727
3952861
9054914
2619060
9496301
3471103
2992854
3547999
4469726
9219050
9154585
3701467
8340429
3240984
4244376
9730328
5940098
8441540
4321389
12356499
1813096
2967541
2516550
3159575
1923414
1587726
3954825
8207244
5639705
9709692
3048415
10184037
5534640
1938696
5957297
3028895
1682168
6046076
8370375
2320636
9176905
1557859
5533187
1882826
4560827
11351617
3165367
9169544
9071037
5043029
8291836
4735864
4500718
5099859
5171398
8868843
4745992
9123688
4048449
8059531
7457159
5499938
9917992
3692821
9155840
5766889
4253188
5585060
5227171
6864536
9308271
8867594
3947564
8641037
5998822
9752497
8098504
5287444
3591124
3575875
3807683
5343426
2166812
5726927
9047213
1535169
9511402
9608874
5822722
7215864
7409332
5425992
3037639
5897147
1574777
5470373
4065320
2533482
5780358
1523982
9049177
1672223
4776884
4158771
9199434
7502839
4905927
4849666
9758561
1657968
1355004
10885211
3330822
4288222
3305156
3055766
9116496
1584659
8961294
3109678
10442810
4757082
3108921
10264196
5270140
9561353
1611635
9075866
3547136
10547342
2546015
1496248
4019885
6365212
11314970
5025033
9299961
1608229
8881145
7963246
2822134
9264440
3544374
4033826
9872503
5116958
8019589
3363447
9844142
2870229
9213724
7993188
2116592
6020930
8603910
11096047
4143491
4475288
3097635
2963728
1522744
6066927
7602273
4502601
9494643
5311300
2095152
9588190
2565162
5395337
8874694
3344283
8996684
5076322
8191462
4904983
9455036
8074446
3509480
8544442
7504167
9141746
4054925
9937258
3137597
9582758
9170456
3132163
4162899
3204558
3982560
3306574
3491233
9049456
6021990
10208838
1659830
9108994
11997584
3986072
9030401
6302796
4494537
3037602
6024103
4373084
8987987
5082428
4655989
11494541
7540771
3304821
1519947
8810756
9454730
9143879
9714956
5814574
8497623
2817686
3036670
1763666
5812001
1623222
6128676
8225577
3739271
9386657
3284741
11898496
3431171
3468113
3270894
3868779
9004366
5761990
9906785
1518992
9465851
9099714
4559459
11106978
1512426
6033990
7653617
8230153
5636791
9204278
4229494
9675735
11330336
1530453
1563480
9297852
3116567
10741333
4705584
9129015
1608256
10692839
5230196
9153955
1607575
9161744
9379840
8924377
8161490
3640074
8943135
6081295
2968450
1578122
6012953
9348361
9155654
4682757
9782514
8702130
5121754
11808884
7182010
3209443
6303032
3155013
9426568
6285277
6358131
9929991
3060457
6428115
9157740
3315222
7548115
3502701
4375867
8692919
6343931
3583449
8851388
3205341
9705432
5649675
7115904
6467146
5073383
2817948
3037183
3171538
9762332
2087722
5836875
6319024
9789603
9083155
3125914
3005483
9108467
3543681
7152966
3587253
3966229
3546442
4002382
4914585
3021036
8636843
3861003
6732721
11472838
4442177
3183460
6367515
4462918
7771949
9749609
3326782
6444670
3004842
3252566
6340080
3141609
4745774
3089256
3122884
6551304
3080353
3141277
4878247
1552808
7631507
3534746
4067486
8394339
3110966
6365103
3110034
9586038
1523758
3051083
1715855
5150275
3094084
4436797
8064549
3302251
6275226
3310268
7732160
1694011
4864623
11323057
6434446
6314271
9169967
3198883
9534709
9601689
3026557
6416358
9526068
3021989
8988932
3822662
9482337
7489633
3651825
4482317
6888071
4760373
6166298
1684708
8984412
1973293
3050786
1738600
4465277
11403930
3544927
6178934
7803351
4994565
2932685
9779510
4355969
8566775
3254940
6983670
8562708
3211429
9693273
8293036
3055979
6145832
9604288
2938888
9046878
2431709
9502112
1570007
3177396
1579843
5846005
7042727
2877469
6399160
3136522
6383266
3116688
7745882
1726957
4643726
3548803
4121523
8708210
6209019
9162216
3248240
7271548
5427168
9481149
6360240
3187157
4616446
7664614
3184402
3400619
10592353
2560331
2997005
3237080
3157414
9596590
2870025
8446309
4500500
4904388
3099963
2885672
1623348
3111806
12799521
1508694
6261028
1637518
3235787
3263712
3600844
3336281
3979031
3271242
3541851
3568761
3992371
9559457
3273035
2136626
5682453
2896316
8554828
2880485
4633183
7912864
3102159
7372750
5256032
2749116
1702760
3831642
7378970
9377668
6536346
1593943
3605889
3281789
3923594
6470539
6357205
9831214
1530320
7133700
3520352
6527751
1721273
3012969
6454195
3118333
6727156
9178383
3174957
8280456
9464510
6662098
1464179
8244948
7269739
9852132
1516650
9516637
1586417
3086751
3279448
9582871
3084694
9860629
3030203
6556051
4575863
6290522
1646875
5586904
2144753
2918284
5827510
3564915
3551865
2876436
5294515
6315986
6222754
3979296
8496554
1629272
3065121
3322323
6521707
4500271
2891219
4817313
3392832
11304655
3454479
6289295
1565178
3090373
1687028
4290354
7830003
1670048
9464620
5341934
2618250
6219205
3183912
9558186
1535445
6342408
3582869
9973571
5698276
3349241
3228355
1668661
4706215
3108175
2887518
8001276
4848232
9412937
1645010
7769982
4899016
9411297
6363495
3117731
6359890
9519759
1538509
1675289
3535752
11115303
2899846
3016104
1613720
3169875
6575416
6066700
6024275
4888789
11027386
6379860
2987130
8257983
4082810
6392377
9711728
6132780
6243407
1655003
7889530
7894443
3337404
9739876
3673291
4089086
7231615
5856535
9066802
1597641
3131030
6337923
1647911
1404882
9456631
3048584
8533448
8237634
4278320
3017316
6508783
3442565
5918511
2827818
7885792
4790145
9463621
6273057
9172899
2964867
9665437
1538351
9546182
1543273
3093375
6551442
9279763
3175375
9573175
1529524
9487988
3077671
4789675
6845888
4155899
1550683
3072460
2972947
3216422
3103059
3209171
5871990
1895603
2895232
3240278
10339703
9034607
3302875
3078824
9073928
2076714
2996191
1675013
3860799
3565113
10141172
1535141
3144085
6474511
4899357
7511004
3399554
6394053
9615355
1537675
6465322
1573637
3107140
6443275
2954689
3221117
4917887
10012930
2890401
2965982
8376860
6594523
2324922
2893295
3134200
1646162
3086224
1645028
3159581
9423807
6141259
5109449
10992543
1634255
6505661
3144799
2945222
9414672
7855851
4957027
6079809
6603597
3081521
8643123
2460059
6125090
9880347
5772418
6932585
3347498
8348585
3885156
2980450
1614416
9763919
5720104
5278418
1658482
7417440
8534179
3157403
3101895
6471971
3128127
1708724
9477818
1567417
3059262
9728985
9617238
3100138
6309343
4265991
7978318
1640133
9602862
5969747
6898710
6416749
5614472
7047729
1614735
9779109
3279951
5041817
4899524
3223546
1674376
4092509
3208319
3332827
7149242
10137809
3504987
6494827
4369765
5038979
2381903
5214396
3046892
3208159
6349449
6568724
6209005
6061892
1549714
11301020
5039078
6171372
6325960
5754990
6466457
7805496
2075919
5857244
6896143
1604682
6263376
7630676
6001034
9973651
9360716
3123147
9195166
3195280
9848560
3063361
9792389
4696965
3498500
3200378
4645732
7668471
1690088
6229335
6422580
5133803
7057854
3326302
11271415
4483395
6362365
1652778
8250176
2936546
6001276
1522713
11327997
6628324
3175910
6385191
5720658
6783002
9663232
1474863
9587556
3003447
3181835
3168388
5305805
5530756
1656080
3593810
9643296
3563654
6936285
3707501
11046483
4015251
6158568
3212664
3169114
8682874
3872799
6428501
6318195
9621896
1659304
3063755
1569605
3055795
1655676
9146924
1536969
3086288
1555775
10223191
5930541
2929470
4782600
7905749
7612505
3146504
9911775
2881803
7734549
3161282
3090772
4073544
8288414
3194626
9650594
6253673
3277382
3100112
4129694
10269585
1477626
3025351
1610917
3029732
6342572
3223274
9493614
3299510
9592147
2899204
8492113
6358841
3192185
6278755
6259973
1577003
6285115
4480677
5276484
1517759
3062790
1566045
3026972
9321755
6124867
1539681
3494430
4711319
9818470
3129906
6367508
1789640
6097243
6346256
1956776
6278768
7198901
2538394
2978434
5750170
6929265
7815346
1625449
3128593
6417237
3070607
5382612
5381548
8985727
2350729
5190938
2811484
3098923
6382174
8137818
4178033
6310597
8039252
6611258
4622845
3288494
7960576
4749649
6133560
8191933
1794337
6521978
1482538
2989944
6558355
4472573
4802508
1564215
3312912
9722665
7482739
6965014
10390490
6361051
6325872
3059025
9248206
1517536
2987251
9716101
1780964
6304803
6328832
3044864
7880043
3038414
2825815
1556580
3031691
11008659
6598030
3119363
4655680
3412270
5855152
4525035
3074142
3338426
4714480
1677372
6495012
5868279
3188403
8909950
2150281
6099728
2546176
5627857
4601163
5198617
6248809
8122134
8961432
3177311
6345501
3176737
7373947
3307154
3235836
7923158
5019564
9526603
6105567
3146678
6896839
6882210
1610215
5350236
2769065
5152773
3017114
2889784
6168770
1517422
9338374
6202233
9631954
6251888
6596263
6294892
9396227
3021660
9765746
1567570
9727363
7484579
10780022
5367226
6200270
6277034
2993110
5710480
1973987
2910942
1616499
3946555
11286819
4010395
3134601
3036117
6646242
5998319
1353131
6188590
11261637
3435669
5946800
1611475
3009736
9245425
1498490
1307412
4936380
10212043
5813876
6228098
6796730
3289186
7143392
3146635
8335876
9880233
3023388
9732880
9180996
2954059
6102786
1568133
3061659
9553111
2864387
7791720
11369081
6269583
3195517
3139279
9518359
3016193
9866917
1569894
9449699
1554104
6211902
9471742
2827505
8217857
10066891
3962268
6375804
3114236
4139734
5116244
3003527
6047641
9497762
5190897
6173831
6510775
9242573
6317375
6308894
3035628
9190265
1594435
3127549
8213452
2620238
5341936
6195689
3295265
3688921
7164105
3656103
10246958
4763800
6205049
9240779
6570384
6344890
9638574
4595164
1595775
3119400
1664076
4584824
7818264
3163012
9566077
9712978
3079882
11735315
2548420
2889135
1591021
3106806
1567435
6222879
3001094
6012404
1814543
3021967
9777352
1619592
9422885
6596456
3106689
3836973
3284261
3440930
4673189
2420009
5646937
5616904
4071091
1550832
6315379
3090890
6204719
6202207
4464506
10212433
6190258
1551071
3103799
3139016
4007016
8365480
5649750
7277616
8344533
6050263
3042863
17170961
7780692
14756604
23073390
7751146
14811835
7822307
14990056
23314091
7811704
14889556
15622299
14965991
1435897
2081167
979669
3355961
4294892
2247995
4232385
7434136
2078190
3991593
1068308
6034059
4354169
4736284
6694701
2509496
4985203
9820354
8766819
2390168
4429816
9219311
4829587
9352097
2523387
15722012
3343846
7061214
4105815
5684812
2012818
3082625
3355931
3067405
4934610
3524626
5398806
6606748
1739814
7101222
3858791
2879915
1466424
3230047
3033222
6739165
7104125
5378806
1308234
6936854
7032286
3964021
5961402
3304397
6383354
6494846
3830920
5334997
6465512
3575365
7625561
1313905
4035365
3882102
6677688
6476762
6436815
4735023
5964967
2063268
7333275
2950315
6284694
1458532
1534691
5614823
6474991
3903849
7637370
5442234
3495371
6659029
2395631
4002869
6590945
4020118
6026811
2969935
6839194
7692361
5984899
3959767
6456857
5328250
7050269
4544460
6490708
3965830
7087934
6132888
1291963
4814656
8299185
1296381
3156751
4289228
7124995
4268754
7176407
7674687
1450053
2187978
7924235
3756627
5481010
3709586
3199875
8751402
5542474
3989801
7442062
5961277
1829403
3526349
8451645
2603601
8101448
6719261
6412233
7012168
4726628
5960136
7974526
2783290
6427997
3677635
3476318
2678028
3715674
6491995
8028219
5161445
7235355
8553015
2512834
3592926
7996152
1251241
3015886
6553545
6361960
1704389
4204357
3593961
3038762
7592823
3515508
5681112
3392809
7533650
7727635
8148903
6006928
3194820
5871143
1954198
3887042
1913663
3475601
6528629
8183481
6288857
3348201
8245484
2781530
8098156
6516991
1471133
3106303
6355081
5956104
7003673
7356216
3521354
3026085
4423010
3004651
8195701
6018985
2071875
4700286
7396154
1797076
3165313
5652600
3674026
7374199
6353507
4238873
7300422
6610160
3976727
6425214
8048406
6601051
2528042
3103938
1779087
3387556
5197022
3952869
1916891
4326591
7367479
4934627
5025920
5936768
4192204
7608198
2120311
7124178
5852871
5588038
7002055
3566650
6799672
1551744
6979434
3376792
4674892
6508566
7793920
4529896
3611267
2147468
2146764
2961454
1563403
3282099
6578919
1756219
6828292
3483400
4652415
7365556
5241545
4871091
8209179
2365716
4205601
8109713
4347977
3250483
5269550
3732509
3840269
4105045
6011338
8669401
5980808
3963590
1981971
5799908
7726155
4271239
5214867
3182240
4045434
5904517
2236892
5643751
6162778
4864811
5142218
7195929
3609694
1310078
6037326
3527077
3426099
9311335
3865929
5623504
6830710
3518228
4357782
4554306
4262125
3648269
3262104
3385384
3301713
8868873
5832673
6665410
7011748
9022238
4316891
6756266
3574463
3694297
8565172
6140531
3693554
7068735
7815746
4484413
7844468
7074235
3695646
2267025
4509918
4367665
1248757
2278494
4085590
1495541
1694425
7370331
6760371
5913081
3800327
1749334
7476689
7030162
6911553
3344406
7190385
1847709
3937139
2344250
4480413
2386176
3913449
7302692
1798287
8532212
2428478
4362563
1238708
6435330
1841474
3492168
1859909
8600838
2316202
8215411
7163979
9244434
4650887
5967146
7395930
1835431
4059558
9265725
7784909
5608866
2138062
4582159
4716281
3522742
6525115
3511158
7811314
2454528
4675489
8516208
6985974
4133811
4594831
2350216
3821123
6263068
1468232
3655036
3557375
2088601
4440919
2401086
4586247
4834268
3610568
7574879
7415375
7530407
2335805
7974621
6359586
9352194
3791767
7012823
1842939
4311444
9072767
7064362
3983201
3793433
2047421
4560541
2359490
4485495
7626084
7187181
9515244
7547079
7831136
9432452
8432811
1836738
3540597
3673630
4831971
9119408
3512373
7758870
6275540
4639954
4482973
2195511
3758188
3633160
3525887
8923169
2165206
2375094
7082874
3790569
8087475
9118048
4159783
3888124
7255740
4565986
9264963
7246813
7873016
4352966
9141849
3777072
7118800
3723699
9080422
3915732
7456612
3961912
8563053
9195871
3955064
3486030
1822081
3613518
9441154
3911799
3307642
1964869
3812179
8087544
2405483
2420618
8603857
7042585
3524013
9065507
2369246
7173202
1806047
2003402
3736260
8626681
8768676
2817331
7149725
8215368
4701423
7332691
2275922
3709672
7463493
4690816
2358635
4573894
3740342
3387396
3728989
3564461
4684271
8582032
7117099
3626444
8122581
4770962
8482948
1786224
3416995
1815168
3590204
2398581
4602993
7739279
5885550
3771272
3636883
6831875
8393056
3928327
7281853
2277557
9765622
2079432
2806322
2353482
3742381
5985342
4047465
4651973
4493885
1968003
3748702
1607940
5403692
1978058
4576140
8811999
3423073
7782791
3783776
9081030
4663155
7219728
7499817
9641264
3482768
3626141
5866147
1997048
3934346
9272780
3921954
7581809
1868091
8846118
2523081
4509997
6730026
3949723
7918512
2398007
8958384
3910519
7106716
2040656
9233881
7730408
3709088
7609440
2283165
9264631
2223173
3823102
7024866
8914566
7955623
3680405
7632550
1800918
4501904
3923123
6505343
3588840
8270751
4573363
6829965
2226576
7664179
1930690
4118647
7100768
7678852
1824532
3549164
1834124
4012247
7115921
4016299
6577008
3825625
7988293
9367464
7223839
7202190
4488053
4527967
6683001
3850227
7682410
1939064
9126420
4437848
7138764
7933647
8904438
4612330
4087961
3778372
1934018
3682837
9110733
4395555
7246581
7816323
2338580
4685697
6621467
7982750
3772588
8971259
2419724
4048655
2104325
1638453
1837665
1893485
3444466
8758553
4645165
6397605
1964327
3915050
1959251
3759194
9132475
4127023
7232042
3732432
9186868
7592303
3754689
7435803
8598189
4469730
7704101
3562842
7926760
4691911
5994633
3063274
7458117
3856871
8839699
8414122
3558746
7430952
4624405
4608985
7071454
7522826
8184081
4722177
4479187
15246442
8504029
13223814
2371148
2307593
2254201
4721891
2379355
1209248
2297970
4613369
2191958
6660076
1334829
2297510
3637150
4584824
3783576
5726794
2514893
2431553
1244305
2477906
4883867
5966554
3727507
4813448
1467824
11171278
1238356
2398632
5103013
1316065
3687125
8128702
2380186
5214152
2378563
10024638
3658745
4956163
3528849
7925624
3728113
2550650
11318184
2489105
4753981
1262050
2718046
10293759
1257398
4850653
1391794
10164123
5393488
3446488
2232201
