2346456
2341754
3560304
1858529
3862187
1958852
3589413
5720569
5489976
6782233
7960231
4180758
6902266
4108176
5019332
4580864
4534726
2474092
4393125
4379317
3314096
4798893
4447773
3044702
2344067
8583390
10376954
10123653
5337330
11567617
17454359
17343660
17419814
17211742
17760454
15267980
4056027
4301546
2615408
2614075
711084
554263
2794608
3993037
2654288
3654104
4044145
1182979
3066072
3900119
3112089
643151
2115779
3651262
3880551
1684829
1641998
3406445
1004164
3655411
4087458
3950682
3500745
3721265
4426232
2156360
4217379
3706861
4372529
3779332
3653570
3950397
4384706
4366388
3824283
3951040
1071761
2298188
1086260
3584232
3995594
4438475
4931548
2164780
1819383
2963085
4716823
3213909
4040292
4005146
4671637
4605697
3761173
4584106
4402909
3941328
4091985
2320829
4825173
4236901
4019868
2457459
4379043
4069585
2024138
4381369
4732047
4223204
4018758
4859281
3848210
3929867
4322432
2315477
4774484
3886296
4682343
2269681
3863028
1986489
4109744
1177025
4984444
4636410
1875042
4344672
3698353
1841482
1864192
4066736
2061659
4710135
4361326
1950116
1854446
1952573
5099650
4681766
4349270
4670093
2300914
4532390
1920214
1853127
2162458
2345574
1229136
2327143
4290385
4436925
4755747
2311900
4288623
1941487
4599793
4898070
4234161
4275844
2495903
2514006
1893091
1773415
5129989
4479800
2026696
2053576
1105045
2151105
4680806
4607878
1953899
1880780
4783113
4525591
4424695
4498353
2381894
4687055
1906310
4025594
5018478
4586086
2179896
2074265
1138782
2312731
4963900
3982934
2881082
3617822
3642056
1096385
2146983
1119261
2160356
4595939
2494113
4687343
1879943
3876106
4819134
2312791
4482754
4364346
2442257
2381749
1280142
4284138
2869402
2315036
2334423
1246476
4519799
1112635
2131324
4678039
4845684
2140246
1710261
1010528
1936509
4446096
2422720
4508881
2229995
4359025
1228937
4788398
4108138
1849843
4169340
2445379
4408371
4343313
2163296
4747883
1232225
4431165
3633332
4780762
1259074
4506624
4130945
1990922
4736876
1230595
2406423
1017812
1831728
2924774
5016482
2462453
4175815
2081846
4339325
2391324
4753349
2890598
975285
2017902
4891434
4355972
4345786
4558470
4772293
1216426
1855880
1915720
1977157
1260496
2410548
4573045
4522267
4632601
2296093
4766972
1880944
4086032
2574601
4807110
2222941
4210656
4795969
4958980
3850065
4336184
4689948
4289384
3911588
4450164
1217444
2379731
3916858
1859332
4429735
2329843
4479037
2159856
4318702
4952292
2399725
3579032
3070892
4572425
1232798
2266917
976376
4144167
4375927
1223412
4863495
3280483
2967281
4522182
4353296
1919601
2066589
1094113
2107798
4776220
2109829
3009126
1890198
978707
4751331
1263023
2064923
990778
2161427
1096790
2108540
4484976
4843304
2065383
3888469
4711261
2369389
3940476
4265477
4525750
4696639
3990689
4072756
4926287
3990797
4251918
2239520
2398394
4793758
3871439
1946197
2361556
3692200
4041644
1091528
4280887
2328589
4757995
2315424
1787070
2980238
4832175
3529442
3111393
4204963
4561088
4713822
3927952
4263749
4649865
4001899
4275812
4616315
2350874
4255768
3885006
2358217
2459792
1235218
3988975
1079369
2133265
4515355
2441252
4855306
3887398
2442043
1264131
2763232
9075548
17918713
17953164
8941113
17422510
4569796
8761533
9125112
8725161
3252669
1655449
4249271
3286407
3396126
3267529
2209294
1333234
2578276
1656655
1150116
2221203
1110929
3005687
3580018
4311965
3752997
3927015
4959922
3980584
4201467
4383176
2423896
4599806
961059
3805937
4759101
1216561
2064965
902785
1950808
1028627
1973352
4205111
4802281
2531852
1784161
1954759
2020221
5099315
3845686
2035383
4044385
4620710
4836715
1857005
1839006
2101432
2353554
2459565
2110136
894218
3941530
2067297
4365074
2388164
2407303
3216006
2988623
2092967
2448342
2405597
1004848
1674039
2078078
1971946
3176737
4689116
2428369
4127481
4094834
2553075
2454204
1020771
3779073
4109585
2093844
4831902
4211641
2900332
2275571
2409158
1877353
2008824
2006566
4155834
4927875
4844396
968350
1861193
4305408
1224966
4187836
3967228
4194700
2422718
5037992
1204723
3799663
2011321
2259588
2444215
2072111
891120
3923164
3090936
4529817
4844759
3683167
1929527
2153318
1314789
2497009
2493811
2192316
4455263
4587417
2400216
4394966
1860856
3961125
2385165
4660658
2249875
4395709
2372491
4761079
4489916
1954438
4408557
2467244
4575924
2147100
4289337
5013031
2584631
3992469
4349333
5124161
4281223
4298171
4707971
1223469
2354535
1177610
1874254
3955893
2475205
4831743
4389602
2221782
2206784
4835179
4418793
3745279
2194266
4990014
3335038
1121923
2171811
3369260
4747477
2514677
1944661
1956620
1846970
4684829
2354868
4473067
4464177
2298375
2341588
1285815
2470508
4044044
1988431
4709874
3570881
1086287
2190541
1120315
2151599
4686581
2409536
4677096
2895046
4524405
2364200
4438148
4335039
2216286
2491473
2446000
2339457
1010526
3746209
1977498
4583480
2312878
4495554
1117594
4306317
1220969
4738929
4341036
1887048
1769738
4804438
4711966
2141906
4352004
1205689
2324471
4966526
1839758
3768474
1214918
2397535
3723499
4185804
4017052
2081176
4758054
2528984
3753837
4526451
2472981
4546551
4159933
2011644
2202426
4875446
2309868
3813011
1009310
2386425
4786463
4349411
3937112
4454533
4586799
3659942
4654564
4306115
4277240
4488311
2402462
2328495
3441997
3850013
3708155
5068607
4387180
1982143
4637597
4985450
3822162
1867299
4822092
1232365
2257918
4077906
4075999
4682061
4562168
3692107
4253251
4803478
2169230
4425064
4683230
4769263
3510431
3876668
4617484
4094186
4421838
4371318
4652170
1178127
1983673
3792467
4621401
4430197
4022908
4109888
4970049
1273432
2147020
3690052
1943811
4823505
1238610
1945018
4127186
4368649
4897315
4226797
3813391
4461512
4286394
1998214
4255170
4481943
4781811
2037019
3784770
4588337
3527667
4068401
2098434
4483049
4866605
4081793
2021395
1960019
3681180
4311997
4102730
4530035
4677880
4104987
3974484
5075003
4192335
3294993
1132267
4368849
3666211
4562457
3907884
2238460
4852659
4144557
4360426
2282660
4758751
2395578
3891791
987214
4679760
4448518
2126668
4334001
1125608
4739086
1230058
2094723
5784870
3563013
1200969
2843678
1322950
6231376
1816360
2376043
853234
2085529
6332889
1165368
1106852
1381604
2930121
4979548
1156653
2932661
5847406
970969
1144472
596194
2514339
1042433
5986576
1825362
611959
4278769
4848281
2345800
3732710
5190932
1110766
2771816
3471639
1278262
3791352
2154580
4466517
982329
1566301
1602365
1665585
879116
2526189
2807982
4003116
3832361
4556940
1216925
1829494
2390556
2765354
4291382
3539040
4058049
4466549
3105703
1595981
1916631
1479477
2082997
3969375
3861574
2198742
2237090
1165339
1720362
2873992
2351675
1902064
876492
1863523
4318589
2223668
3919537
3562009
3434101
3385864
4204768
4622929
3952107
3440202
4063168
2179379
3658471
4554595
3190454
988487
3957007
3500381
1094853
3501577
4309376
1757540
913391
4200159
4091474
4519836
3819966
3025051
1719516
4248116
4829174
3990982
1761998
3754097
1083503
4302372
3670420
4686441
1961496
3949250
5542222
1639370
4312303
1885868
3754409
4160554
3677289
4485256
1232015
3353048
876657
1685789
1876386
4271444
4796776
1981383
1997777
1756694
3999002
2283644
2099080
4125445
2225958
3698725
3279029
1838933
4085525
4691081
3996577
3763055
4353113
3847929
4097376
3449170
3287428
4177262
4675125
2773902
4101072
3992869
4493120
3573621
4277362
3222708
3891475
3900905
4516281
2164883
3803780
4258631
4045431
841154
1773726
4235567
3770785
4498292
2033843
1613290
4219685
1925557
3091519
1715700
4227459
4843873
885534
1852933
3025959
858374
4035058
3409298
3604648
2711365
3965986
2749469
1112246
2098972
1148307
2218341
931164
1635852
4639955
3747959
3927731
2349655
2236846
4134495
1332666
4249648
741764
3516088
1016741
2265248
4321615
2289664
2190465
2109835
3217897
1713998
4170939
3008141
1467363
4001704
1885198
4151986
4185047
3520019
4197152
3730919
2280379
2214407
3674158
4414180
3379330
1695001
1745744
3269539
4884058
3890405
3612286
3211029
4464079
1592737
4486177
3894996
3831787
4288405
1928490
4208032
4272349
832277
3412500
4472739
3150571
2071564
4627849
979961
3303177
5240509
3965842
4952762
1845874
3105239
2771609
1130470
1975144
942297
4678795
884658
2097561
971799
3734935
977286
2200273
3465505
3501306
4250217
2965908
4243935
2200323
3506688
1167713
4030935
3079977
4031258
4342981
1500858
1917189
3910645
3691888
2176385
4310896
832035
1712782
4841249
3636679
4012704
4094364
3886107
2217856
3766553
3637159
1030918
2335730
1145004
2093493
4500295
1144799
3592469
3818343
4595470
4284452
4573933
1641923
3290008
1894038
4305444
2528210
4117059
3967314
4123285
4387384
3663809
4139302
2125884
4296274
1688776
4174234
2298479
3772706
3354418
4572228
1869754
3860126
2983070
1083892
1084109
2204013
1143057
3588794
2626078
878732
4569830
3160254
991134
3676062
3344332
1190410
3998169
3281580
2033255
4143057
1151708
1936533
986248
1852495
2032330
2276802
3965055
3821836
3169937
849458
3901267
3328399
1138259
1594164
840623
4652562
1196866
1835138
644665
3293927
877472
4184298
3593078
2069175
3898896
3652990
2079936
4272026
1701019
4555518
3706469
953596
2181702
2205551
3769323
4382164
3476965
1872691
4345435
3664313
2366820
4321050
2493995
3376677
2193163
2027575
4917132
4011054
3596364
4179119
3910064
4478425
4120577
3908023
1997240
4185475
3554538
1155272
3958847
2967326
4265207
3622934
4631525
3607966
3268128
1774702
4032176
4815826
1864181
3879550
1791506
2083677
2222029
3802872
3545868
2028190
3506562
877003
1664550
867150
4077252
3282540
1501504
4115244
3005909
1013012
4272945
4082711
1692313
4265578
3304556
1692373
3938683
3047374
4661686
3899967
3933889
3501604
2112729
1621565
2003810
2265536
2016510
1367882
868395
1666134
3925582
1981599
4719460
1790489
4059191
3955994
2172377
3100434
1669757
4364480
3929446
4327742
3976111
1759451
4296989
2435602
859721
3629336
3114650
4674706
1726064
4018382
1559930
2113439
3261255
2120173
1567184
829844
4647452
3063620
3837817
2078282
2197803
2733725
4392090
2179805
3485729
991263
4256565
2252222
1992124
4819696
3662699
2900316
2165081
4363541
3240628
1354966
4275417
763963
693662
3321423
4275064
4797582
3794597
1939617
1889819
1021637
2092857
4356550
850424
3689525
4109986
3733182
1967693
4031457
3819556
3964945
3300421
1749326
4045573
4682038
3831256
1721161
3866069
4341619
3499229
4685184
3692816
4056269
4103767
3932495
4303267
3252338
1076582
4134993
2083471
2520981
1101631
2917088
2722682
4387572
3228998
1007251
4462274
2208794
1538086
3418429
4109334
4561812
4103573
3964489
984388
1897667
1192533
4211465
873078
4070933
4096327
1976483
4157402
3673392
4125580
3477243
3337180
982648
2092767
4472112
2491289
1887081
2146625
3602715
4286579
3825894
4481539
3952151
3591887
2168046
4067916
4275723
4220039
3344670
1935662
2007684
4277760
4372858
2350730
3402986
4070206
2245697
3973199
4511886
3593083
3351427
2086159
4075424
4753822
4147198
3887625
2394254
2211625
1022214
1656608
845238
2171560
4111046
2124631
4093072
1936350
2121365
1103658
4436561
1684872
3200654
4466960
1722417
4017940
3882973
2137175
4478505
3188204
1638464
4550758
3110087
3607243
2107445
4247771
3873950
1475050
1664370
2008359
4275152
2144690
3979120
4438044
2161076
3472550
1138702
4112798
3701468
4438475
1897479
1611483
1383452
4450738
2525050
1726839
3728744
2203779
4819500
950143
1790196
1187492
1858066
857013
1774330
4305019
2312989
3365350
2607269
3956825
992173
1844847
4182394
3943107
1819166
4405480
949956
1631932
4291509
4210148
839055
2312788
1390623
1898205
1083024
1633670
3164612
1840181
4139200
3729255
1086620
1774278
3930221
1828810
2079050
2212136
4037617
1902609
2460355
3130480
3787619
1012196
4470274
1625252
3969041
2098382
3686653
3299874
1158695
2060121
2622972
4685167
1081751
3118495
2541411
4197159
4616283
1844751
2024277
1005840
1810094
3939345
4513154
1509556
4418906
3943759
3170339
3800345
2046212
4927230
3829034
3934905
4390875
1189247
2071657
3684160
1133143
3524461
1620582
3662676
3241921
4783977
3833052
1954293
3952594
1091644
2229781
2958768
3951349
3688229
1624792
1710146
4172152
1852131
2399026
4115850
2031061
3881080
4568361
1993514
1585051
3155580
2175616
3918214
2015941
4389453
879169
3965358
1249483
1840213
683603
3230083
4175483
1936880
2264727
3260877
3981950
1569286
4151760
2205286
1888906
861102
1745210
1480873
2165050
3979209
860953
4118896
4182812
4057876
2067415
2181947
3429253
1007147
2028908
3418133
4044743
2644135
3984946
1576717
4075197
2283214
2093671
3227850
4386042
3226072
3536260
4149483
4758475
1763100
4049401
3908393
4449343
1645847
1808406
2240920
2037822
2897351
1918631
1170521
2266649
2928470
3820424
1225718
3229156
866494
1639474
3154441
2088831
4829681
1756576
3980857
865095
1876916
1084765
2068385
3328585
1608756
2277348
2317823
1060135
2104345
939517
1686368
4276239
4069098
4553068
1859821
3358032
1860784
1896436
1158177
2297935
4130549
2523457
4189095
673126
2704885
4285802
4235618
4560235
3531496
3351513
990965
1956763
4595007
3984233
3897676
2356407
4048433
1741729
2162206
1223313
3791658
1972281
2175429
4187366
3844891
2196797
3204652
864626
3763759
3879761
4617620
1854378
3647536
927638
4202475
1169042
2064378
852874
1624944
1447704
2180865
3972918
1669431
4274318
2268668
3455390
2609683
4179609
3469608
3161658
1194477
4170509
3417803
1104549
3673170
813127
1930891
4126630
2262311
4091364
2171647
3808871
3214759
4095962
1804612
2333637
3278297
3978769
977620
1886028
3136807
4193858
3770968
4235708
4384761
3732645
4184013
4405488
1327667
1689907
2665849
4347855
1015558
3785502
864694
2020535
4389028
3201904
1431467
1661977
837448
1985575
4295823
4114337
3839376
4360677
3729299
3350255
2198055
4179145
1166058
1897606
991353
1900561
1018558
2089521
4059675
3849921
2226166
3523545
4206180
4055287
4659813
3951936
684493
3278926
876641
2098671
1152288
4460155
3177752
4063408
1630481
4241289
2300024
3441469
4545822
2098179
3772928
4475664
3744391
4114621
1951567
3629619
1975333
2113114
1181119
3632100
3667835
1225503
3241893
2563722
872773
4190650
4930618
1788638
2208514
3521451
4276756
2231744
1017839
3809297
3351034
4137121
1944595
4565939
1915216
1633936
3323791
3728492
1870989
4409610
3663625
4449256
2156343
3280002
3255806
4222052
1941320
4470360
3790323
1893568
4353348
3015238
1663884
2735426
2051399
2073217
1452989
1653986
873604
1757468
4339837
2297282
5383206
2016486
1877774
3064208
1082516
4159451
3901598
2180665
3162265
3601905
4063229
4732108
1843046
2070997
3949325
1024874
4512067
2797206
910301
2186678
1256903
1923193
1497569
3356172
4283370
4877492
3864751
3709271
4383322
2165078
3454378
2150216
4078972
3954124
2228053
2224209
3626012
1109723
3835292
3242466
3043202
1129111
4120666
4271584
2119521
3578366
2186083
2145377
1147386
3587502
3783471
4048747
852000
3972201
4359128
3696288
4542245
3253963
3976905
4500989
1939639
4494136
3680841
1950602
4108385
3322245
1886336
2456557
4310633
1347116
3364171
3312946
4164771
4266885
1183692
1867759
971983
3936356
3328383
1917650
3769581
4284821
1811249
4322694
3890026
4060915
3047420
736864
1679220
3814303
1166840
4221297
1443942
1818961
4061313
3808189
1992429
4184543
3996151
2135478
2112826
3470374
2146603
2082743
4010169
4490286
3816603
3289781
2057041
2349418
3306185
4246255
1150069
3693442
3653969
4237934
2026892
1014367
2357138
4260943
3200953
1719815
1807509
4219656
2395369
4084424
1208264
1933532
1962331
1849867
1083734
2145497
3850718
1882278
2170507
3920865
1815647
4491009
2134647
3658521
4165376
3058161
1602288
2191453
3108781
2642614
877304
4058550
2868551
4460625
2028916
3989929
4227654
3591030
1121566
2092883
1141453
2229562
2580219
4349931
2184553
3342491
967349
2052795
4621236
993226
4380107
4156008
1385413
3924795
4582235
4523158
4123816
3009013
1648109
3994577
3000202
1482124
2186883
4022590
3844415
2159563
4302716
3658736
4108396
2007432
2149138
2537725
691375
1444411
1763971
4357408
640932
1219900
1259057
1231872
873786
1920611
6044581
2015378
5842016
4907484
6456720
3586462
6518512
4887248
6122255
5746639
1156545
3417033
6567079
5929504
2173644
4072971
3345626
2803837
969082
3959264
3097109
6841594
3252384
5821732
2698700
6654148
2983174
5971660
5594580
6397783
1838713
6191735
3888351
2271563
2420116
2370096
1124459
6697307
7636718
2879440
5407515
4142888
4997460
4058429
6353089
5627777
5830776
7234197
5046833
5926836
5769247
5937451
5819700
6942256
5793479
5982297
5920539
5802679
5902576
4267307
6425026
1912314
6048242
3146493
6856700
3496918
2228998
1993963
2302537
6717631
4854233
7828413
6717698
4021584
5302378
5033876
5875593
1257733
3675998
5921585
963724
5636517
7240686
3385302
6203372
5348500
6885696
5674297
6381470
6098121
5879325
5666086
2725999
5581193
2217233
6481086
6664989
5819137
4481428
6955132
5123986
6321861
2903588
6225461
6206594
6244357
4037226
6032081
4847747
2456700
5050363
6762689
7451979
6223201
6221002
6202741
3186076
3940453
3333522
1845057
5920455
4608112
1735168
6128581
6084582
4266927
6782649
3476742
6315000
3194912
6265465
2611463
5416496
5076523
4272017
5420530
6339399
6279910
5818443
6769405
4679811
6888504
6893640
1985885
5943016
3258044
2435480
4503358
6573609
1848361
5833027
4449509
6045947
6176779
5312959
2696932
5980093
5907559
7297294
5356117
5568360
6116644
5644842
5879661
6283812
5966218
3811311
4848763
2200545
6059513
965920
5754063
4200563
6554885
5915036
6927724
7973718
6619716
5952063
5632336
3674574
2138674
1164575
3641658
6507151
960192
5678685
6923581
3769729
5393567
2465451
5998780
5180725
959695
2821135
6942267
2737494
6003987
5978620
3124680
6894612
5500845
2054518
6479218
6044225
5887862
6001816
5933305
5674327
6230432
4000152
5614952
2587057
3784658
9019427
2611601
7558990
1706577
5996733
1848679
6074268
5832150
3922174
2111428
1236063
6656634
5238069
5578293
6094682
5805966
3891790
5552959
6570601
2844131
2357932
2130556
1064443
3918588
3254167
6861223
2827773
5831859
3312793
6713468
5300266
5306528
6944356
5190206
6562461
3164413
6260654
6143123
3377047
2675500
2212771
7000012
891080
2114547
2445847
2373722
6013387
2085303
6259944
5551544
6295977
5085120
2399721
4657073
1100249
6361616
2181223
5621338
1960303
6158326
5356760
5906073
4885054
2921783
5994755
4965520
912373
6441350
5295105
5103318
1980800
5832149
6212660
3928074
2122471
2394686
2748832
5429664
909877
6248245
3953306
6349394
2013775
5897539
1012079
3799685
1092791
5905100
5007507
5579343
6541566
6382644
1976253
5924775
5945136
6067248
5818575
6962976
5628843
3971438
4928950
4983091
3068504
5867431
3112067
6370232
2912513
5909492
1091394
5850300
1984874
5365529
4556459
2113279
6417698
5060712
4115007
6140907
1906016
5581428
5236953
3893592
4850761
5071615
5656547
6209917
7512424
4724909
3414752
5737565
2708049
5335954
6327746
3933041
6278754
2928501
2843382
4233852
6857788
1009619
5812739
6207171
3268421
5511711
2394097
1920684
1052035
3834522
1132758
3686085
5395898
2722943
6251245
4205713
2105072
1268481
3826330
7730408
5918030
2006382
2883692
2395665
2559984
5959209
6166836
958631
5921486
2380405
7085372
3014148
2246801
2684251
1043688
5815577
5121385
1000981
5846970
2196262
3103181
4158361
2002733
5887138
6047117
6030113
5736635
3283030
6450097
5878843
4884759
7094107
5475328
3180600
6210986
6302578
3024787
6879133
6702587
5861994
6096463
1857973
6596659
3417278
5839834
2043259
4102810
973426
4238500
5034448
2763203
6073557
5188273
1891118
6039937
2503723
6348449
4059778
4987133
7192004
1880989
6082683
5163647
1633329
5612166
2260488
2688091
2144308
3892282
3155794
2849688
5982257
3242708
6743507
1707173
1885899
4154772
2135737
2515879
4596495
2415799
2778765
6482105
5628478
1580831
3409219
3763664
3198540
2034208
3943193
1004255
5125897
5983973
928507
7402256
4342653
5931292
1851688
6850205
2210995
2032910
5765512
1919307
7193960
1490813
5939631
5556370
6733090
1946820
6720064
4646098
5405417
966493
5977361
6002314
3972199
1997002
1175211
3792999
5274373
6356005
5203589
7323954
6009435
6227205
6107393
4910336
6730603
2036721
5766460
7075201
5535443
5042059
5804139
2964477
5371336
3817125
6209375
3546730
5600672
4081013
5012399
1095374
5873292
5924690
6869498
3769413
6002708
1899254
5819403
6145164
5885062
4201527
6191644
1877848
6005698
4245682
6089341
6288477
5711588
4686706
7299299
2334088
3453303
2430720
4107886
6456766
5682362
4893259
6776830
5412311
6395413
2507802
6195598
4038767
4633397
7396387
5515858
6524869
1917693
4238551
1101960
5901683
5893963
2864326
3402687
958651
2989600
6462282
6570090
2036918
6160448
1553994
3682885
5131336
2285584
3813439
1955976
3678519
1309778
5688763
1229354
3656277
5702651
6415550
6704218
5515856
4951064
6992979
5139094
2949494
6333051
2271042
2946414
5206862
4641454
2838089
5462709
6135667
6732153
5741388
5442107
6543414
5273317
6364748
6218974
5678373
6519443
7916210
5884358
1806227
5950520
1076608
3746790
5035697
5689475
7894946
3776064
5121660
5180123
6374028
5326882
3971756
6267952
945589
6159602
5923904
5820521
3659310
5631640
2458551
3442185
1827972
6240858
998379
3236358
3891985
5087971
6058142
989376
6233933
6466013
5761190
6478769
7894429
5865522
6122057
2968092
4070459
6003611
979795
5734602
7228782
7322399
5096068
6845438
5281894
6169825
7518526
2236071
5902539
1090481
5834390
5201023
1009459
6031317
5236317
1664175
5614931
5091145
1120931
6210400
4810910
955286
3973188
6361444
6370349
5853895
6998678
3258519
6079211
5163439
2698438
6055463
2982138
2904784
2638209
3294617
6350790
6304881
5891507
7107975
4110993
5669539
1811166
4402112
6279637
5947238
5707996
6398560
5871887
6234776
2560865
5524826
2435357
4698168
7107429
5605534
6837957
6251328
1446340
1851914
6450185
2436621
6470684
2060533
6063067
5968598
6011160
5996603
5722382
6203093
6043297
6146733
5723766
6201638
5731710
6112515
6303651
5995913
5999575
6061880
5821602
6206684
6170998
5839776
5435998
6391739
5628161
6463809
6168003
1929996
6522893
7189362
5079840
5300214
1500077
5505886
3727281
2512469
5611755
5973128
4117947
5993113
2026976
5981436
5850924
5699733
6804731
5481038
6015394
6069035
5770292
5628238
6306654
6134000
5800931
4874409
6386964
5846570
6222091
6178272
1937111
3821363
1193062
6688222
4622342
1365384
5574425
5056513
5981452
6106815
2057276
3847613
2477443
7366257
4813774
5551897
6333019
3824118
5929088
4886541
1430914
6144753
5045038
883411
5981748
2785807
3058162
2428427
3510912
915211
6392394
5390111
5153012
2925180
3959684
943728
6049568
5015507
3299663
2898291
3489720
2762326
986564
6272674
7121963
1345886
6048085
3675143
2382149
1908850
997414
3845013
1076153
3772855
5342276
1797137
6155900
3491192
4645358
2368757
4644719
2240881
2608869
2216778
2766932
5781810
894967
6932111
3634591
2214673
3821082
1885534
5089847
3644917
3374617
6590592
6498455
5982657
5531046
6628179
5503795
6117997
6238339
5542165
6705167
7777654
6000979
2015212
6106049
5004541
6078198
2360841
6388728
7138093
4532654
5559654
6869950
3409714
5822807
6366564
6300234
5823915
2360212
3612496
1367248
5640116
2079616
6677273
1603707
6214845
5907483
5228437
6631465
5710946
6265939
6208853
5601924
6509971
5854300
1859241
1964616
2892659
1096637
1955527
5984614
1962329
6270367
5960032
3866983
4056991
5838461
5401425
7177246
1668728
1924539
1008738
4931204
4159080
939109
6472921
6297411
3840703
4328801
5650773
6238896
3648353
4420897
2302163
7398995
2480247
3857128
3901196
1907017
6236590
1820073
6268425
6219564
3848622
1801936
949163
6191287
3752073
6523017
5746800
4827734
3067998
3079129
3752531
6443676
5901558
3954210
1950917
6117362
3268375
4149565
1924636
6116218
5265952
6951385
3890661
3885886
3877174
6007971
4728742
7398510
3998705
3018780
1072056
6135275
2973703
963851
7431081
4165848
4009208
5997983
3817608
6068709
6191393
3718908
4393380
5409863
5799073
6370407
4066286
6223947
5903055
3742054
3901866
5294894
4632028
6285070
6107741
3842607
1773167
6261333
3773736
6529613
5208805
3824085
5057410
4844007
6224188
6157473
3757802
1966011
1976714
6089729
1924807
6210340
3082213
4938767
1849255
4591047
5854945
1980459
1935859
1099110
1918613
5586833
4471541
6389968
6054115
4163552
1901362
5980508
3716403
7022800
5272466
1929485
4431385
5756554
5914247
6279908
4046823
4090187
5999002
4326627
6311968
5469673
6409869
5921759
3959677
3972162
6154264
3780437
1374328
4028848
1021097
4219815
3843148
3964181
6074368
4595921
7131328
2584485
3853341
2032251
6028168
936530
1955777
1053893
4271857
6318653
2889237
2855189
4518879
2708155
1894665
903219
1263853
4065249
2425671
3833810
966670
4574772
7068808
1901830
1909717
3939801
4038635
6027746
4385281
7446530
2378998
1093898
3922405
6153139
2022042
2896446
5193395
5304810
3781075
6187959
3633811
6144067
6334545
1884946
3977019
1187572
5713577
5846390
6584722
1254850
3825823
6720534
5586872
1881158
3886859
1830562
6183039
1693831
1943115
6450966
6240679
1907746
3813401
6026675
3629133
6811428
5529268
3760164
6283386
2868865
905303
6223519
6313124
3959828
2094394
6135594
1898435
6235913
956108
6373427
2942253
2397609
6924894
3954363
1908894
1880509
4097250
6061176
4889534
7396039
3907046
3741984
6147807
3708289
6654029
5701812
3803637
6204823
1766550
5130954
2991924
6167198
3916411
5177635
4539960
6214467
6187761
3967314
3376317
2841994
6044250
3789253
3855912
6196291
3769194
6699402
4076966
3963261
1943262
5664822
1444864
3752810
6690746
3904640
3740029
1052872
1851341
5885434
3786812
6324970
6109988
3855461
6064290
3821891
6157428
6124194
3731173
8621824
3643303
3727499
3953595
5833186
4973761
7362072
3805429
1883642
4700488
3226478
3715635
6303916
5995327
1964871
3914311
6132089
5491961
6265875
4650816
3849594
5911358
3841895
4266655
1909264
6250782
5996364
6478280
3748140
1961067
3934681
6001942
1942398
6382682
3855453
4066506
4172042
5215410
3812576
6324199
4223083
3890184
1964929
1969022
6026068
1988593
6199937
6420623
1997718
1992520
5289581
2714153
4143230
6574499
5890756
6342143
3852210
3914213
4856587
2935295
3742099
2135814
3232338
5957815
4174923
4822388
4988145
6219426
2817360
5411803
1069718
1888956
3585307
2214053
4169770
5021252
6630761
1929107
1968148
3100615
5927544
923561
4759998
3297455
6221462
2998593
960051
7247660
4955868
4837623
3831536
1168452
3975876
3618743
6306964
6275449
2874158
4214776
5766742
1969752
6228441
6133747
3829286
5978579
3874587
929079
5272442
6341913
4056861
4677214
4875777
6373746
6291440
3784780
6128744
6061984
3815098
1880202
1983716
5490675
4340815
1985585
7371544
4812883
3840758
1881600
5979170
4505789
7443802
2389399
3845996
915558
6157143
2881038
6210448
6430408
1842497
4157479
2657546
5158399
1954910
6078098
1729619
2462060
1991005
1060229
6024121
5224898
1979184
1882951
4004366
4025999
5969427
5313308
2071315
3074087
4876089
1064374
3776968
2952770
4886528
1093672
6319789
6225887
1969829
3874853
3797093
4110745
2403365
6389017
5374939
3895758
6147032
3598793
6145268
6147477
4112986
8100372
3669254
3759003
4275243
5607122
5581587
2478855
4336439
3928074
2832103
1097371
5969849
2861893
1044267
7371455
4985336
1845994
4673437
2195570
4133187
6043030
6433283
4814151
5809476
3947876
922169
6135973
6141536
4767004
7633237
3801475
1870021
3956948
6130682
939421
1948312
6290985
3931163
3892333
6052084
2012936
911081
3637886
6856989
1832536
3815756
2024843
6032010
5129949
6549078
4533237
3907242
5971798
3609915
6145230
6177779
4309672
4774157
3208883
1092157
1911320
3892235
3973344
5896953
1858446
2061409
2409150
7068103
2925239
1982877
1945675
6235785
3624942
3789995
7050394
2836256
3863708
6017802
3627244
6221888
6193430
3739656
5661365
1376066
2743738
6336739
6195459
3833049
7157869
3119013
3830491
1891036
3957126
6071857
3618254
6181039
6363899
1961909
1956188
5340082
4766764
2009304
7292195
2886135
3914785
1731505
2418654
4601875
4816880
6784715
3021262
3720775
1952909
2434363
2167797
2249059
4576301
6660465
5192992
1996983
4087952
6125488
1086919
1824740
2008314
3891287
5392594
1752797
1784973
3242585
7665207
4417161
3863792
2178917
5751514
1038914
2059027
5192802
2425101
4826528
4027358
5201595
962801
1871310
2094343
4171530
883719
3640384
4463287
3902415
3072464
2932362
935329
5144827
4287938
6101677
5591139
6595361
3628785
3737399
3826148
4124640
3733015
899982
7205886
5256354
3884886
5771028
3905102
6145000
6233688
1801348
4000269
1152211
5885121
1945037
6163148
5477040
947767
3896282
5730360
1503375
3564107
6297419
6206272
888150
1919486
8557123
3758420
3862463
3775280
6050632
4446535
3624690
3586693
4449349
3717791
3615967
6195932
6156612
1789611
3797905
6084532
1812875
818591
3824379
2388592
1929340
5345850
4086067
2651839
3362028
3727854
6290846
6353801
900465
1868485
8684000
3824652
3751744
4204261
5713052
5226103
7170368
1737206
3928380
2886213
4208637
3668753
3057893
7609595
2924101
4088172
6006260
3639932
6607880
5940936
3870981
5738493
2025517
1892909
6148631
6287411
3695562
8769809
19421926
8488892
18048312
9131971
17822552
18482299
9130469
3637684
2549835
779516
1468767
778850
2946980
688790
1236948
2576956
1237872
3693564
5406153
2012439
5272282
4166560
2305245
2429055
1443867
2330742
1022022
5315757
2624377
3747471
5396869
956958
2697670
4220872
1888493
3424188
3503132
1972716
3673384
3232359
3608418
3386915
4239617
3512397
3371916
3923327
1053954
2540481
2803861
894243
3672030
4328290
1021801
3161993
3590922
4214821
3529929
3433279
3173264
4362572
3762017
4329522
3376565
1865933
4913487
3082751
1130371
4229179
3127516
3676575
1840757
2504533
3854202
4149971
3434406
3209963
3460660
4169273
826586
3849894
3537778
3609060
3724169
3919681
4208385
3389354
3093535
3461337
4218777
3739461
3281204
2557748
3389572
3914248
3970728
3696355
3866525
3521229
3489268
4354608
3887831
3753705
3188984
3456388
4324585
1298970
4224605
3123298
2410503
3505553
4701194
2401605
3495458
1705061
3448852
872124
4581100
1823832
4510125
975475
3251031
3614053
4562498
2890833
4262037
3001780
3503034
4074446
3734463
4065393
3494524
2880158
801847
3312605
1961132
3541559
3420743
4025420
3539542
3497759
4639894
3077189
4242750
3917668
2648539
3905458
1115218
1033162
1139588
3265054
1389409
3144475
3836628
1536740
4251064
3649456
3689646
1866123
1540954
944483
3725377
2893849
4085369
832238
3451798
3536937
3432672
2732236
1777616
2278383
4338510
2426933
4326936
2755071
3586008
3888596
3212770
4466539
3866948
1812220
1746411
4449840
3883576
3725563
3341280
3608516
1841399
1984419
3748273
2558159
3700956
3168859
3417171
3785149
4143888
4555700
4188493
3044891
3917568
3468598
1346878
4359614
3798918
2950498
4609707
1637004
2124911
3259007
3373141
3643005
3142431
3848631
3532920
4192619
3551293
3338423
3928037
3626595
4729598
4151463
2991963
1890232
1999620
3940990
3365253
4097234
3160696
2355674
2943366
3701823
4144181
2830493
3529939
3435156
2690794
856230
3559278
3274030
2620054
1583834
3609875
3805879
3474453
4103022
2371209
2552882
2723526
4019342
4024846
4016695
4335669
3868300
1960010
4414026
2031105
1654539
4020306
3395547
2186836
2317063
3491910
3752959
3849174
4568304
2977039
3563583
4137484
2337097
4746834
3740709
3864855
4177307
3900166
4341897
1215996
2360834
4578711
2972468
4627392
4351849
3689504
1051176
3917892
4758823
4669110
1968076
4302521
4973048
1736566
1863492
1029316
1966517
4268533
4685344
1247854
3909941
1885955
4656230
4317902
3836875
4063594
4646143
4648140
1752563
3996446
4825451
3836812
4007869
4287541
4614695
4301899
3803115
4699313
2072522
3788381
1038495
1974790
3258502
4717035
4150842
3952992
2225035
2541679
4800667
2168794
4534635
2063546
4804079
4351455
3786168
4623803
4384010
2125352
4451615
4865452
2375190
2358942
1822754
1002232
1922312
4876322
4587313
4420892
4451619
4911851
1258385
1872728
3693837
2437645
5142294
1119821
4388303
4411355
2377761
4738322
3044996
2935440
2450683
2387154
1229205
4390750
3344604
1120458
4615149
4940898
1080020
1917303
3939276
5052630
4452122
2015445
4347577
2305255
4687945
3928070
4179850
4601179
4338709
4287573
4629271
4935561
3815756
4487947
2362456
2217610
3342504
4258766
2129733
4891333
1354307
2132751
1859686
970225
1837723
3570440
4519383
2254637
4393768
1137179
4747692
1233130
2307468
2836739
3941185
4626551
4531560
4224326
1103027
2119169
4642002
2467301
4157438
4014291
2356780
4550671
2141738
4392873
4483529
4919278
3882874
1951084
2323086
3759063
4523844
3945834
1990047
4663665
2248801
4205836
2859978
5099816
4486930
1907422
4629367
1214103
2375581
1196297
1834001
3851726
4860498
2319128
4275777
4479964
2350974
4975842
3874576
4202724
4952027
1149202
4406081
1121847
2013584
4578573
1221716
4526593
2963630
1028716
4812230
2623983
4404650
4161887
1107290
2382624
3733561
4408731
977029
1867841
4530569
1238847
4426538
2019942
1936997
2105304
2211497
3649052
4469122
931726
1824657
957881
2165839
4962792
4185510
4448404
1146479
2244969
4913187
2800714
3845018
1024644
4817419
3348303
4189234
4171537
4734093
3484415
954640
1860518
1020694
1973580
4848088
4082148
2235278
2107564
1070963
2111573
1267691
2441771
4673750
3853530
4557425
4475705
4129815
4175351
2391590
2329590
4538004
3766929
4651030
4343420
2029725
2028460
1097227
2097644
4693813
4490429
1085677
3822502
981948
4731378
2338247
3978047
4234742
2250766
4953352
1248291
3918162
994726
1977272
3666043
4217973
4177164
4410176
4621298
4312041
2042929
1927202
1128947
2516133
4814146
2066833
4164454
4414828
4659126
3896188
1947510
4474370
2240711
2134925
971079
2060911
1092353
4269512
1192034
2320349
4707107
1950764
3898826
1188210
4769992
4066002
4303079
3460335
4764746
7084655
7969923
5281496
1254763
2485235
2485722
2443721
1253297
5448268
2814124
1188278
2526767
1774634
3889771
600405
2333156
590841
5745880
2322555
2498145
1061934
3257990
4606709
607744
2557974
2994052
4793480
1167887
2916075
5769911
2737895
2687860
3282365
4183568
607459
2628919
1263076
6328694
601161
2326574
1551491
6337436
1115167
2321699
3685113
5070439
2457287
2532039
