18158
12073
24604
11120
22888
11739
11504
12632
34686
46851
58480
60451
59148
69628
246063
139271
53665
109736
259305
127156
254433
127516
238877
66403
258181
126842
235364
197132
190488
85490
52966
75824
19387
73948
75189
38431
54347
53739
27730
54517
55051
27251
58707
56927
46056
20675
205958
36511
189826
315525
185449
70440
225820
74097
262662
164183
61124
250526
85126
87838
167748
127705
37071
124501
57198
78879
140874
83253
19565
124461
166781
77956
148974
216387
71747
145876
86448
175458
56861
211559
83815
172448
171674
163450
81245
79140
167423
39294
168941
187089
166881
92732
189967
235633
83918
80882
41681
141153
45594
90962
156855
170774
141525
181079
113789
199591
43209
165686
94902
235030
191375
183606
91933
91941
65034
120956
160992
82818
86382
91056
88204
237949
83493
181858
48513
89654
236610
169293
42206
84466
139569
240818
84958
180611
95568
91616
108248
206584
83751
175015
49308
213935
166252
45910
87092
94321
89120
47218
104509
127283
85285
42483
80951
173948
93776
249683
89384
40039
184577
89842
57244
37047
166477
179155
87934
325940
84072
168847
91310
87537
205230
55353
85966
180373
95093
219743
201188
89376
181487
249893
100220
178375
182520
91652
239547
87681
85589
98552
94506
48840
142248
157439
170090
93834
207497
91415
40053
125392
43561
181173
93170
151396
63625
83477
44316
83909
179489
92771
151088
176270
44820
183547
234884
109423
175602
138310
84083
239865
176259
89823
92968
48186
93345
76384
134132
171989
88652
179887
46723
233802
174986
91151
46753
47489
100383
244105
87989
180566
146192
247604
87396
184055
92346
47554
258781
44613
81185
45066
86276
186938
247286
44943
84899
44789
89506
181693
260524
175315
181218
91646
308510
45534
87819
87516
89613
46505
88444
247206
81442
167630
185116
241302
89851
84949
177659
90181
248186
170072
82034
181532
119831
205739
89595
184219
48400
250283
80875
81297
42694
85329
46356
92504
236929
84878
167380
45965
189265
78560
120488
42847
83033
171471
183839
238622
175800
90894
88123
47770
135568
108444
80510
128725
87564
93205
240883
91032
175803
48249
92001
249134
84375
181471
93450
231328
87594
84032
181721
247559
166230
83258
185258
241582
84911
86566
94013
91116
96822
243441
42720
81141
43947
86746
46781
88848
242666
88187
179827
47176
186382
77905
123857
42000
82220
86420
179653
46631
108284
206934
108783
183065
87875
137916
281001
84280
92940
190085
90004
254230
86115
83626
45570
90831
48469
90497
282685
90883
184817
48457
184531
166186
81385
176504
88496
200862
85915
136802
140925
181284
46903
85725
260474
182273
86315
183185
150455
216393
48261
89903
49740
89510
45581
88754
249899
182104
89967
87283
120872
160368
52326
88600
46898
87967
183053
264244
85705
171999
48590
184065
157767
217596
91059
183604
45662
88822
82760
204943
43878
81637
46619
175904
278804
88274
181059
46112
180188
79172
216918
177192
88513
241155
82192
186008
185810
87667
257102
88969
88544
131575
185556
278012
187559
92594
87758
45617
89703
401547
189378
80029
176717
22712
26979
27931
55227
55696
27081
55113
28119
25533
108412
127493
159336
133486
356209
109506
74692
38839
119322
340575
208277
38021
93791
184266
227232
205749
66633
184187
255901
85298
182721
47320
236113
49203
80082
126539
43079
89223
187958
148622
179179
185894
89467
231759
79179
169520
88195
90991
95026
149045
131491
88863
89657
194249
230813
83295
78716
43862
89726
189854
246632
180477
92361
88342
110332
122310
88400
79549
41780
79187
184525
88955
246417
84996
184517
47267
221755
184711
80565
85510
181787
137580
194032
44899
182651
48413
224880
185621
166682
183206
46855
146992
86420
91809
137042
97004
96071
237142
83851
171686
90291
226262
157605
88337
88534
47744
91250
222298
105388
168314
133779
95989
92509
80293
117246
173577
91657
184658
61555
213879
165679
178747
89737
319231
42408
165188
45872
89362
47041
100277
245786
84337
183253
184559
150542
83867
85475
181695
47130
88803
150135
104933
45226
86934
45664
88999
181988
153248
175765
91292
93919
48776
93026
214670
85206
178600
186857
100537
224848
42072
172327
88378
102499
78925
115850
171265
44805
181479
46626
44623
91542
62711
85895
178230
92111
226572
78575
184197
183419
183459
150495
84583
84923
47660
92461
216706
138820
174732
44936
184267
86557
148175
133178
91417
89663
46583
88128
264692
84181
177743
92841
95382
247757
173396
93726
183959
62332
239345
45859
86943
93594
90548
49010
248288
87537
86622
138278
133886
125913
220115
45494
176227
47141
88738
296693
57807
179000
138473
184262
238455
166184
90472
183558
195946
45673
87212
45677
90769
140414
114612
135492
79477
127591
86614
182988
56028
136987
171967
91446
193334
132848
203141
43584
82426
138670
227969
98284
168765
182223
103597
232093
169848
89067
181559
196411
44707
84935
177390
96075
250973
80819
167632
88267
195564
227452
86535
87299
49058
94900
259410
85663
170896
84576
89349
93751
145896
175976
87040
178980
211435
78923
79494
43633
181099
47732
90955
93081
186316
181295
88714
235201
146144
87909
83748
93641
214406
212633
45054
90092
182550
254941
80829
171200
47486
180551
149174
272788
90824
179841
219156
148836
85223
188326
88977
182139
98549
199116
45765
182794
92456
282166
87199
187620
188164
48980
162699
178742
45178
87410
183763
285408
91972
94805
141911
254935
44587
45466
89391
83871
47653
88318
229729
137675
183341
46964
181400
256107
86255
82434
44262
87270
182742
59033
266767
46814
89537
47278
90584
48229
90248
258250
88425
181078
47081
199846
268080
184627
184203
258699
80505
175772
87316
211661
205649
178595
179378
247573
191915
86996
180904
183621
228612
183357
183681
97708
247116
134086
140312
45827
259921
64100
87358
189706
179996
253768
124805
201324
127324
178647
123756
188302
31822
59839
151532
128117
281618
67218
150579
208055
205805
97851
238576
189283
133207
68119
308492
72145
128341
65295
246719
119015
159605
143511
160073
177227
64820
133272
45891
114050
97113
227470
31341
74116
43116
89949
233375
237919
74480
247180
218104
84931
149780
233916
248247
86337
74245
212914
39916
92100
178727
64150
161612
57791
134545
44557
114254
102068
36296
38310
205489
115671
222201
91007
80758
43877
201440
115194
229509
70024
163678
31960
80268
43884
108752
187566
258964
167274
262128
53827
151734
142097
116231
59130
148850
84481
56933
243986
62563
77859
220248
70712
98718
333340
113297
89370
44409
81406
197290
118029
242135
164565
39321
62409
160485
144648
217009
351562
96918
232741
38495
83553
69581
129577
62462
278985
30092
135592
52169
87155
148746
96037
246720
110799
338738
98434
85929
45106
80189
215219
108944
252220
94411
149817
43345
84659
209719
101696
139093
305212
125585
199883
38262
241848
199711
89506
83068
32222
151994
92723
59655
87124
85858
258143
102620
345833
48318
244022
76370
229431
61257
113246
81437
81065
127013
149986
182443
170828
142213
99445
53676
242988
126981
195882
78487
262764
144485
143766
76262
197170
169537
67602
251880
240097
240634
118629
159247
71684
128986
62457
142490
89285
211155
51480
92896
44951
38723
43774
191227
121584
228653
109356
182061
43141
74181
173419
66547
107308
123876
233164
100284
92885
39284
75083
139156
125990
62816
259398
233345
149706
81833
247869
255715
144325
244025
31507
72179
84467
110035
232168
125207
309690
257620
88281
173768
133762
109014
59626
146962
73108
94511
250856
85527
198105
131981
274281
67789
256099
37096
72356
85018
137860
62546
256963
140148
185868
44152
156058
247481
226494
99717
51451
88319
82620
72066
248316
53105
107780
70747
231194
102274
73156
189471
131061
292674
129419
143007
154318
84578
225311
212440
181836
165423
168934
72348
82635
252077
100469
289597
208593
81329
119096
44627
84792
208002
118700
273563
252205
71218
82033
163467
263579
131604
69994
117486
97612
235365
200980
68899
113042
150257
247935
53294
182531
82928
199982
68770
213497
179057
183873
43397
182552
128618
217065
72211
98371
52367
153131
37491
72649
225223
61197
293259
41752
90363
124584
52389
63894
159294
125875
224504
298114
233988
67414
181390
243308
114312
331093
258387
81310
158086
70180
132046
211314
237231
150577
193753
207080
125646
284643
105179
244156
156269
70053
246984
173210
70286
40629
144153
53127
87826
156371
250078
240490
108214
90734
106310
100883
115962
42499
81042
54781
138191
253888
80508
203661
118992
223954
152245
78432
236600
91725
236851
210011
109395
223450
112701
82458
42972
105276
221656
240867
72440
242718
134319
181612
82818
177171
131914
96384
53526
133195
162830
84130
241739
96992
278484
101444
106187
58626
221939
39550
102963
258145
155024
245257
86067
149491
43266
82628
140603
111300
53306
129101
271202
180169
86864
181780
71487
214071
241435
84622
143413
217613
115683
104535
175309
175114
164701
127906
72725
219674
118968
283051
29641
139385
43309
90410
31888
72485
196532
132949
248990
258617
190809
83792
62477
229868
233101
226896
60164
73008
86507
119427
228245
142876
297374
51217
152540
37346
72902
215363
188120
166896
221108
51479
86733
108073
200990
70035
214943
88743
300792
138645
187724
37218
115899
70471
121142
150563
126036
30538
138046
187608
85437
195224
70070
208046
188028
253452
74982
214189
185063
252248
36987
246321
45958
85422
191222
228198
238346
251112
75616
75315
67510
127336
270788
251403
92107
175323
43204
55313
70884
130110
224337
120837
148401
163977
219536
210586
136912
254832
158731
38052
123207
251713
233994
247124
57680
163061
63276
134403
100754
106850
92484
153210
226502
67484
186547
68513
220833
325779
119796
252464
87944
194430
129247
274456
106548
259282
45434
157036
69911
267985
72747
246340
73058
147722
53254
128779
186879
176389
66088
142762
97775
140145
174243
135886
216842
72195
103453
99815
171580
61450
251154
239097
106112
134621
180282
157473
246857
161662
216378
53279
48511
147858
199275
123453
97839
280524
254125
60400
174891
249005
101950
351165
93315
253562
148727
69622
132609
276188
220699
157965
178298
82531
198701
62004
133946
74597
114372
208020
50128
72729
215204
120003
56983
235826
29368
135197
190915
85611
68494
41333
131078
213509
143409
198583
44990
154338
50332
131670
57595
98884
54892
136379
238983
101649
174831
254385
263962
122641
181495
157130
37780
132127
117722
175503
90404
157966
201923
68691
182894
137626
54614
101020
141859
84531
160042
188037
73916
89276
113368
114746
128802
204753
228927
52217
238703
44852
69969
47807
134634
257964
136644
244467
99556
173566
254266
148804
226517
65303
184857
86257
63082
65039
131560
52293
100123
237769
129123
69971
181980
159623
235594
48232
154044
157955
106245
220421
137732
150641
182024
138117
242567
50726
71886
38266
112491
89573
72185
236068
37700
168871
215548
223635
153948
126140
218155
189592
172327
138140
206649
140932
88253
151316
83246
43120
205138
242036
144913
273420
205473
219786
119520
284431
61206
246117
106728
82431
110537
239206
135476
310397
100358
169102
28064
246164
96398
238633
54506
48635
103760
195085
140966
103187
133955
279065
164599
198813
72607
269856
61739
153238
71726
57701
112679
86667
145669
190071
71417
112505
51169
114626
320691
104135
176691
63558
250307
51952
107707
229743
46285
61716
173366
258474
107206
167721
63477
279502
123321
153163
259809
126256
155126
29617
126077
175636
71627
196114
139501
217840
159934
264651
186584
38116
72845
253511
124753
229186
145345
185183
43661
72119
35750
140505
219711
131691
238559
185678
92200
260720
63496
79955
226324
125610
181412
43924
30852
28293
254334
233317
109836
244582
38112
73174
112154
131713
59022
124660
222931
247372
85212
155300
142072
105226
106505
129818
52757
97772
48534
84104
150931
256182
108171
240304
63782
140781
149332
268413
63083
157035
68813
57699
152634
91499
148271
82979
261650
52327
281803
161273
157029
81997
245726
103450
294166
152913
258076
43849
144781
145247
258725
245794
137897
199891
74688
244934
262744
177323
241168
74592
235282
114238
269915
30836
244018
43283
84514
45189
63368
65551
136587
97163
119091
138162
44245
97492
43574
84169
182284
129195
227446
69091
237028
67248
73506
198800
126757
289080
70869
245846
141695
81412
253039
52988
278051
159226
95986
36835
63920
171151
142723
225612
176461
266105
245288
85296
216937
62999
116388
226818
45073
106261
232333
44975
191383
134235
265213
73905
93394
203878
159107
64013
130482
118110
162105
94367
31748
147224
187006
87252
211675
112969
48955
56315
133286
191982
168964
82842
139272
56172
100995
238668
104643
221051
78024
205112
261951
85480
206826
51675
74929
31902
164876
68251
136406
51247
98887
75746
154098
259716
141232
218273
221106
158744
154729
284080
180256
66745
252436
118792
253105
52269
133536
71907
85954
158573
258071
54601
74623
241369
248699
34227
75584
255513
128037
169491
210420
184967
83930
185460
231974
130387
205010
68698
181627
31798
72686
42948
85748
71609
115402
37841
167445
152703
213532
93780
147683
90207
239081
60920
217555
38197
107694
237924
118645
82554
64035
184477
142231
91552
64889
214173
249346
59390
139046
195697
86747
190264
223904
124701
203090
61745
41977
191091
243455
278026
269072
135549
149606
67616
71898
264871
148927
214095
91295
31457
73664
78466
243732
41120
101851
153450
75536
159058
52023
91845
162937
89838
242324
114711
223070
145718
194767
129493
236126
89845
274912
70660
126063
76249
74686
202155
116658
156226
241146
92336
149972
81191
108896
70846
213392
171310
170432
189170
84325
73507
104317
129263
221426
124566
168069
74395
200904
123598
236926
152098
284365
125376
75955
80402
70375
126807
127724
172533
216781
98314
143440
42608
234859
53546
53162
283252
158596
255260
72471
133082
68702
70548
114970
268102
103244
219482
87455
162103
140760
213207
69421
224624
133582
153957
136976
255818
213148
152012
93065
43873
83853
180212
129066
226236
71238
254260
127778
210643
121669
130961
92933
102657
32045
153052
182258
42972
180066
128702
101162
236616
193053
82069
40138
78655
237073
228333
51908
152432
37673
72837
97506
136823
174392
236887
53855
222652
61938
79210
166858
127572
99834
145783
139483
248793
60157
170602
136799
220132
173589
264291
160083
171659
208242
126727
264398
102036
49788
161946
87155
149718
251213
124773
263409
123638
200381
88780
258842
276596
56881
256879
43818
150651
45864
139312
58542
99703
127873
223339
43657
82375
79092
89762
71529
114800
230420
232647
126577
74526
39067
106388
197421
62405
157028
67112
57734
204132
43823
59828
43764
197302
71114
107748
53149
133942
309933
52882
142470
82351
243652
49964
255558
72356
156370
51297
141041
65583
87402
171202
143538
265264
144115
251935
44327
84559
172858
69949
127083
63214
146547
224934
232293
37663
218368
118780
280787
68531
243106
87029
144949
143087
105152
238858
97820
180465
168656
135135
217503
134975
254522
127426
218649
127578
240184
216151
103264
141283
86125
240123
242479
299117
89075
60877
43253
82248
48998
138407
210573
350760
91251
247362
89047
210049
254811
140257
53032
261267
85662
151231
265918
141490
232664
140398
101719
37225
70636
118213
252921
138640
192470
44407
78057
220002
104908
250275
96503
78928
66953
176218
187352
236057
163504
42671
164939
110755
203407
111059
208985
61416
206433
54502
107457
277178
128981
231333
85898
127917
279362
115030
252672
272766
77507
245527
63936
136622
215260
155700
122110
192480
253987
138157
266806
57737
254010
64025
139727
156457
116089
258101
131306
278682
237358
134485
261024
261467
271261
272333
117221
256162
59639
263985
264974
122277
286861
130582
235934
158209
255308
78930
239831
75519
241749
147289
137936
238577
149448
293818
134077
258020
123257
282743
80725
236037
136577
114660
62713
164460
77715
112300
251712
64525
279407
144913
108344
123189
126810
62759
132815
57789
137119
258237
77894
276714
119659
260555
117806
267636
263309
135760
303934
109643
272623
127706
124712
147134
112874
126517
125418
139674
124317
76216
141103
110422
116059
61555
153330
292945
122007
255081
63788
128275
231597
223149
257663
137578
276238
123050
134190
119588
118425
248640
58435
56879
118148
192724
245818
75152
265509
137466
127772
68653
129417
293695
110726
267100
60219
192311
280458
116709
255874
76399
256931
141070
107767
63051
138687
253865
156405
248471
124836
308802
155304
242141
73287
243105
296294
233660
127872
115197
84820
153187
65588
111160
132684
115517
133526
55573
165167
190176
113814
63124
129488
214730
150748
63327
113739
204300
227544
271946
143517
263942
210680
264198
122496
275362
81936
115143
180738
281576
60418
256433
57357
136100
123133
133093
65378
162216
240657
63582
143700
72705
145739
216607
186999
124963
65825
127755
152484
139383
171521
64173
130899
281990
143150
248835
251717
58145
158564
78209
108145
255142
284019
145990
229481
62406
125704
61831
112817
66507
266864
76730
139531
184349
263667
145521
241192
142987
255063
206994
135792
125565
263033
253541
52686
73242
288569
244956
277224
139410
273288
121329
276244
290177
119779
231279
274408
73886
208259
114138
135304
55142
133585
284109
232857
188788
122178
305658
59257
114595
249477
235986
146432
112913
131755
68579
111613
270815
47707
207362
143088
272863
234884
127115
289505
267877
113460
134588
56575
137409
306445
57922
228099
84436
130851
245878
125796
136725
258694
89575
144623
111283
254042
120912
295665
116066
257702
279148
149755
228283
131450
112619
60454
132892
138829
61159
141045
60805
146900
256597
58689
253689
113790
139885
59788
111251
262785
279313
141182
237002
165209
256310
79151
235017
78552
113349
272734
81514
179751
57243
275786
60051
157442
199048
58753
139811
118623
128370
311396
105823
249947
122929
147150
148102
256365
260608
131311
143419
238355
137063
246373
57736
141443
206986
283181
268386
115480
256017
120379
265261
65526
293614
107722
178920
301306
204455
59707
114732
197952
264339
161368
172153
117847
152953
69706
146918
208383
257518
115220
287643
138971
227384
79627
113806
61281
151494
146187
110862
65018
138077
248704
185452
245623
263337
137515
265740
67388
130140
162783
288054
60988
110187
260001
127191
125014
197448
310363
235322
161290
135185
259080
119737
257571
201309
306994
57270
271078
70033
139420
265878
57985
252662
203248
270911
56943
244915
117035
300368
257883
263209
150776
259676
180811
73961
112372
294778
117180
254471
58445
279690
59105
128518
70119
113443
253842
139018
133891
121700
287462
277789
115327
254649
143428
296653
65077
232294
155819
304470
187038
61818
132528
239238
94632
262334
57171
116701
75492
50963
64255
310112
115372
262093
281380
152002
105487
121231
130341
266945
151250
239209
270691
140629
242800
126506
260217
56499
189824
158090
133056
236678
278753
255464
258049
247391
148515
150527
56089
109555
283184
146367
145408
245483
270479
136175
167912
121335
114451
256760
286481
124561
258013
61208
126920
303792
106622
256075
121860
316894
111170
252049
232606
124398
251933
70414
243158
146161
248286
260318
286699
58313
113739
283358
54780
74128
259544
59647
121194
77353
55903
135457
57572
145231
81224
118698
258177
72448
123698
294537
196716
122833
276966
151096
233009
61421
128729
64934
142330
266299
124954
269090
131967
272461
256081
119767
262876
76515
119866
282885
60972
264669
60221
108773
144567
249767
69123
120014
69852
130096
80723
131632
230399
173422
265866
138012
263471
114676
121219
317723
228838
141670
289005
251969
142214
243685
162103
253323
114560
260052
163284
263180
137000
257545
68238
154443
128945
110777
66590
193096
196044
272896
136044
139310
182128
142457
110178
64759
137466
59468
118284
264799
59209
73012
281803
111823
300421
269849
123263
250168
193367
230036
129296
107417
61866
136658
216195
148016
66281
112373
61331
133663
242158
310636
225279
122439
117733
159131
252011
141530
245528
75104
146890
71203
107636
58862
118413
67447
118193
132190
60793
139320
254045
154781
276033
175639
71921
127050
58729
125472
72710
115397
280451
78897
227180
142535
149723
71494
123773
264731
259701
130925
310283
229928
147165
285273
77795
235560
272687
54817
324175
112488
246580
124946
75291
80151
144581
250695
119934
284438
262982
119124
245931
153568
264449
58931
264896
77945
137213
176748
146077
114076
68694
129655
252701
157928
239691
296878
131627
259535
57580
52939
260508
72132
139547
78908
77601
108971
257871
279366
78413
180011
259846
140425
304086
229442
135508
279299
150063
259363
258977
61775
284336
117952
255859
138805
276992
58462
250056
292156
115093
268023
58257
263935
71854
54949
290463
242544
83271
130765
279658
113199
252485
64546
278652
78593
116809
57570
115616
291032
154861
113244
59910
143162
56243
134197
279429
68125
225520
76690
115596
58807
148373
263968
256660
130531
292326
58514
108781
254198
120877
312569
116612
248868
57757
127084
69975
53020
57564
60701
139164
246282
117133
287106
154479
235526
142377
71018
129310
118740
81035
115450
257103
65944
275688
79214
113664
57805
116052
290939
154790
247785
265242
121480
291926
108165
112937
136321
119684
302466
111487
254223
134765
305709
166790
116991
249565
130478
267863
134284
152376
110354
203854
162830
262887
257328
134626
294950
112448
268260
210010
209328
60465
109451
147157
120181
73923
134700
273090
57389
278835
293593
120528
252585
192595
143861
157185
106224
58625
118679
127940
65333
148692
77808
245991
70807
125465
137879
294301
179221
125101
129329
257693
66742
71492
256857
78206
131129
61414
114628
253017
62808
246515
143031
246361
144066
141934
237465
153869
259740
74502
240442
137338
245570
77775
91056
136183
169675
294632
156340
266652
61032
263729
219643
143667
220152
60844
125940
295455
135042
266306
56685
271560
148402
234525
192122
61557
134283
262174
281493
145716
131932
59442
111907
79694
116318
253326
137046
288758
118733
56100
275017
70172
126529
261720
109493
263461
120224
309118
114603
267125
215701
144362
241768
192366
288437
136272
233532
76941
254097
278943
119458
128793
56688
132678
56523
167044
244203
121350
265477
93672
262095
262825
138731
249796
201972
116656
139885
115343
129510
305147
110064
119783
306428
263472
57050
56697
247811
281944
269513
278017
127906
292761
60840
119888
80143
115827
76669
120648
290598
116769
242188
67044
353620
108275
139226
55024
133120
278566
121257
253147
55598
272229
257053
113719
277022
78106
115255
255540
269620
116213
288316
149123
228529
290444
57989
63266
256726
141075
256401
147108
263309
60587
275845
140686
268944
59857
269082
292752
245467
196922
114732
298839
116185
113090
82607
114374
293650
263111
119861
247658
305379
114868
254315
231040
116583
230536
115595
284403
247604
125588
288796
112441
233402
259934
157750
240336
59831
166635
273353
231262
144442
267893
116934
252984
118942
278537
246365
127768
80110
137582
114810
254764
58227
130093
244417
301921
233565
113634
108587
262730
159047
232987
61482
167805
60497
125434
178687
109157
261673
165211
237586
295737
162126
117462
237972
129812
284987
252310
122437
136190
139366
118248
257710
61364
153356
125834
112549
135115
116194
61442
130168
62307
256772
70049
141879
235024
112496
231518
113151
278668
79558
120512
58326
120443
82475
146826
244416
119822
259395
57943
290769
59405
117710
291698
267535
256779
278006
117404
247110
268003
124760
233924
286673
130114
235985
130798
248077
266172
62439
155132
208024
178062
225304
55835
251879
93021
126446
62721
118653
294691
133867
226622
263629
154798
127594
252307
151421
278166
118297
257540
284171
116761
253246
218990
126611
223815
286395
129673
241576
74920
266032
75658
116225
57253
118750
140144
135500
233358
113766
259561
61379
281824
62093
119642
74870
156592
252094
226123
258020
168437
232648
146957
287248
233528
126355
126028
285403
119232
59693
260481
85167
132396
118087
113452
279359
133018
240544
129503
111414
83252
133779
63239
114306
261756
74539
229735
59653
116709
119265
140452
57053
170772
121431
113906
61175
153452
246335
118491
72593
133180
130960
238304
84545
143864
276870
113435
255030
146699
117836
62161
115857
191186
272016
238328
58378
141527
56106
155434
233069
135143
276363
74908
234950
60540
127336
57436
110340
233834
112336
268330
268850
115923
204377
265226
242105
53585
256664
276874
255972
79111
276034
60231
111501
120832
289842
125239
256381
118271
130454
200347
233616
77057
111525
85600
124802
182659
60969
125914
65013
132754
252997
128793
161106
230134
62868
111021
118590
241860
129974
57103
210143
124992
295048
72982
232575
55740
112178
64403
134209
279393
60859
258902
128504
81231
251920
116273
276798
80178
238806
61414
250049
218618
122221
116089
70395
125750
75816
135058
234485
131931
245765
61364
255847
148654
245347
231714
112980
246667
293448
57534
60673
111458
289711
74455
111867
58373
114792
261412
131112
249223
118477
282048
265167
109200
250810
172825
229788
246311
141442
253106
60555
253942
283625
115812
247041
62935
129918
271103
138463
271444
58962
113743
231101
59386
51778
276072
138113
236216
240422
127723
109383
237618
144258
127172
132776
232600
147407
278528
242528
289385
116051
247662
56122
275262
60459
112373
267780
273658
115745
247793
59255
275275
112646
122955
133762
135667
59171
111509
108869
116603
111812
143932
109813
93657
120353
117946
292810
250570
119505
112241
259598
98304
133351
61000
113160
61078
296169
78222
115854
245761
129414
294172
115973
133101
255675
80443
237648
56851
141711
134093
136780
117754
118039
251099
83875
135084
234783
129171
66636
126923
113449
60443
111312
59122
113593
271552
253598
121141
300980
61592
237296
113749
136181
272198
232956
157735
119875
277802
111329
257204
88128
245712
259749
113051
281271
121557
250074
157471
112389
56568
254915
120307
228424
61389
182358
189489
116224
112352
235158
113632
69201
291169
62549
112151
283671
251786
113077
231823
131645
269272
59299
264836
128573
281352
250370
124998
292662
58736
256433
67069
156764
188103
117063
62750
134086
54920
153465
233356
253754
67530
244825
141315
140821
71547
112679
111616
116731
230320
269732
120913
255559
57545
302745
129750
225779
256156
109285
284832
182537
93161
129278
277138
58047
251456
220474
228939
255629
276579
114735
276132
133288
255494
119028
254738
201147
61023
79902
133631
232805
61333
226380
252249
114930
279521
113584
292220
125702
231960
60301
259048
77946
247324
59538
295602
222536
115616
258614
108316
295456
251595
55770
279200
109450
114412
133627
118395
215179
60582
114306
245043
61149
244332
147628
267406
143060
226626
116661
113864
262975
164021
233196
136296
272615
61976
110431
56081
110110
64631
282237
69015
112482
57005
288981
147119
126013
173748
251605
291928
116985
246888
49493
277728
117846
111526
135069
274510
115850
251504
122625
158299
114122
116629
197916
77198
118125
57011
109240
230932
143501
278273
121344
279975
67523
251740
231298
146286
122790
277524
59641
122510
151526
149351
70332
112347
56945
110458
268189
252775
62383
58254
132548
287997
115720
240074
79763
127628
262535
63739
134264
176924
93565
130165
183212
135793
248862
59476
112923
233541
133176
113526
216670
236685
90292
138487
74850
114349
232132
250505
166248
233421
217967
137198
205380
115509
261920
159155
234449
197389
64528
139947
77748
115804
239897
137493
145545
71376
121043
253659
294481
176985
242363
232219
233686
110904
271598
75126
111302
263383
77194
131976
232553
111243
250746
76601
133831
57980
110391
288515
211998
115155
169990
142776
122908
198029
111435
62532
126874
62624
134619
246203
115646
257875
89438
242171
64633
130910
124912
133119
250685
212735
234997
117522
228593
115313
250518
62149
151474
241278
148401
254808
221971
114756
193367
269636
57615
117539
82918
137211
82212
132361
225139
61607
274980
244956
250582
123018
277335
248739
281651
111941
253993
57692
257699
262233
263176
181507
226526
229323
136334
106680
96236
130477
59201
116868
277811
129305
115314
110090
256758
136439
71638
230419
276783
77880
249912
59240
108900
271264
77579
48968
176108
254504
137903
251540
268140
56216
282083
118176
197155
262818
110666
287848
275120
110025
222082
56661
111057
277798
133749
231967
302162
238635
112771
111649
290312
122681
257058
79615
278064
57752
226493
279423
127784
233209
251680
152768
236602
117017
129901
157653
129531
179280
242670
152887
240046
133855
262847
230610
230348
139865
264264
59718
113579
223684
69251
127624
227328
119107
159369
234777
62681
304950
195289
235819
286127
241359
133103
258375
193184
57155
113096
65960
134465
272313
115848
253539
295144
113150
252200
68753
125759
59235
112609
56531
226991
138320
113854
88475
123540
253291
90465
249977
241793
114035
131724
56134
154928
172201
64004
136749
140159
157409
57788
230978
143982
120138
260601
116487
254489
219295
59398
112875
117587
134608
269616
177972
192048
236879
231392
64076
190103
14400
27000
41759
14247
26930
14311
27225
42421
14298
27070
28521
27166
51257
97215
45977
70207
46083
24174
45445
116845
97277
188418
49659
184968
97330
110659
220341
64790
137549
263875
274634
63436
140163
264963
153775
236347
46487
134219
80187
161662
135235
220121
91825
105695
80846
65557
131424
115269
236677
202877
41816
168803
126642
93221
48863
174565
88941
149310
212415
176929
115800
193323
157183
129953
204353
178226
151980
157027
125898
218007
217329
84664
229787
32581
118073
122942
218249
283873
156115
155554
158046
61002
236676
95542
278597
35423
36238
153076
183584
114475
245695
214689
152098
158578
78559
123404
179090
130962
196467
176970
169497
233810
165916
124300
210905
257940
165994
145159
174353
117813
231117
257707
63584
112164
247548
28679
85398
128616
233863
215074
199425
229096
37920
53270
241790
123663
223226
150224
76504
258142
145244
120450
243975
277362
43995
80938
249358
61237
247103
217747
280293
174093
152114
161084
253751
89683
288843
85667
81836
87278
112555
179866
256810
248598
198885
255452
58393
105085
255743
40289
98907
277653
142621
30119
136848
117809
99632
247996
115060
252428
73833
186821
277886
295124
221127
148877
132973
40744
98329
63539
113355
213512
269224
264683
79802
243844
70026
249301
212734
63301
166292
152664
140559
229208
240278
114807
147801
165145
66679
200159
249353
61491
150090
265467
90094
150604
129224
76818
227835
208785
138578
280060
207990
114264
184218
245217
216019
114647
147433
42448
81333
103102
127633
62516
141282
243126
185285
214294
130847
106384
275992
62762
277320
203745
218345
148787
104962
220095
51094
228492
111247
226635
154860
234287
133425
111597
71264
70864
94180
51383
162356
189490
42136
177139
113613
152765
242451
243542
106538
225839
126173
123019
297522
129131
188974
129945
77791
99494
133271
196792
284125
301071
213603
160261
136145
232213
325392
143259
77978
130473
334580
111896
132527
197050
335845
169016
202911
151270
87876
254640
80428
77876
169333
100770
200757
155063
80415
87067
90191
102432
130304
79852
82803
79625
175433
202684
170194
160735
180253
91598
214421
87163
86771
167841
216019
97057
162377
166220
88054
232355
174541
84078
44803
88925
88709
65199
121081
84130
34129
38326
164930
133091
172370
101437
43036
181356
140224
212386
105420
165549
42390
85132
46729
88900
47527
149183
172467
44265
180307
48106
98891
65358
197026
41948
79593
42322
177930
46332
242126
177436
190109
92034
234174
170391
42274
86345
183996
242872
137954
49282
90834
94005
107965
214839
80944
175292
49036
92593
251350
172674
90022
91228
46660
105211
215389
33602
83463
80850
46387
88238
47630
90618
273862
82307
171783
136158
250821
51475
178735
136748
185006
150353
173517
45279
91911
179618
256378
91184
86910
46912
91633
46906
88819
235915
176925
189404
257685
178395
191058
242959
42439
81451
85106
88780
213946
137961
176113
138348
92571
88331
71763
124280
89984
86426
187705
43234
47218
254383
86807
181777
181731
153304
88362
178546
93082
203595
241511
177035
91013
181315
148093
176236
87065
180406
123841
225014
90933
182794
228314
112538
86149
44715
88369
187699
117839
136324
44848
86474
181463
47964
48115
240355
171667
86605
184469
47144
254751
40700
45071
84004
183801
210726
174203
188924
183740
93214
255203
41932
80404
163794
93373
46992
90652
144374
83698
92370
88759
92961
193320
228111
79133
172223
94785
238863
44144
83912
44583
86449
47469
91082
233713
149891
82013
78968
139427
228747
93336
167710
46824
179280
64291
144616
42758
81569
130837
85008
92364
88587
87537
104999
39970
133127
48084
90975
212203
132938
169560
82390
181687
110721
216064
176134
191252
141905
107428
128188
43580
85961
184213
133400
186060
43763
175881
46078
101551
225175
86212
168189
47836
221465
112588
175414
48451
183715
257760
80338
165580
47844
184307
70951
125230
173766
187682
231679
106543
166454
39515
89437
122607
296630
86539
181653
88637
281925
48845
183130
46511
89075
138971
252472
45188
86102
45071
87541
139013
111225
255456
91649
184682
183899
252902
176518
88242
87818
268476
96379
183124
46581
180330
125597
219167
182506
174991
232889
98468
88605
46275
87975
179897
123180
223580
179721
46586
90704
274041
191624
92072
184623
47839
133526
81986
40442
45422
45125
84264
179321
91829
276597
47376
93013
47392
90813
178386
127157
210013
86806
174411
253193
117541
177854
184021
86490
255009
86359
180056
91292
170382
152180
178058
92947
179175
260715
88188
176861
91951
89341
283744
180322
183707
91786
90170
184420
136138
467109
82558
79873
77040
164402
82051
41592
78935
172356
114971
235080
46042
78324
125194
209428
121879
176941
68190
65423
33435
72846
163627
191164
100963
134925
50851
357632
33465
64659
146488
46047
120527
248325
64092
158540
58075
311270
99123
151976
113558
239566
100722
75480
347559
69158
128826
34022
91990
320257
33961
131176
47290
387251
187855
122355
78967
