255910
162055
341460
149573
317687
160634
156508
170605
149861
235062
368325
328336
312459
242735
592887
425547
140258
266052
583895
302968
598673
299165
550848
160445
582670
299610
565189
427061
384831
176080
289257
152592
39088
146829
151376
77512
113863
112654
58784
114097
114809
57486
128538
155810
372912
163891
552665
119369
524392
769982
460518
230838
592532
182415
618368
487374
198633
599368
200554
219682
372596
422127
120283
313377
134216
196849
376893
442709
102193
385606
359040
237206
454987
523185
157450
317844
219715
523498
169272
528684
176928
451894
505791
386732
190474
174725
398172
117480
506747
508597
357774
245865
565750
566165
181343
174272
90165
372740
136404
268290
454143
358650
338410
537456
285883
459711
94251
369057
281218
690391
428080
451344
274127
271500
155151
286342
364023
182387
223115
269908
261713
634099
179155
461944
145147
265486
587408
367885
92444
196205
414780
692568
181475
408515
284248
271624
287440
482359
182926
421063
145630
636250
398827
96515
183222
251096
266309
140315
284684
301872
196154
91981
174398
430475
279309
698462
187200
84810
460630
269290
139826
81180
361750
475393
261728
884061
179940
371324
278036
265276
529016
138223
194815
413404
281980
644970
459825
188342
516355
666143
243692
405111
511002
270906
631931
187944
183054
294001
280763
144646
361822
375501
383108
263132
614575
263413
93554
278939
98063
516591
283495
376115
158656
190327
100857
191091
495795
275437
434895
380088
94824
502058
640501
270570
399371
358376
250366
699031
376420
205268
278361
143407
276385
196125
333106
388363
200702
527301
137750
620552
373716
262788
140018
140777
293708
594733
200492
451886
433659
664103
183371
457227
274709
140546
653647
101097
182721
102009
194745
558466
669795
94391
178555
94898
237192
541656
647805
395430
502136
271691
824727
96906
184746
184549
245998
138242
261146
647639
187437
383665
538272
667402
188338
179465
481133
266594
649266
394501
190122
545856
355592
491961
192283
520845
142986
661628
187036
186664
98858
208347
137337
275141
684303
188824
391710
139193
562896
198634
301845
98300
188798
426777
543395
615090
380078
269895
261072
141178
348347
271160
187120
298341
250284
277817
687796
193811
405408
143382
274080
664721
192607
511823
275095
604369
196607
201723
551157
647528
384199
192528
551770
666280
177778
182419
241550
270971
285969
616574
98748
186185
101522
213705
138935
264384
694116
184772
400125
139608
552344
197261
313795
96941
187122
197505
501901
137847
316829
548889
251121
395432
260030
415490
684217
191456
214496
493456
272809
707468
183070
183088
97926
264886
144896
273245
688070
205037
420056
141375
553446
485043
175547
380950
260973
583060
198989
321450
323836
446237
139360
259200
733296
393057
229877
550970
363470
503725
114419
204714
117096
269532
140810
262468
664348
397273
271484
265116
328043
373952
126397
199192
109986
198242
517072
768809
182649
371305
146637
554010
379389
505064
209876
489443
140841
262273
237931
507196
101610
183761
144346
542725
664781
199929
419707
138793
539862
230906
524184
427095
269342
634566
190287
435623
462846
266537
752621
189696
193076
327114
559440
665937
427951
223186
261359
141093
265406
1119049
517144
216225
477029
52613
56892
58487
114710
115815
57262
114864
59493
53848
257836
312568
503986
318231
842353
298949
242611
125661
302126
822412
553394
121729
223245
446971
601530
564708
161559
451343
584417
181667
503757
143389
604946
119573
174424
274884
93782
252696
559029
404515
375992
510645
265424
572456
175095
372279
240461
271050
281907
425755
280886
190277
248066
578955
545199
179921
169606
95162
226911
564271
631763
395052
275706
262309
297079
288784
203701
172879
91383
172363
531481
264171
613350
179031
499883
140248
576684
423735
176807
198267
542602
406642
449122
96411
491479
143839
589270
422577
366686
545576
138849
427281
184248
196366
345384
288831
284195
568839
183443
379018
271100
670717
370371
185392
199837
142397
272604
589369
249605
362384
323928
285505
273930
234685
295315
364238
237095
551240
158005
499527
359991
483163
265555
860537
91531
351565
116325
273556
142729
293583
595093
190684
458427
548794
413548
175732
179792
475295
140681
264061
378637
256761
103010
196452
103607
224063
540930
448473
387268
195223
276497
146297
274987
546676
200734
401751
541658
297783
572512
94311
450811
269537
292054
194281
283295
388640
102062
519163
137753
133149
266487
165492
179719
391592
275842
631237
191795
430920
456171
544282
431727
179936
181824
110700
277806
616068
345391
394260
101702
511381
255942
423442
294240
195903
231733
138768
261823
693960
201541
404164
261958
283873
698546
363716
232587
548047
170320
577460
103408
195374
223579
270553
145897
701555
183251
182507
357749
399492
335032
526201
102835
431933
140919
263301
818148
136375
377320
365027
539660
588825
380559
242253
543054
517304
96092
183330
96649
241699
416814
315920
347227
185521
296119
224244
543442
169586
373402
367370
225545
576918
349102
488988
100558
190099
392741
674268
245149
376281
539124
298160
572261
384464
241424
538310
526962
93795
178746
460650
284579
660806
188303
388702
257217
585238
563931
185905
219032
145967
282536
686837
204598
389121
234379
265348
276883
409603
394926
219614
544016
547219
193584
184172
101684
492367
141494
269881
272207
421552
438062
263841
635879
352545
202243
193589
273404
636782
505632
95444
196603
543317
678553
185199
389547
128530
535179
427625
659776
199027
481935
610325
358460
195476
430420
248390
545833
280921
465468
98318
490237
280027
699972
196047
424389
552172
145017
471415
399897
97140
215365
553287
695761
209648
215797
426452
753398
95947
97091
195178
179640
143649
267190
616929
326700
420203
106896
509728
757900
187926
179997
95410
216721
550344
163449
628572
105286
204742
106439
224760
143228
273987
732847
188060
423800
139980
583673
626253
420117
519821
751572
179623
403210
269753
601604
485248
409768
487343
731738
442112
186255
531650
490273
535975
420831
540470
289597
631388
290659
408735
140602
665106
157294
197559
431733
537129
762706
458794
678166
330215
453023
446728
606381
82318
154874
358257
420439
796633
157724
341533
594793
545067
230709
659087
552789
313552
160921
830333
199461
301401
153566
686891
353179
399872
330948
428526
507885
152415
313563
99641
303846
199187
525205
130768
288128
158308
306100
545019
575003
243938
666664
663765
226099
582554
643604
536155
260765
242682
543707
152039
339146
414945
262111
599852
167558
316217
106898
240660
213532
119669
127674
588258
348294
636775
245596
258947
141743
679420
277700
556267
165321
447158
134546
303397
159621
320411
451255
616075
467927
577370
151279
493382
342227
273766
138075
356766
209153
254786
628745
264185
296655
652168
168868
241880
862160
263272
244693
143285
260811
667860
283964
580670
369298
132320
260513
592414
344323
524682
914838
210794
591217
124151
254984
167493
304392
147086
699165
135038
409297
114211
233407
578391
326363
593886
263874
888394
208604
265394
145096
285148
660724
265389
603891
211627
538580
160568
308816
509137
248026
334944
799583
265138
560781
123116
601489
473933
211000
291814
134096
389929
238838
251486
322273
311186
620146
245123
905945
106712
572095
248663
600203
144173
264479
197094
194201
463442
373183
527431
660010
336824
240663
127664
582925
267211
555429
245143
622093
341766
384740
303042
465330
556180
342865
628470
575868
530223
309432
504661
171628
302739
146686
339653
210353
696883
109574
238173
147069
135764
146907
666966
292002
555726
259047
487615
139581
295334
522688
159826
258641
299027
526705
209990
275122
129729
244032
339839
296801
146694
699363
646780
549305
298347
642863
613654
382908
627325
133795
286183
311416
311850
559217
297686
812796
582450
279992
645986
313382
253495
139072
432135
170046
212256
612987
272770
679639
307753
732314
159709
557579
123945
235671
262861
328095
147106
706723
424784
480924
142981
631559
590635
546769
232330
108634
268568
263938
334353
645806
127958
260116
170104
515799
214944
243307
554456
308087
692756
472054
357063
502254
309092
627099
513897
439222
469899
476998
280146
303807
653812
243324
731150
510303
171440
305395
141545
269657
684027
276374
728162
552439
171459
260735
650821
616331
398344
166058
284071
205112
614630
559698
161489
264897
359153
777263
131313
495726
268864
677187
164673
520947
423335
516000
139807
649186
307064
524496
169762
224199
110564
346967
125756
238307
585813
144221
693284
154105
336770
302039
111220
251139
597760
336153
541379
763593
605211
279764
630357
585870
276556
868836
566069
256370
629833
165434
308587
582857
546010
316358
595944
693902
292875
754296
241662
579430
493066
167717
579301
411863
269831
155768
365784
112711
267647
620285
642928
580807
253378
190958
220935
213761
437382
158745
294601
166702
323467
547388
252945
588315
339647
651664
525952
287372
639756
204318
588257
597064
331317
641957
379180
312773
156172
316935
507734
612023
235546
685573
419254
460290
267705
654360
315220
232574
127983
318932
366181
308967
634054
235821
688940
281955
248178
124480
591474
127087
285260
610288
368060
764717
192373
548685
160223
301428
338747
272450
128841
307624
714949
454716
280384
663787
168966
515810
568304
233324
557864
621055
282846
249631
416130
492216
359447
322126
237471
587414
280626
697207
136067
423610
101613
224124
135844
285155
636564
318723
599141
702577
489843
271136
279975
617990
564098
517313
254833
284009
316983
320216
552414
339440
776303
108691
328848
125026
236915
576747
441913
400492
716716
110705
230217
434596
631643
165680
522031
210500
789296
292092
548889
120219
298339
166607
285233
356829
345619
135715
407802
489625
282273
677144
167762
501910
444415
582001
245518
581028
434316
703816
145409
616542
149051
292019
674813
548637
572240
574449
247332
242400
164387
301925
643082
783252
205221
546089
151976
296491
169753
311060
542470
291033
352460
553280
680280
510714
324652
551319
500803
123977
306695
595947
685901
637208
240453
607515
171961
318811
248347
254390
218833
428637
592051
275712
636542
163358
534900
847748
283709
610224
278480
671318
303250
731345
251473
591289
147011
646945
166736
715340
169193
539327
174760
484157
150845
307537
438275
419366
273508
416536
207764
454531
657507
324614
527476
170129
240830
240239
566381
298185
603467
574245
243493
283330
533064
432345
580528
388563
712102
113301
102833
569121
614172
297472
237297
701639
654350
256213
632900
601783
243837
908909
208143
642642
597182
166217
312461
734433
499312
354748
598226
350618
468635
144439
390034
174179
270907
436903
145885
239085
585414
283856
133350
574301
137057
422419
492280
276445
302643
184783
311194
514133
342385
476559
145240
591696
163943
311788
141478
237093
138206
324471
520013
288111
536020
602067
707000
405121
483509
598722
136728
333016
286831
424410
212429
444701
530144
277677
622976
326357
136442
243252
337288
216267
452180
397229
177651
287056
448345
330070
302551
568933
530206
110246
619000
142807
320095
182591
319151
678913
320034
532609
282219
526520
602170
355394
714960
164575
494849
278814
335593
173884
313833
126957
239611
567034
270541
145733
510273
595846
592714
101435
323330
499514
291873
699445
335510
506091
626510
325068
522204
145597
238380
124417
306786
209851
280157
623843
131542
494172
485920
600541
434316
346553
650313
550259
644491
325567
499949
331871
196017
559162
308533
155858
485963
585590
379069
655543
568267
582399
281187
698929
267392
636009
429690
304392
311634
574424
322817
815595
248647
563948
153342
637091
231752
576016
114471
102615
422367
653870
332210
252636
318807
738836
360243
550966
234569
639259
143672
367046
190827
255785
308750
195184
530712
624859
166801
271900
124270
272901
842650
220448
566801
328802
613994
124995
261049
532966
124828
258964
645354
617764
256316
395792
186434
670192
309172
492794
612419
298754
383621
135628
401995
471317
291364
645222
329749
524234
405920
653467
477167
124821
235001
609149
296385
678927
397247
500841
151845
313801
184320
328174
527458
320323
522624
542726
270360
612853
147616
194674
717068
298377
537677
146225
146510
153385
631598
562221
256865
559061
126320
236865
301703
307981
139392
294681
673619
624815
276418
643696
331586
255151
255092
315513
133255
206649
137389
269671
596289
609483
264993
559156
134691
333902
490052
643237
146791
376275
192083
258775
403418
219005
582420
299941
629552
125308
708969
418850
506727
301098
634076
250871
743999
393711
603664
139192
587682
343733
681115
584083
289985
576553
328873
648669
691261
407939
581173
241975
600480
268498
701686
135132
624797
140533
275185
147280
334645
177714
320863
235154
288075
325932
104047
231709
140500
271011
652949
306534
555587
163612
517069
168569
245424
557740
296375
687424
296864
637115
558505
295394
626995
128817
681467
440970
203685
135339
262590
610921
334017
544781
434735
677041
635408
290841
665353
146411
270464
625617
109698
223677
615841
143347
665742
312041
708964
172947
209090
473499
508944
153499
304663
277234
386536
306389
134244
394269
512027
284952
685469
273332
117087
136627
318016
459995
578321
339263
324211
138188
241764
576522
220442
590860
253693
489281
621851
212446
674006
109931
239883
133918
612625
173828
321779
126294
237207
180196
388887
649902
569475
649792
532452
375434
436737
633875
547154
309990
648290
276326
680970
110013
280655
172044
276859
625866
601144
127253
256108
570472
592392
112268
243688
621199
300748
405701
687914
491126
273503
630590
555053
314595
458220
143368
432014
131967
279107
157341
302784
170238
278036
127112
517525
388087
665525
244082
572744
311996
560967
128641
583096
124248
298698
747073
282668
233214
261192
639302
332160
204612
136766
587400
657721
262593
399018
517990
279179
632242
537416
305256
479119
260470
157163
627495
587551
695158
654372
321612
487372
173137
169520
627070
381667
670590
231359
132376
288908
288671
642263
101799
244449
367101
206770
432963
110727
247267
571199
340178
579230
282338
516286
534796
635897
310621
567583
210587
723113
149291
310786
249971
241268
485171
272690
374838
764964
202676
559150
298376
312588
166163
519304
407300
477910
480105
273684
304073
349408
306352
538572
297384
467930
293443
637053
297849
568929
400754
678266
324212
249079
249072
169068
300219
298614
410238
709365
208589
573122
157194
638166
136276
129300
699232
436386
566087
239288
397061
164417
165682
271864
694454
367492
552925
287378
611330
332310
514878
165991
498664
329566
494153
325228
606622
663802
385445
223105
141326
276928
658417
306822
548882
169079
552309
391760
575131
288388
308781
220228
325150
135686
406999
507875
142821
655849
306238
243079
571232
495751
265558
159567
333157
565250
536721
109791
344549
126504
239075
284014
323387
409766
680215
188722
573129
253115
296745
495870
308125
241760
346554
368863
639016
252585
628718
322558
533870
408870
691395
336812
545342
690577
295305
698569
240067
104750
342740
281905
603983
601951
305461
690988
260211
560764
270459
614021
697086
247097
649621
141600
579144
167985
326895
142782
239349
310006
513801
141285
264491
313363
322051
167622
276480
553364
515853
310534
246997
126846
289133
467222
145389
373986
184278
259387
509149
129190
250729
160268
625798
166508
265816
128122
319139
811922
112362
528221
302601
644825
122820
607521
198427
426190
109161
296953
167015
277520
650799
335582
696065
334613
543681
142426
271200
633195
163558
296070
147323
432751
512099
591910
121957
575115
281833
702274
285883
608030
282003
585332
335850
255053
573519
227063
506947
654430
316603
526510
317685
549201
400539
588593
302420
567070
713016
218699
555496
312497
603761
580504
782276
235662
255537
162777
302780
167688
326653
511716
906711
203110
620288
281321
686606
671220
338203
129432
568638
273512
626523
621819
419587
544757
295337
277140
122423
227576
276158
712650
414925
500152
144191
289047
663793
255568
602208
215882
165511
138985
361493
431691
639625
437168
114289
443452
356198
650852
302012
665263
161407
672099
137386
306470
703128
311028
654954
230160
311134
777117
303625
680568
683330
178226
618230
209920
366944
550021
363882
302202
547729
612105
358213
639422
166392
737237
207110
363882
364656
298244
702604
315708
694148
621131
385564
758325
713047
696503
659502
297995
695181
156285
715493
723740
301284
711214
313413
665596
403575
733618
181512
676053
175749
590634
376307
329363
667850
385905
731266
329250
701623
303717
698788
189176
658822
371490
353206
158587
410979
181113
294612
682488
159556
691060
345917
287400
365819
356891
207934
353917
165182
378687
636885
219930
669577
303508
708372
324924
715322
700956
322682
739664
280341
760295
311552
360878
395917
296013
377451
301737
334399
332408
177636
337269
287763
349049
156432
387444
727097
315936
688131
157012
307240
577789
587133
770219
369794
666655
377913
322927
292559
284960
609378
146713
146712
362552
537423
703146
219959
649515
371970
309097
168596
314598
706954
309228
713173
180070
464707
690181
286567
733194
180920
738748
338204
291973
210957
330401
623597
389342
644421
352114
791313
364039
676928
172210
593086
735191
656179
365374
338514
228124
359911
163554
301477
371374
284150
317841
137596
406373
464544
353790
159619
373207
587116
352468
162641
315697
578396
609334
710401
342769
673968
563322
719353
303883
680622
194009
284421
527760
734850
173365
682858
165350
375680
305668
317250
171789
391201
623897
197843
376137
172577
379626
519860
536534
302077
162010
306102
388136
334927
471641
187468
369544
759376
349177
685388
612399
145871
396944
182701
279982
740445
761989
345990
652421
159164
337916
157643
315082
206708
654155
178232
336942
537645
677513
390197
589826
366144
634117
598807
326022
352510
705418
691028
131138
175256
704686
625544
747108
370922
659584
377761
659739
714731
291313
651694
800055
168951
508148
336531
344810
138469
320009
703253
652819
521164
353970
758312
156246
351130
654882
664071
353368
297607
370096
166748
300573
727385
137519
555865
341510
681303
612270
362744
754211
719535
344034
335878
141386
327321
745017
146029
643420
228397
317617
607375
323040
328734
649400
200966
343405
290504
737008
357292
729999
310979
684822
695252
351004
644670
358465
347518
152330
381514
365961
158441
339459
154743
385104
628599
159007
686397
317984
368131
154114
312160
677378
689788
340548
665648
403798
738992
182645
658274
181844
284160
669070
193288
448316
164784
735131
152273
397127
493010
168958
376389
295630
304881
751191
274281
716597
367643
374628
352909
710100
629631
342221
336363
664327
369674
703435
165702
381150
510079
710879
730979
308991
679959
372784
641579
156622
722843
275794
516002
772758
562888
153485
319545
514856
663593
379980
446782
341017
381957
169567
381549
507966
696936
284422
695354
334556
633832
218134
360152
154730
380368
354642
298497
215708
333042
603830
448034
639183
785538
366251
723701
168023
315171
418884
690567
154800
303332
688945
378923
303013
475730
749473
662139
398151
354263
713676
324883
673660
499167
723582
156885
733491
167904
367261
655448
166318
654224
514755
651435
154721
702442
351414
740490
713049
636659
380741
635877
520297
216735
336566
723467
306048
725229
150125
675017
164276
363439
169854
304331
675521
330770
349196
371057
710447
774534
303812
679682
342008
718957
159692
647101
397610
756600
492872
196568
318078
579731
241779
643024
164530
331152
218267
148614
204556
765709
305289
700994
700849
356003
266067
372972
352676
736673
355594
676467
692103
334266
678967
311953
708024
140983
456810
399796
320088
664902
725674
700057
706959
601573
379921
359361
140610
307204
754858
380637
340139
689330
650162
355743
380070
299170
358902
739395
708811
317030
701700
151807
301306
751071
280019
741746
358713
771176
301396
702635
655059
312873
650923
204205
634765
387067
689226
628552
709095
145693
308318
764044
139031
214126
704794
158973
362104
179884
141324
324156
142573
372435
193815
291851
736600
170997
313707
726367
554374
300480
692493
355417
653374
155293
374008
204577
368194
656268
375946
645149
349159
653463
735768
370173
737229
178059
304311
716054
151000
716322
153936
305140
377654
693626
165602
294927
163980
342538
188830
316902
649056
424080
760200
334680
708431
283932
288865
751094
638545
370079
718758
652244
373930
593415
399231
630174
338662
747170
408086
672811
377733
625883
186498
366725
313667
309235
205958
567374
580362
661558
356711
349559
528593
341504
302036
203355
331274
156592
360517
635895
145514
204791
677752
320631
770716
757257
311118
674550
466364
566481
313178
296863
190195
361383
553515
348008
166238
305543
197997
317554
587630
759125
630574
358305
336284
396600
649697
380872
599755
210506
345890
169022
280680
168717
334958
202048
349760
364287
182660
360506
628409
402859
661603
475085
207064
312168
159995
367280
171316
286807
694235
188222
617615
393561
343760
191604
384050
684839
673950
310821
740564
641339
383162
715244
181515
658771
652145
135619
763462
294623
707891
368728
207908
183035
347106
693737
294632
709946
647908
359405
705761
390024
661020
170189
727509
179434
332898
512788
351181
313899
217761
311023
626186
383550
624518
770290
367657
697964
162402
154103
656682
169665
359997
184942
180457
271948
730913
696091
186725
463766
686289
334947
745897
639798
376650
763290
358607
714639
627824
161119
696172
327499
757095
379568
670309
163910
704911
705019
316576
715827
168122
679732
167596
135706
719957
679163
225554
317785
777595
296462
683721
159094
692720
187630
286326
158126
345154
741829
363535
298616
173624
382126
141680
320835
698257
164923
634263
209416
367701
148939
375689
669340
681557
309621
718061
146754
295181
737754
345590
753306
322263
686298
161511
356802
168695
135573
159973
181196
359036
684887
287565
707784
362900
662595
373650
168448
354836
361493
187715
303827
693032
161331
682951
187873
279726
160566
344624
736082
383534
650592
681089
291590
722566
287121
335226
384594
353178
747354
303510
676037
318117
733822
444680
338873
720072
374711
689993
327756
397765
283539
555733
442431
696158
688932
320409
726360
283703
754545
545442
576279
155571
306928
384387
296973
173070
350447
657527
165780
741919
735308
301705
682599
465492
367339
367319
270303
169792
339109
370046
208299
383185
182834
637946
218151
302804
328954
713663
455928
371339
364938
735478
211964
164272
636729
221653
319923
154652
359415
645663
198854
631379
387441
601566
370015
335562
666861
391238
701410
215093
634456
356459
597117
210638
197027
326504
483825
738434
402467
676726
197766
636269
543993
336480
618964
154071
362783
782083
330150
722268
141735
681126
348440
655801
530144
194017
362648
712066
708347
348487
319933
153992
345137
183381
297383
687990
329587
719942
289866
153337
751503
168216
352912
704785
309300
668852
287904
742580
306406
726308
550585
343265
668476
467999
696146
327768
651072
213672
724145
676051
368361
306690
142186
315360
139597
419244
631659
345472
763253
217214
658516
741839
334005
637961
536965
319669
380803
288671
307535
753029
290758
357403
770679
730611
145128
162948
648995
699451
662352
757643
313497
730040
160657
356012
185880
288802
177894
322216
675553
328355
694707
204043
876610
304247
371985
138108
316398
694510
297468
725821
162309
728455
652719
336634
703176
181658
291971
696590
733200
287985
699566
358398
643376
753513
169791
208213
660016
386205
624839
376513
655455
176296
726739
368811
666889
172117
690926
717821
621473
566951
354858
736645
298470
353004
190159
286342
715248
657299
356533
712551
748312
309254
707876
685106
374321
746994
385416
716408
723737
356420
768574
358582
750443
687050
401058
746568
151689
414708
719805
741962
385611
693375
373708
732398
343563
777620
767233
304628
217327
348823
370123
738947
189273
350498
745534
746626
669992
365280
352568
697475
404002
732840
155775
407729
153497
363774
589744
347882
699834
399185
740254
731565
409907
372109
746268
306572
731910
757329
386175
359912
347365
379847
766321
148990
382280
342708
364515
386280
345427
175342
361013
202443
714412
188176
358283
688400
362796
738893
362636
745600
184707
361329
183722
353905
223853
338445
732653
384670
755546
142589
763275
195375
342802
763762
754009
755598
687749
373918
710762
736878
335623
749926
749398
340829
716016
382152
704898
769588
158314
405291
519610
572202
729672
167717
662403
244750
339604
216022
357741
729218
395564
742088
732707
386552
333953
757001
378175
736570
380216
735837
719407
374207
728421
593870
340464
722468
754322
334899
733755
217583
726298
183774
372037
169626
341670
376656
334300
743472
367353
771072
149002
724210
214602
360698
201769
366251
751877
725370
679763
412180
720727
378028
716811
742560
381954
298734
746343
391865
157108
748930
225864
339858
379977
367692
746351
332058
743053
370041
322040
224118
335258
203778
370897
680562
177327
732990
175506
377404
381693
371884
140852
414049
382700
360193
155011
390449
718271
381888
170188
347883
333134
728570
227471
333495
755796
368228
713006
375986
311522
212523
357597
534541
726532
765906
170034
375231
138712
386895
737811
363510
765296
180259
730373
152803
343502
162770
346775
753257
364406
787008
693521
371392
585870
698462
778329
187273
694093
764117
741299
184715
711380
181457
362617
405822
721678
341701
776720
373161
347924
523491
780049
182357
271071
229278
327778
585532
154354
368861
200314
364387
753414
319744
400998
669671
203502
352534
387534
767823
307334
150154
556405
409773
753381
202290
741603
166846
355012
212620
315519
713135
210059
719198
313242
221124
721230
365762
740277
185208
741637
155608
722583
568176
391516
375326
217310
298809
210588
335125
728517
373510
697634
205014
704919
394364
689750
741015
364925
759240
726137
167161
209534
347365
716584
214539
352035
173307
370291
754646
345776
704873
345479
725954
753601
344920
668753
417094
720980
710885
369555
724955
206200
691659
787457
368263
707701
158833
369628
790584
374049
656201
170950
366730
739308
205441
152402
733579
352200
724970
591609
367933
352006
758379
384594
336221
330683
712607
382230
710039
742461
698366
352050
722457
164709
738343
168715
362131
791168
691720
370900
718594
186878
711414
361661
368631
357899
325159
168503
359574
346175
375171
363251
397550
269941
239840
322876
378722
763831
744688
384752
355913
684130
249380
344405
210205
341763
154897
767806
182303
368223
761674
307285
793472
362775
356406
730460
184744
759877
168045
382745
354497
341549
377431
351987
717795
224232
343821
722192
346871
162599
328089
365276
205618
361436
176282
367898
725619
717998
358406
764769
178576
763504
366301
372625
698134
721347
400745
299396
787624
359786
688907
232167
712577
752394
322928
792506
390482
667655
392201
355900
170804
740943
345250
574562
208557
525146
516309
365277
362587
756797
365823
217943
716040
173156
359083
767365
726403
360972
741629
310193
711445
205183
740297
316416
791565
766686
300723
803172
173565
743637
203940
395805
563728
375717
209688
314108
135914
394575
730884
729981
177194
769142
338539
372415
170132
295350
359370
374338
736613
788528
320556
715358
167661
784152
366586
725076
757479
266612
783765
520040
244186
317887
778338
171701
728591
540309
697886
754489
713129
365854
681532
357506
774411
366813
736717
561317
154047
226098
324256
690688
210433
726284
768063
276413
768636
362256
722864
360060
744886
201156
700911
213854
701767
190080
738297
579804
370245
763228
264056
816565
724748
164625
742172
350889
370657
385283
284941
568516
206922
361065
702502
154164
740235
390648
687702
344162
719254
373839
369471
706524
396844
737932
360849
716605
209094
355840
167658
350950
210053
687556
175850
360123
167816
747298
387481
328974
567166
681456
779868
373842
715314
125125
754319
388605
358575
320996
712845
372797
729857
340176
398783
362601
357747
522029
176784
338838
192199
347933
742572
396391
706924
384438
757195
164354
755501
738170
397176
322850
757299
180970
336280
376382
383288
174017
357144
167866
350969
714679
714736
203498
148147
377724
771840
365919
752057
183797
338218
739360
209912
362209
507409
239534
337647
588380
361415
642312
205774
364871
750733
375437
274328
571068
720432
236098
325803
216630
362385
748255
671823
403884
735971
554613
368410
559496
375548
714923
394042
698664
570290
214767
368912
177138
348060
775209
323333
369227
180867
384498
736249
791103
517738
662010
738909
764675
352056
685929
179179
345584
748565
180595
360730
736005
358988
667958
211808
329523
166839
349185
759430
541348
359046
531413
372856
326764
527754
352912
177656
358372
209875
356972
681813
371542
674851
234571
696874
205855
359246
376035
366649
747605
553358
622743
387631
736555
370549
678906
159620
386538
741615
384503
692248
711868
368040
493907
750193
171981
342280
225252
333115
225626
331470
719134
201310
685584
709621
725147
348439
777382
748406
702582
348486
739667
167470
739692
745285
675736
552957
722299
733187
367292
260612
244692
335750
196871
361360
705692
375396
369941
349309
743831
357686
166319
722683
702577
220416
692097
173000
349836
708419
181642
141330
567180
733325
360241
717089
773284
138972
743844
383717
546271
753449
355677
765733
667472
342102
710692
167485
358756
734049
332214
711115
761719
753352
360965
356155
721095
334880
771393
194302
705629
165592
723462
732419
326525
711021
726117
382400
745516
360838
305408
393525
341314
562645
700864
387147
700081
382189
673367
734171
734280
374024
671113
171838
358355
602926
167034
355180
723749
382883
407458
729641
158599
786806
552100
730649
700223
748962
357302
733426
538617
170823
364556
206511
316983
720339
365023
760413
739371
354656
709425
168677
326307
195088
363507
168406
724552
369978
287963
223121
334757
761067
211946
680546
797399
360212
308353
138656
392948
527841
205228
360909
340967
398430
166525
735063
382389
313525
726125
351311
732291
563647
183911
363157
379004
319906
704071
563333
539317
622651
685125
195848
508245
30812
57023
87903
30472
56521
30660
57247
88877
30717
56830
60489
57043
105304
199031
94250
144851
95612
50761
94392
240517
199731
385708
102088
475089
286665
270896
487252
156834
322504
630696
623978
151527
318994
616368
336542
591829
102079
594536
260711
620784
322080
539623
231576
302271
262220
263269
428477
276600
583801
591327
134622
622501
302940
226397
117304
441227
267113
559781
592191
428966
294468
576278
615617
309833
502677
453228
496656
575230
300671
540524
618848
276653
653659
133249
323364
310314
527818
733346
508862
372151
550293
164658
580113
232827
720496
116522
119849
440369
588139
314130
606009
534082
393218
520237
190280
335316
583856
314003
478622
440377
552478
637788
535455
317590
511627
645273
543768
361682
590223
323672
559877
645580
165526
373886
668114
130407
285792
348823
560507
532833
584285
602832
138657
220386
644524
295653
553572
396254
251126
685523
522514
324298
586086
692601
140508
274075
686059
259362
645561
529389
733252
556767
380660
546848
628712
219851
731424
285418
275945
208687
317422
570285
631989
614405
588473
693382
252957
294265
636952
99298
238193
738700
528451
162971
333309
284661
238995
597367
270506
732615
285624
586960
738060
753246
595422
397757
519081
150333
305338
150586
274498
513751
645756
726954
260835
681431
269393
648171
516519
160720
421932
495781
537124
550614
581513
271281
365826
493676
266047
637259
631553
167655
369117
712145
232862
399303
503812
283691
579456
500048
330403
709785
614415
310542
580626
655558
520674
287675
376099
137235
262949
463447
311067
149782
341704
579907
445649
628075
489567
322484
726650
170242
689275
546766
657583
543734
279152
534937
122581
546752
267388
593332
508460
661391
407215
291315
167905
168818
232581
123015
417101
573954
141157
595350
274144
370101
572504
696274
404692
636286
331750
340191
763542
349364
470533
496467
285850
297292
318685
477650
681253
724882
463986
360914
446165
586980
751773
439437
247890
316497
803090
279785
437960
482885
794590
485207
560045
369832
215727
589867
171832
173605
527313
281299
475179
338909
175359
262285
274155
307875
351824
167969
174903
179196
530254
526681
393288
354451
537506
279622
542333
187570
203995
510904
559765
226290
350939
440500
267355
651446
367510
210357
135424
270054
267890
155615
285897
193064
74638
83840
383712
404449
511747
245089
90267
399465
423482
568389
254416
363796
93756
218836
140906
268603
143333
437246
377435
95099
501802
145860
289632
155004
456049
91590
173047
92562
504269
139793
673090
378748
549506
277780
560796
372182
92905
230692
555699
627003
289787
123686
274763
284444
289329
501107
174625
414863
147797
279595
687003
362803
241386
277131
140869
289244
504514
73340
181486
175860
119261
266682
143754
273231
732815
176214
382464
421323
665682
128663
404628
355742
559431
409121
363874
95792
253904
546636
632402
206888
196888
106667
275566
142659
267710
622796
378390
574214
681002
400107
563530
683047
94689
181613
193044
274027
620955
340975
398044
343299
280396
268042
210624
325056
188453
182342
525370
130885
142646
637417
197067
432732
549174
448755
203218
381813
273303
603490
583982
399018
255966
547753
407000
376049
208987
545690
337406
539609
205968
486197
682883
277452
180322
94760
196337
568509
320845
338284
101241
194062
431598
144716
145967
709461
367462
182888
545427
143011
650065
92331
101804
189417
486239
627300
459432
411924
463994
280879
675641
105112
184670
379877
279734
141461
272908
408013
175509
194238
190110
280044
566375
568494
183607
442201
287014
695718
94442
179684
95997
196974
143441
276065
641860
362920
188732
182330
403475
682050
228204
374122
129923
552856
176665
363139
106542
186099
298278
234252
278638
266447
257851
261683
83729
280057
110771
273466
611188
338098
393750
191433
543226
334539
531153
413536
579244
370561
266883
292783
100108
209128
553878
387177
440790
98900
496442
142250
299529
558087
199804
426522
144811
662382
279940
368365
116588
553828
675854
185606
381479
136272
556848
209575
331751
364498
523031
641836
266199
379970
90411
269421
358468
734703
189511
474365
274160
708281
119711
419996
105751
241454
425103
693984
96465
187466
96933
231534
426362
307873
602464
210635
454911
561821
661494
384645
269365
271677
677081
228917
421282
106220
549090
373534
539909
440340
536156
562547
232889
206256
105969
200613
548802
366569
548858
432883
141090
280143
690409
445140
207946
534722
143963
394152
226488
86343
96641
100085
180810
518998
277581
664515
108123
214290
107680
211683
546548
372739
517072
197712
520205
664129
278999
408637
505150
267173
698078
187970
444526
282021
467144
365841
411582
212115
527247
757203
187504
403144
277159
275682
712971
412873
472016
282324
271029
502535
373515
1279371
221075
217009
210667
442457
220594
111581
213772
455292
296445
642645
124462
212623
340893
562996
364772
515323
160716
154573
79609
165130
438207
555735
237034
312315
108223
1050031
79001
152786
336723
98340
356293
682641
151278
354759
201828
890062
233895
339653
330235
653420
237355
170194
1027571
166841
304990
80355
197059
908807
80079
308767
101116
1008617
507315
328122
212212
