29532050508923
29532066481881
29532086517215
29532110448464
29532134516298
29532158449256
29532178519464
29532202439381
29532234448714
29532262436880
29532298445255
29532326516922
29532342444214
29532362503797
29532370511297
29532390498630
29532398514422
29532414427630
29532438490671
29532462443088
29532482496213
29532506429755
29532530490921
29532554438421
29532578491588
29532602436004
29532626528671
29532650431421
29532682428796
29532702508004
29532726442170
29532746510670
29532770431420
29532790499545
29532798505337
29532826504128
29532834504170
29532866431378
29532878428753
29532902496836
29532926426295
29532950478253
29532962422628
29532982423419
29532986483711
29532998485586
29533030425919
29533054431002
29533082499002
29533106425377
29533126487586
29533150435919
29533182436460
29533210491794
29533218481502
29533250423127
29533262521210
29533286427460
29533310491626
29533334441210
