24992
197
215341
521102
156280
554421
648004
657623
359199
178300
401447
648109
251184
187172
635455
342372
228015
153604
149567
64918
568492
667656
400613
362862
177958
50084
64036
87984
40002
76022
40053
58673
17156
48221
35335
52277
89820
59301
70393
60672
57116
11485
37537
34274
25017
28982
20973
41801
37233
35304
33973
24479
49761
45049
28296
37149
18112
62369
45869
61145
47457
43609
60404
66109
58393
68461
55569
16621
50737
19069
47281
19116
18705
59149
27277
49857
18813
32136
16749
32161
42941
25424
32897
13840
56485
46525
22272
35460
28524
52545
22981
61005
50201
65721
66319
50881
32737
50368
14345
12927
37130
15511
13409
19169
31136
21371
49597
15396
31013
7265
50245
17340
27673
14749
15480
13833
32727
33238
9065
61069
15231
33473
43633
58849
79753
44665
68389
37243
62766
12433
45025
19061
30231
10913
11817
7000
4428
3237
32702
53657
37665
25272
13857
30069
50012
27641
48245
33026
60765
24052
47448
10317
28409
107289
24844
33097
29646
70181
46637
68020
71137
38023
40273
10989
24625
14852
46293
34685
43245
22248
16733
7189
13909
42917
49090
17388
59380
85893
76537
49385
58266
18764
43253
10717
28693
52393
17385
56097
17569
57873
16461
24661
11131
27553
17209
30780
37534
35065
29893
55749
44409
21585
34485
40749
18297
52586
20657
63607
88557
62856
61597
72605
18777
29445
7304
27501
31310
32181
91062
24541
63486
64436
57743
48365
29876
15105
13384
72105
41371
61965
16497
35169
17359
29113
43903
104033
42741
83145
36737
32660
46929
17440
40789
61413
14237
60261
41598
40929
18261
29453
9737
20953
30169
21593
13236
27201
8873
30824
20570
25917
47633
57429
30673
44880
98839
50585
65666
18349
31637
37617
46177
22425
32504
21493
28077
53456
32898
38426
23269
57659
28977
52877
28620
58789
15973
15344
7723
32345
33045
21017
27942
14513
11883
30789
29392
31792
58475
54457
49474
12825
72561
64325
58513
38445
61909
19820
17441
49694
27844
47265
13681
51025
59993
24705
8357
8477
19064
51567
17697
57185
17985
9085
32008
48577
36360
82425
105773
86593
31089
19044
8337
41585
39934
24481
20488
23429
25434
28388
56329
26540
56881
35037
48302
12728
35813
52065
33620
38341
38070
29941
112201
48181
113201
22629
70229
23477
37681
69829
28168
62025
38297
23364
33029
61233
27333
46802
54984
28357
56729
12417
57777
15845
30017
45197
15745
27240
44166
26577
38897
25023
50481
19196
42685
50513
15265
13257
73929
60501
67301
29653
14884
13857
28108
57881
31537
57401
59709
30060
49033
12345
44181
10450
40255
52745
30533
61909
13545
40193
98160
22433
12696
60458
61737
18845
69481
11709
18992
31610
69272
28935
50225
9156
30433
56482
29944
56025
16369
52873
57761
30149
55393
41385
36509
52093
80806
53925
67685
13625
46472
41481
14740
38846
66717
23405
59565
47722
27677
24400
12457
33104
50034
18033
60461
22859
53465
39482
13713
18080
21341
21221
37575
34465
30533
88447
18125
43456
78053
41741
34703
61241
20221
58685
18025
29632
18389
24841
36425
12865
40193
12605
31083
35228
57137
33569
16108
16609
21916
23373
35105
18203
21281
47178
27240
81552
70035
43287
45977
43094
32221
22554
11117
23816
24609
49552
27052
53241
19145
27477
47349
10661
19853
54649
20668
38505
33818
6067
58793
34881
38164
11177
31616
16677
18533
31860
30740
55121
30532
54581
34008
21825
51601
36954
55100
10901
27926
27676
54057
13545
62117
60968
31896
45133
57601
33557
15301
57509
34151
16916
29965
27380
47843
24736
16381
31400
40407
28128
35097
18728
7153
26061
12330
26637
34186
26837
21679
31216
50233
33405
52669
30699
57497
41009
12048
25769
23349
22460
30815
26840
31603
43525
11260
51953
11845
31396
26785
41521
28915
25205
17369
21620
29627
24972
46217
17164
57621
23579
12745
23385
11831
16093
47158
22524
44897
52401
41629
28737
33200
14789
27288
43042
23853
37786
27646
41033
35044
14733
32692
44970
54404
34761
38346
28228
43125
46857
15621
30620
8737
25188
42082
10676
23593
36108
33093
30150
13272
19045
22305
51811
54777
26901
33557
45281
37345
57761
34308
12637
14139
29209
42983
32456
39178
14709
51017
38841
29865
50429
31919
54877
40329
32833
48313
27972
25328
32056
14085
35997
45161
48562
53685
33824
52672
10929
60949
28126
31821
13976
19533
44021
19952
49645
27630
52209
28680
53914
24090
44581
23888
26845
35817
13924
9945
16577
43745
43338
19197
50753
10645
21184
23000
11881
7432
27341
14717
12031
32754
9480
30161
16945
26721
7772
49125
34685
16149
30241
58945
55429
29548
11549
62489
52465
63901
27821
26908
17349
53493
20384
31377
15293
43478
18352
19493
29960
24697
18790
32597
51664
13880
29176
49017
14429
36069
62167
36574
23217
24024
19441
33644
27578
38872
60597
32393
49297
38873
42765
33173
79260
46642
20860
25361
51730
33080
37941
37221
27400
22117
30353
38093
52425
34091
42749
34920
59833
29553
19459
51649
60697
16157
53445
15433
30381
13648
36385
17261
47141
37209
28101
54617
30012
61169
24039
22861
15109
32609
14076
15101
19433
30240
23017
32765
44961
61785
45849
24496
25585
28240
48426
14457
58245
17325
29069
61461
26719
59569
15597
48345
54645
51733
30693
53137
47246
47629
12985
42445
42370
60646
32235
54937
13641
25048
56281
52258
17652
17832
52577
45869
33465
52993
10149
49005
47069
33209
55353
37001
11489
44620
9637
12127
64525
31708
36969
20180
24665
14510
33972
56750
29656
26357
21469
30456
58529
25517
45744
16291
13277
13377
38205
10412
19237
10809
21804
29175
52385
26221
18224
9645
35912
25282
23374
27449
37173
51523
22881
69325
46881
52498
27659
24369
11869
63777
50673
35673
53525
49065
30972
36045
19276
32445
46242
16040
30669
12729
61297
13192
25745
54729
26888
46413
56025
54001
33037
35277
28676
54153
58681
21793
20284
20933
24004
45994
22484
16581
23960
36522
21529
51917
28045
43237
39522
15872
19981
17617
45313
15588
25901
17877
53057
9239
25113
50727
18021
62765
13997
31276
8719
6277
25081
10519
14529
16517
17803
15357
40386
26689
37705
37272
41834
51457
36916
60393
16356
18861
20028
9321
33291
46782
34701
48733
21869
16997
5921
37188
33299
25484
36626
44881
40448
7764
50192
33184
39306
19276
9900
48552
13209
32304
17756
26488
46532
30631
37568
37296
24104
41103
10772
11185
9664
5596
13137
41629
42544
54484
69748
68076
21125
64960
65101
24624
55509
35624
22420
14493
54476
17352
60742
32276
41236
32508
55896
30320
30136
24872
46971
49628
55833
38504
22232
20672
27941
46963
15453
58802
52596
59740
31216
31724
10793
29240
44649
27033
34312
59812
70084
23380
45904
10283
11080
61584
32084
49325
14705
32148
31353
28445
49176
42488
32800
31428
21501
52324
13225
31140
16593
24276
58879
24080
34924
46417
35212
57296
52680
28936
41769
23709
31508
40598
50888
30857
35872
30236
60453
16128
8648
26866
15224
6824
16849
26440
46265
21372
38596
18161
53392
25860
51668
10622
31296
12935
21381
33802
23908
30730
29084
16331
28480
14073
27032
34158
29312
44020
28163
52064
12125
29881
37736
52344
24162
43868
29580
10275
31780
19272
19557
24784
39532
11828
57368
48273
32190
15160
41704
50296
54249
24780
54688
44256
42587
31528
56996
10212
24484
26658
31371
10649
15992
9044
31451
14589
28900
11095
60431
23268
44718
57229
37489
37712
18268
18097
47440
17409
23248
34488
28808
38494
15765
30196
22974
29109
11304
30904
10917
40168
27825
16416
16527
26425
51236
19708
50476
22269
55804
16556
38052
17437
45425
36400
33700
29580
38572
35825
72216
50401
28180
15284
64362
43800
33415
46668
56896
37205
37396
45094
22120
28924
29246
24476
19961
53560
14159
24325
27206
24412
17661
47008
15348
23436
26950
8953
20958
28288
8745
54240
15092
9973
47852
28396
15054
7324
22132
46866
32260
57336
11452
28604
13721
26092
36625
26235
27152
16587
30657
69090
58316
20776
27856
39987
46008
17805
23160
21508
46088
44469
30596
14112
14456
37373
16209
32324
45082
12976
50224
7755
14611
42553
16803
38565
8873
17016
49548
35651
47052
14865
25824
8136
23588
28526
17796
17241
20347
48605
28753
13012
66211
16305
29496
35869
41156
11536
68817
47676
28558
8276
11080
12442
34388
17061
16808
15257
44949
26016
31336
54456
32284
58232
34388
54131
52498
29176
26737
17964
33472
19993
57008
29013
16752
50656
19580
53632
15985
18084
9525
32784
53485
25824
52700
40960
44464
49658
25264
18460
21748
25737
40179
58086
53092
14085
59892
20607
44485
38761
33712
18892
21720
18044
25904
31604
13068
29864
35901
14436
50864
48544
25880
27992
49296
35680
29392
31438
41152
35244
55612
14683
29132
11013
53480
11435
20153
30594
26476
51520
29516
15901
39208
26136
53908
20767
55908
15065
27144
11397
17512
43902
49371
36992
68204
48377
56656
33880
27489
67780
58260
58996
28258
46912
44537
33484
60986
12728
49288
31150
43017
11497
27768
14332
19057
23113
27339
23576
15046
31609
11376
23732
17281
37472
9867
9276
30268
43385
16728
29248
30192
28800
49112
51080
42904
30264
30696
18653
49569
13076
44536
9869
29969
31188
46661
35568
29629
52501
65927
15013
8711
11495
17492
16422
23724
55169
25060
51172
59280
33604
30632
56296
27752
25684
30211
48250
53280
58968
23388
31384
41292
17817
27148
59056
14751
16740
5369
33744
16224
21508
25118
24716
41599
29700
61124
32523
17400
50631
52278
60880
64452
17926
24671
62761
15649
36739
32968
27968
21642
34268
14077
21360
19796
22584
37246
10829
56500
28262
50760
43193
55880
13856
30771
14017
18049
19652
32572
54412
7788
27116
40341
35092
49591
25612
34492
25848
61452
25606
26444
15716
11596
5572
22113
27615
54708
38104
54277
20028
46160
40670
23474
29377
52621
34258
43908
53576
35561
43256
33284
47680
11737
28804
19854
28869
15122
29196
12536
18201
23616
13167
22772
10141
39637
37748
27491
52258
17225
27060
47697
54860
14025
13279
46649
45358
16265
27872
39497
10820
48596
14305
11460
35057
23384
49372
41676
30628
37620
32608
44548
58596
20025
17546
20008
53341
45135
20231
55872
42601
52608
47605
45428
32072
26228
29157
15204
57156
12913
39080
62809
59060
17360
13253
30397
18096
48944
42001
41008
22712
59216
13169
40949
13492
47155
10588
20440
16633
27176
52489
18712
44092
37656
16753
21840
31619
16748
15616
23268
6496
20840
30081
30944
25964
39646
10339
49845
39321
38897
52705
52056
18888
32556
30892
59580
32296
47024
47816
25028
53652
58763
60588
34465
32168
18577
19056
19959
27164
34836
20040
55433
49792
13897
12503
9105
19052
32644
48213
28576
59020
28223
51544
21382
47472
19944
64488
55448
34848
15103
53446
21040
78401
112576
60712
51890
67840
70692
71052
74104
21504
57881
36908
12632
39674
11911
51516
26396
10273
23291
27820
31882
31596
11129
17448
43817
7997
59484
52284
34128
57680
53105
37804
32672
18208
29600
16185
30672
41037
13684
60864
33699
16024
14973
18739
37241
18147
19921
12433
13791
8813
71027
72187
40684
55381
26186
53120
14349
18745
50048
17721
26508
50197
53688
24836
19100
14941
33752
11196
29960
35561
25296
17696
21544
38254
10452
17046
32304
54088
33916
46977
17441
26836
25916
33169
39280
63536
16561
33468
39196
21680
42996
13425
49388
17501
23300
55908
58656
42158
42672
28424
34796
65795
26864
40672
16240
37048
34011
33927
18585
23360
35879
18356
53136
18841
27928
32784
39302
50280
30176
65752
54032
38137
16103
35776
55640
29826
24484
33804
55351
24432
6369
31960
38681
10077
10068
20055
21180
18968
31068
44557
11653
44992
13484
23757
17366
28056
26898
9564
8321
16968
12447
30193
19401
14027
17509
11892
17324
54949
33228
50677
47672
17605
18807
46498
63452
60493
55300
29436
53524
23364
46521
61600
32248
28760
32754
59837
14397
32500
47400
34624
57072
31754
45280
15293
34532
30969
24808
16873
18136
47140
22524
39546
28953
48326
36125
26841
14493
37517
51256
32708
13295
64564
26533
53576
18356
46340
26156
54112
18657
48764
21004
42041
22672
9357
72881
7120
1526
1765
2112
1360
705
1028
2424
580
1656
1280
868
1108
717
1891
825
688
484
738
433
1004
658
973
965
2276
1460
1400
664
670
3417
2940
1372
1059
1482
1153
808
1043
565
303
725
1189
1456
616
643
500
617
1008
765
295
681
842
876
648
976
584
752
433
1192
696
649
409
804
674
732
756
492
600
696
1137
1064
908
581
896
788
636
420
792
557
592
596
688
975
1009
1072
912
396
884
813
1184
1032
1177
960
552
952
833
516
376
824
384
656
321
652
252
336
305
248
636
388
534
1844
896
948
616
708
512
368
341
364
880
452
653
660
844
464
884
548
1545
736
896
912
1069
880
884
440
303
484
333
320
397
809
888
424
444
433
680
476
792
433
824
817
612
348
304
120
172
529
368
567
345
577
384
612
492
744
765
684
372
857
704
600
364
465
412
804
464
672
512
336
468
764
403
364
277
585
269
668
368
420
564
761
769
444
1150
528
984
676
1000
1048
924
360
664
488
545
416
529
464
600
264
532
261
320
589
416
652
644
992
484
836
533
408
861
656
785
828
980
543
644
828
400
756
337
412
677
264
295
489
329
332
441
384
816
428
825
680
720
413
445
856
700
369
560
816
867
970
784
624
280
259
768
393
308
744
648
640
778
748
529
416
469
2044
1045
540
880
323
468
576
760
1085
793
724
520
408
544
369
576
215
336
528
452
697
444
776
611
800
2804
808
1466
396
812
848
801
604
732
405
752
661
756
540
549
364
1120
709
833
528
824
737
888
364
3260
3276
1401
704
676
939
712
538
640
749
985
432
972
611
904
481
868
716
700
592
888
885
557
412
467
372
481
317
868
752
831
952
673
648
600
724
381
648
801
716
604
845
532
664
880
508
660
614
632
341
400
284
368
637
460
729
536
320
620
392
317
288
541
247
388
552
376
649
433
404
753
440
696
440
610
689
341
344
554
276
256
324
654
247
345
380
409
688
604
436
885
460
616
460
392
401
669
556
472
664
944
741
816
428
813
752
604
756
720
768
680
2052
1220
1156
654
576
577
640
596
364
775
560
724
766
708
416
368
441
908
772
676
728
509
400
792
1168
1088
860
484
327
640
597
1256
476
331
457
448
501
476
704
308
736
656
685
401
300
629
428
836
476
793
504
708
333
676
1097
556
856
768
529
356
517
384
493
452
696
841
529
384
748
331
316
534
276
337
468
604
708
609
680
1096
626
144
352
598
720
285
300
348
956
1088
440
883
1952
945
484
732
976
1129
548
472
461
368
818
264
749
612
872
864
456
736
572
628
299
364
785
688
288
633
518
680
648
344
772
424
514
540
837
413
648
628
748
424
656
456
827
349
332
448
494
332
297
276
400
289
308
228
308
273
336
425
373
632
220
236
610
320
349
348
348
240
388
1346
428
465
336
473
396
656
404
301
312
545
424
624
1333
828
660
817
488
453
423
640
616
356
648
408
668
385
171
700
881
388
260
860
928
560
864
632
812
853
876
772
512
708
340
360
501
464
570
944
560
700
544
829
389
364
644
389
396
392
368
889
880
904
437
736
856
544
624
341
488
688
521
700
413
376
466
236
548
332
453
348
581
244
648
711
568
502
640
581
404
696
596
367
584
604
805
541
436
576
570
708
1108
520
764
548
742
320
1120
1020
1212
600
504
803
352
554
368
317
340
485
295
1020
769
572
734
664
868
392
843
833
708
479
800
608
344
356
352
377
312
465
233
668
626
608
252
620
297
368
478
349
272
364
233
344
433
344
584
676
976
589
536
608
536
886
728
1024
661
448
804
436
857
572
984
556
900
733
949
580
516
1000
916
628
853
441
648
600
321
332
773
472
393
284
312
316
638
392
637
538
636
634
745
834
908
589
876
480
420
505
685
452
412
2448
1232
924
1085
888
565
888
956
888
904
504
519
460
577
520
849
585
453
556
412
400
328
533
753
632
428
480
456
1452
1021
532
701
361
768
861
844
412
612
492
605
708
829
816
1024
592
435
625
472
808
637
707
1184
1360
980
628
784
1100
96
773
689
263
289
800
363
372
557
556
645
724
864
628
720
813
372
380
593
277
872
634
844
802
476
573
424
573
717
461
492
816
632
737
788
452
492
348
620
629
448
305
584
456
496
509
492
1049
484
784
818
792
1378
980
485
648
632
392
424
381
573
676
596
379
708
561
684
460
500
800
372
476
646
500
700
341
441
600
304
600
481
379
636
313
600
1528
848
892
708
723
592
668
392
388
674
416
441
721
472
624
321
796
701
328
352
577
373
936
809
284
344
768
465
784
789
652
396
526
328
308
308
497
380
632
748
976
540
1076
745
457
996
1412
685
964
1026
1176
848
516
557
308
408
376
533
276
528
704
529
740
824
3664
973
1592
949
1096
952
952
592
648
429
461
868
748
1076
789
561
392
531
424
493
393
844
564
860
625
375
582
588
788
700
756
556
520
597
616
748
670
692
940
1184
1120
579
756
828
856
556
329
276
534
325
746
437
556
672
868
356
324
423
512
636
365
348
796
320
1692
753
736
836
629
856
624
860
912
936
985
864
560
878
404
372
364
521
952
896
445
536
423
597
391
417
369
340
412
348
477
520
764
581
660
709
796
782
800
404
708
512
728
356
724
696
624
1068
780
968
772
533
380
592
893
742
256
788
629
1044
632
412
677
424
677
436
504
852
532
996
444
816
412
641
484
820
832
620
517
765
780
416
617
613
532
528
367
373
316
292
380
634
293
752
404
376
581
604
588
428
653
696
932
609
961
632
900
617
948
1057
1040
617
936
709
679
356
146676
157980
36433
77188
29944
24955
74628
29236
45707
53636
69185
70392
66736
42761
72572
65317
21657
27576
47312
49881
26892
56028
21985
60164
36730
66012
75688
68557
29653
69896
41454
29908
57524
51644
59429
48860
31376
39336
36941
53980
22475
22537
60748
57941
22768
49316
71652
67936
56719
20104
23945
16470
14800
16773
28384
46068
43873
51744
79157
69825
38297
52893
19596
67036
68813
28281
31412
58662
44766
39232
36873
28797
46660
25021
33089
20066
27265
20801
27072
60958
34189
31918
39561
65786
29396
57221
36544
44297
64005
24717
28005
30586
18917
17128
24697
34174
27661
35178
24441
19925
25796
34706
34917
45985
48009
35528
66277
17889
21601
36154
59661
39821
25628
61573
23683
52009
50265
60865
39344
75145
26529
36541
49197
35421
41564
43056
28493
25304
60561
16701
17317
16572
21529
16925
14787
40126
31945
16049
10448
34641
40787
92241
48865
62376
25173
31252
59554
43025
47721
28155
27037
23397
39966
57117
42361
22588
33627
32928
22689
30984
50674
28294
10980
39397
17757
27064
33603
22073
16732
110597
48992
71301
47536
63594
68513
42765
56617
29905
49085
33676
33837
49097
15541
41141
20939
28877
38360
33849
50073
34625
54060
19425
24673
18676
22985
48681
45681
38113
29097
30017
46117
21653
24301
18612
46969
20689
60305
22820
26925
21409
31976
35416
18197
35145
42877
18252
21809
47518
39784
39329
32690
49524
10653
29393
8236
12153
40441
33192
50481
15393
35848
25005
38049
33555
51437
31195
21348
22765
30897
49749
49518
34372
45661
18965
52125
31205
52117
30929
26381
45413
50325
57409
40601
25568
22709
26101
47714
63417
70105
38468
43913
24269
6589
11556
13345
28696
48689
26045
26885
17016
34173
12565
15472
20821
9729
15068
14749
23616
19689
28349
28547
35533
56137
29711
25973
35528
50301
14168
42257
37500
63693
21281
24424
20105
26216
11373
15553
36850
25556
40069
27884
62653
57317
35797
69921
44737
55157
51862
40961
21796
14229
50192
66878
28353
63001
24832
22640
12174
7463
16117
33495
28148
20933
27674
43302
16181
42089
31509
31216
51633
45549
18108
55809
15389
25053
60079
37729
48873
45628
35793
20345
59149
38380
53025
40504
33161
50977
45820
30029
44223
58076
34136
32621
16644
24812
26201
13943
17348
45446
56752
20676
25608
43145
27224
27648
29991
18692
54084
34752
54644
36472
43861
16537
16063
50607
21062
50300
26580
39793
17856
51388
31020
54265
23708
32885
50780
19742
17832
35640
20661
29116
28649
27288
18234
40872
21833
28040
20889
30372
15201
23092
29701
31968
57768
34270
43948
29386
48320
21995
60320
36932
57632
51368
33512
12088
40857
33012
55136
32074
17155
22713
27516
45137
29752
66458
22576
54956
22285
14081
12372
42704
23070
51985
51592
49517
19600
45728
20218
26700
13756
18708
41845
54544
54308
19024
30328
50405
20985
52172
31272
44932
37741
18399
13129
50380
55727
53628
38652
24804
19013
22948
28600
49741
35312
48720
21541
52448
50992
48468
28968
45352
21132
29060
23185
28408
39726
30857
44450
29404
57848
31393
50948
16429
24164
62600
61472
22543
16529
59144
14304
27944
14969
26864
18692
27004
50665
57747
26532
28024
9924
17108
28314
16192
24011
32738
36608
25748
47705
48344
23280
27380
35556
30740
50272
59293
25879
60104
35994
47297
28018
28640
47272
25652
49003
29726
25392
42796
35484
20163
49032
37028
56158
56640
55940
31260
62236
41760
59996
52310
35500
43561
26624
51292
58400
25840
61129
37023
24216
43382
20403
27988
40172
27347
52110
20233
56860
17295
37366
53510
39176
54376
46172
33936
57189
37368
55232
56460
68499
41756
38423
37885
23528
58145
23105
29332
17429
22480
55988
32408
24792
19556
30752
20964
11424
16412
42256
33904
62416
18621
24564
51256
31784
49404
14077
34672
53566
38364
60220
22789
54964
39716
26964
24296
20709
33536
34836
57020
29932
48084
35908
55828
19774
44573
34552
25240
46518
58668
48159
33449
53836
59525
40809
24701
10552
43204
32245
32304
49160
33816
41256
56848
38628
26152
42752
38217
12763
28923
15769
27420
21708
20312
18929
16140
25368
29061
26972
40413
34996
53664
21727
10045
19472
22027
21802
15209
31292
49417
48581
31544
58700
39817
12600
24435
60672
36308
18543
51228
38380
52016
20668
25328
25258
30352
55357
21776
32009
28264
53912
48548
69012
35292
27852
30644
62928
40276
45356
32554
59864
33410
48840
46877
16858
28172
28494
23652
18137
22741
38092
19048
12133
31596
29242
25056
41099
42953
30852
58684
41756
61304
53636
38871
50124
35646
38587
27604
58384
22396
33520
40004
21328
22292
20313
27840
21159
24733
50757
24021
56740
39120
23684
19756
17101
51550
25481
50740
12140
18460
15309
24244
48768
40173
29748
30574
38992
23436
46568
35575
44101
47052
57761
25596
29036
48677
41227
38520
12856
21182
19836
17388
23352
19589
15737
71024
37268
58044
33960
49776
29852
44723
55956
25600
52276
50260
53977
20699
28044
19705
25668
40656
20385
19980
25926
18400
16288
21096
49774
45963
38459
22552
47456
57020
37936
45569
18724
45360
50425
27816
50291
34928
51128
15725
21388
32596
16281
21660
45033
18356
33920
22652
27936
21845
28061
59220
25965
22456
44036
60257
40992
33668
41957
31536
43969
46755
34400
55228
29941
39924
42076
38228
60044
37868
62787
23387
66696
35684
31981
32791
26496
50257
24212
18088
61020
40324
68412
41912
13984
29356
18256
23000
31324
32300
59159
32225
9092
17859
45980
30036
48516
31404
32268
37778
26025
35814
25500
19687
30040
46864
33972
37549
28012
53591
16141
19232
28748
21424
15601
21838
41333
53896
38788
54424
21734
18804
34022
23089
31327
34652
23528
15012
18104
39424
29116
48478
12527
20029
59884
36480
67208
17560
23300
40159
30952
67280
42596
43440
15767
25701
35094
27804
56704
34752
32756
34876
55517
37856
65018
19028
29484
25528
16409
21556
22028
35754
33872
44101
24092
38412
31912
53792
58088
37548
26683
18153
20292
13140
20093
44403
21585
44840
18996
22436
52116
53821
20296
6828
20732
23188
19889
13372
26509
33597
29051
28392
46132
32028
43260
13633
65568
23007
26512
9641
14060
20676
19500
37582
17996
38934
16937
34520
28308
24520
21769
31968
58280
18364
37604
44258
45271
39000
26896
17496
20728
37348
35740
49656
23637
30761
22756
26568
12868
39450
33030
56156
42060
43397
21049
48244
26952
15812
15091
30044
51380
30064
27024
27856
50920
48238
56012
44855
57568
48508
43504
33914
28684
29016
59724
63988
29215
39308
50877
21980
9449
41960
19607
15293
40000
33696
15857
20044
12028
15784
31646
28363
46193
33424
40356
45904
35470
60693
23453
55964
56005
54734
35272
35300
34662
26004
20003
25224
42856
23807
50172
50508
22320
44500
30656
45617
17965
24724
26224
15457
21092
53813
24600
27628
31757
25192
20593
28052
50176
45157
32985
45676
17597
40264
33440
24792
44716
25720
51200
40396
25532
35440
62410
24149
81137
45076
65912
17172
24385
54312
29221
50548
36255
31064
9473
19060
36789
37402
58864
18128
23912
42920
62600
28952
46624
12741
62812
61020
36060
51016
39052
46488
46856
35568
24356
30566
17736
57432
34235
60116
58748
30468
48512
32446
41656
20681
55004
27980
29580
50169
25841
54608
48922
53837
31804
47437
33228
65212
60104
36840
57069
31836
38776
12992
18420
26950
23664
26402
8896
43878
12853
46668
28080
61156
42617
35876
23489
40568
47054
47861
19356
48176
65984
44337
40652
59704
23337
27696
57660
24632
35980
34040
62459
41482
19652
35864
21874
59328
36994
42382
51652
50521
39998
45072
21153
24192
14552
15224
13773
17812
60169
17336
38100
21884
46096
47288
21873
23348
13364
37012
26801
34168
63409
40520
41532
18388
32117
32636
28849
15957
22052
45188
23057
32896
32766
22482
36009
34576
59244
15681
20480
33084
22443
16749
24412
39845
54144
36668
51127
30456
52364
19042
33192
55552
38856
56416
22805
26656
50084
23600
39648
38212
25532
15568
33232
22622
14752
29932
41636
27920
54580
10388
9596
29464
38958
30784
17856
37561
57100
30816
58771
23161
55028
44812
19057
20448
13285
32796
46881
35307
50296
29622
43455
9581
29144
27697
45180
40376
47740
27840
13448
54780
38829
44196
28529
13912
34354
26800
43574
27420
37292
28224
48306
56828
22464
30584
22129
29336
20716
21428
30658
21953
47328
21748
26500
36078
25572
40362
55252
47044
33877
18005
46284
26323
19657
24376
22517
23448
9920
15160
9352
16819
22689
43657
26537
53752
21036
29652
60176
54912
19579
44205
22687
22916
39048
31316
34972
40140
44576
15781
26356
52257
38192
48472
37636
47816
39620
20600
20736
22912
18870
22224
40128
56115
33008
62128
24999
42184
30572
54384
43932
33204
22472
48266
47564
58953
58520
48484
30652
39863
24976
30940
15536
20984
17937
22505
19397
25768
21201
25359
48245
34852
53200
38409
41236
18525
21184
20005
17349
37665
48473
31448
19792
37344
31772
41643
26350
27564
13262
29256
16357
38024
10289
17124
30785
23604
50072
21841
67212
24025
29140
22120
27729
21321
26360
46576
48336
56995
38456
52984
38020
51552
54117
27920
49180
22185
25196
21048
22604
46117
25216
32844
47411
34240
52272
13952
44273
22097
57364
38232
25268
20963
24232
42057
56024
35932
54116
25560
35079
16920
27940
46945
36937
31320
56544
24572
63272
66803
53068
34636
54896
43048
58620
55444
36964
59088
25358
53163
48864
33712
50420
63062
34992
29248
39678
32940
52348
53241
31000
79694
89232
69341
56964
58229
37572
58592
47792
26265
31896
23373
28912
14184
21740
25424
55771
36344
36444
38030
23868
25204
50765
11925
38768
18889
43201
48260
45324
115912
45204
43829
65528
54975
40988
29185
42958
49739
65036
55988
34460
45275
15905
24976
13607
18988
28992
77436
39629
56556
44272
24596
69093
75961
51768
32296
59056
40624
25040
34202
20260
11505
15868
14980
22516
29161
39444
34816
39862
28114
46324
53372
39264
55800
36334
55957
34093
20140
13412
22584
33314
19872
36516
45581
30196
53323
24844
76003
25153
68434
24080
26236
49980
34688
62168
20749
49896
31686
36276
24638
46496
28399
17313
23928
16287
17916
59997
25124
36544
35353
34796
31292
87981
109138
265396
109352
60383
53777
84080
202765
175765
195816
75664
200577
130148
140565
35820
195116
61122
176992
50893
126221
44764
231552
74425
65129
76608
159995
34873
55204
81614
96272
165900
146805
104361
125621
150004
79867
153333
105108
126325
62333
216412
100656
60514
50756
43989
88316
108030
123148
29472
71220
110677
92996
192081
150084
147880
80956
239426
29645
29579
129137
132696
86953
46132
108815
86777
56658
67256
195432
47972
141924
103547
70631
75080
93940
244612
59008
176657
113605
35608
85852
117344
104484
144277
220836
32501
65832
119789
186060
130168
75184
29837
85740
155372
33836
191812
71145
50440
31824
31204
38468
49389
111842
140897
40348
140065
91132
213784
52340
97212
30049
38448
118440
100668
122402
52669
40196
138123
50541
229745
25865
58292
33999
81924
45397
107571
111849
81402
197024
29484
152996
54101
76865
43393
32896
175428
59615
143972
182781
128556
55820
170388
204873
65904
63228
126055
164064
45795
104596
145700
125380
205100
60236
161640
237996
71848
170420
156552
86592
202752
60764
159164
119084
42109
210996
31077
144289
229905
87514
42568
115705
168408
129601
186164
148738
44788
118416
168036
55060
36523
128821
110769
129384
97951
177397
77622
195164
138906
91452
189668
21280
55448
140332
44556
181052
177589
71574
183796
27461
117300
32947
67337
94550
100772
68877
132200
94934
138490
139572
26533
54200
156244
75164
79459
70945
34437
80928
180677
57728
67892
152600
49574
223380
26125
62156
181540
129760
154848
90356
152723
38345
77640
50356
86992
29269
71796
103989
69436
134573
103988
182417
67804
168884
94116
45509
89788
197701
74420
192660
174660
70476
184573
121836
155505
188224
91448
143153
78178
153780
107026
140685
44395
117928
83740
227522
78892
33260
20516
71777
88622
107096
70361
36039
23958
148841
108820
152221
45500
100333
129839
37800
31593
47228
112488
98553
154544
82018
195246
148292
106090
185140
33213
50876
117468
43101
80084
48448
104000
48233
53388
145301
49552
190456
37041
77804
47291
84119
67482
69388
50861
108364
111312
28527
178264
154425
132012
95344
151668
44885
201084
127404
114715
191632
98948
55080
74730
72684
101535
109801
74189
69308
138725
139744
69956
213368
30657
59348
44092
90428
54445
122521
133921
87548
213780
71152
77582
123064
58288
102832
82310
103036
123934
149356
45663
96001
35117
59628
39396
85615
145253
39677
152960
82944
53676
38381
70860
197617
137659
101269
133028
80944
242760
44805
145924
153916
117671
49160
105535
178524
39884
134972
95716
113464
28089
64596
172348
144709
101130
129584
171797
109092
61171
131276
107832
111892
142664
50317
110612
153029
211848
69771
118392
72368
189773
59704
45416
27305
160000
60448
64992
30737
150957
27595
73024
141317
63173
95305
105137
91464
225029
72100
143684
76052
191748
106680
71596
137960
104060
72581
53736
83560
67514
196120
93829
157892
180265
123020
130760
92692
165742
93249
239379
104673
72804
85236
119078
108892
137932
65252
72556
41389
102074
56640
154987
104244
192545
33853
80248
102801
56565
36772
85400
88238
61784
205228
68724
80288
31973
76404
44991
103828
134283
58709
49696
97881
157445
125224
89200
135424
34637
83556
45104
73448
27081
62944
187580
173592
83095
147224
193428
126304
130553
37967
25657
135836
39740
79252
44212
44032
107096
192420
75664
87692
34956
28588
36828
149608
82948
228048
133944
76812
141428
95692
112128
185632
63149
91316
114033
87337
192044
71322
183672
63035
167976
176913
146309
69896
152348
52229
49583
189264
72943
180000
68367
185356
159524
83584
100088
64684
102023
26633
44672
81082
73784
196233
61281
113620
59509
77516
27852
59284
44341
212073
61462
72692
95838
88857
73474
82960
55436
100357
112979
80486
154880
109696
76645
185920
51857
54784
55521
59133
132864
47140
69840
46800
72211
147608
105004
120080
55981
139576
123592
86796
91695
57481
82776
101874
90208
214880
98872
51280
155978
111476
194664
32284
134668
77213
192482
138650
132372
46573
107848
35012
62980
42409
85480
45051
111916
75952
135972
73708
88936
30277
70444
49704
92604
130546
32900
155017
79824
163639
118771
145697
69325
227483
33113
55088
88844
92180
29341
69076
96057
80092
114488
81896
223648
35716
112372
74940
203272
52832
60920
35919
110453
38306
92451
188440
68836
203204
76913
81720
123500
127672
40416
82204
227983
135816
103164
141083
34588
75212
45466
76407
112507
151588
54068
76568
139325
83932
212031
104368
122017
39860
183069
132284
78336
107680
37424
72524
30657
168129
119093
183332
125668
144384
158712
90664
135588
93900
55092
59977
85440
52233
104244
73252
99468
138003
62032
168620
146672
85932
209740
64528
128996
143500
139864
65544
191512
23976
55044
33363
67156
43888
105820
112551
55940
75376
101598
112608
143978
182680
182809
41340
41928
87600
165272
73574
84515
120616
60652
29741
45716
123840
113128
47269
173643
65750
166536
210062
59276
183728
38469
151364
222184
146652
127132
245241
65092
176025
24036
146308
102512
113592
58274
63540
160572
58771
166268
172153
44260
56100
90455
98688
33425
62996
42296
94548
157329
37437
189745
118212
231480
218309
56116
152221
104700
173508
106772
125569
54313
106344
79937
75336
100521
89172
174012
40440
182032
62880
89324
62264
160492
164944
104820
137020
156811
124384
127791
187548
58500
147240
90724
211688
160648
87752
215364
119296
158613
75044
95640
126418
99092
26088
48300
110550
85004
198396
28432
76852
124084
159910
138356
135764
90720
171992
165201
113262
78804
35849
85527
51817
47909
119820
32411
59161
172997
154223
183764
60136
169184
119288
86268
220685
31204
73816
123898
128424
65512
67064
39584
92224
150065
163804
51487
52069
123600
89950
146537
84760
169352
118648
50261
98483
116069
81340
102546
117771
112991
171535
150437
78001
216745
133880
38193
81432
55189
89048
35913
66624
160085
62948
190420
78143
117896
155032
78804
88768
55128
110976
188616
20963
68748
179600
70873
100298
72183
116092
45073
64420
34436
71552
135250
36820
179481
58011
116380
147034
66538
130016
38793
148926
35465
88340
194048
38912
55128
156600
73832
199692
141837
107008
87465
88776
110517
197566
65972
130240
108022
185776
68668
112828
34237
140173
42956
138396
84556
209080
135088
82736
73944
180041
168905
87144
92279
200936
77744
115312
207530
133377
80928
190592
69974
160944
48436
147260
47325
209004
27595
34177
77884
47595
186277
28393
70068
151311
154658
117677
34297
102708
211564
117604
127949
104773
81120
135312
48439
92640
65758
166048
127898
120516
47495
176456
155059
86273
145108
208380
49632
168163
247508
46908
141623
94128
162660
160773
28168
74543
96543
111840
95122
56196
139366
88832
98196
57715
138392
144788
91440
59079
64173
93892
131565
77675
139461
37044
84835
200068
161352
179632
122936
125061
89516
237996
42249
68284
38920
84000
102868
86880
107940
166818
29537
79132
125740
62198
72300
95114
107724
67982
32180
42497
45977
107156
68732
49212
87029
114862
141836
62116
163385
105660
182844
74352
216452
100346
87452
92588
233204
60788
170296
171584
81344
205284
131376
123032
56484
166484
42409
175028
149508
118714
91348
72848
74120
80544
51532
108268
48105
72127
47145
82240
108143
139767
102960
203016
72996
88180
100517
82424
194624
60240
80428
186576
102788
97061
78440
200076
91532
27511
126417
81755
62692
78692
164816
97841
182715
118675
138868
79824
92060
44041
59960
156216
152117
78684
87332
214392
67073
179859
115522
45908
38029
70768
26268
60460
187569
68409
181800
39132
90200
167288
78631
194060
65990
143508
104000
122996
144252
45615
90409
68488
73640
124007
88196
174668
69937
50584
169872
64470
143928
213968
59220
159538
72936
80896
163790
111397
159248
59624
164740
179712
105808
66512
157952
100688
216392
66676
51316
39541
85660
135413
29648
24444
139868
104592
206912
32715
108552
27857
76596
190897
43084
144212
83142
161462
106372
158133
44296
196440
66201
90348
33192
81458
153734
75716
31492
77612
46017
104396
163465
166196
115312
131364
62971
41824
71402
89220
49557
59707
109806
32416
85152
147849
143049
119364
97048
117871
67048
18740
31708
101080
42761
199368
147759
141784
76424
191136
38364
48211
39877
79999
49344
55848
99084
81659
231928
46953
117032
46644
89448
166681
176884
113324
147844
35153
216740
149994
193061
70604
138688
62368
196732
117164
85060
206821
58822
121609
157556
53420
164009
115402
147221
43936
143640
96100
151916
117203
153912
40152
120156
43821
86628
61729
63301
46060
90868
51400
141304
223908
70609
172112
90284
122112
96252
55904
65588
133273
153476
48599
108404
139172
104588
40370
93548
32868
50100
132061
106660
68511
56780
78277
42537
101520
217257
63668
82868
131424
133652
158908
81108
143561
45044
97327
64125
117828
98765
133221
75008
154020
98348
125492
43173
194545
61025
57344
111990
107367
66968
200920
135399
150536
43817
135340
94936
227192
71020
77060
232277
65695
157191
53197
179440
143369
100000
127996
74436
74492
43333
105999
30779
69249
80072
51005
122968
46077
49272
35604
193636
128428
136269
71856
183880
94427
100196
181181
114448
121752
128488
124820
70818
182280
91826
131544
29060
138373
48789
112272
88253
44812
34443
77896
47459
123989
34348
37472
22125
58232
113565
69296
191144
118836
54208
178353
127656
138348
80204
235421
177912
142801
171796
164012
123180
119212
97695
143317
225291
113836
89997
208059
70443
186816
72195
117280
82496
192285
55340
157336
54041
59580
38680
89576
49698
52308
109248
141128
142928
78444
58224
175753
175664
65468
155437
47573
101437
61100
46284
150592
63840
69600
151152
140745
78977
217947
190100
133540
214071
135532
131343
52077
214507
24564
57124
73524
130560
173947
58612
63401
178621
39165
133200
79669
208876
136232
97508
33421
77272
84540
250224
71344
126606
153995
177752
94548
138242
52305
96716
213384
71184
201065
53241
120013
154639
81230
58716
121976
181128
152790
136212
96952
49060
131284
98356
33269
73232
46036
72380
144947
105292
207924
78551
82956
213516
174828
82688
139469
186952
104088
130271
60867
168156
53201
184136
37017
66758
74050
87851
52173
129528
32892
54040
119192
44679
162920
112620
143941
93200
183436
28656
73049
98322
63725
78846
16820
147991
52493
196748
155466
76357
179120
60581
149392
45336
98562
58005
129936
65732
59579
167349
62218
154616
182092
132484
91672
36773
74853
204529
51437
122141
167676
55860
67285
90500
29081
71776
192209
70660
176536
62247
131592
89690
49804
208368
180925
154780
42743
93251
74926
64688
36669
91708
53253
111508
154865
99048
125212
68807
126471
159096
144812
58845
118720
25016
61080
177217
64220
178701
32135
51816
35645
135600
34331
87849
51552
111637
143025
173704
121960
87696
92957
188461
101956
129744
32849
167388
231909
51328
172860
127978
135104
192780
132728
121732
121529
115436
81828
114765
91108
151340
40756
83753
166077
34885
130680
91148
105995
64748
68688
147960
95585
181416
33549
175556
60484
109176
40113
28619
30813
44324
91503
163581
57184
178662
66648
123865
121720
63564
71852
47676
101956
168462
163571
120324
163464
77168
142897
103876
185648
175288
91664
164809
109657
134720
185080
133404
153381
109914
74016
193117
56261
118381
129392
54893
98244
107220
45377
91752
176228
65448
129700
46884
203364
57722
139105
155509
158604
44787
87057
54417
158601
30836
74444
47729
43683
60653
132801
30908
150913
219073
21293
138002
184108
27012
74025
183440
109432
115408
43189
89484
102670
64705
40738
80904
127660
58560
85628
47144
128303
179604
246096
68956
176701
150715
247276
56836
141624
43573
36555
38557
118601
214985
69484
19756
129805
90004
172968
67588
42028
108156
99736
25557
59098
94664
72648
201168
62325
130200
29132
62268
40061
139500
54427
114119
139208
61796
200505
78112
122976
147340
93448
159765
109905
59380
55208
33728
85796
181698
65612
127115
91288
196329
27813
56700
29262
65848
92154
53096
133345
57103
171264
139644
130200
96950
243769
82182
158633
51383
122851
27721
133656
96201
139724
140448
104990
128420
77957
97168
132556
60781
201304
123312
114864
104728
100393
38347
90597
203880
54564
130544
49884
139588
48457
67280
22278
81468
151660
115892
87232
156660
65920
166568
49295
174845
194797
133043
121480
136704
93743
129776
41269
89308
56348
116256
56361
55820
98413
58696
120465
70661
120496
53744
145940
98982
191848
118268
102169
76798
126081
210452
25767
105961
96372
120648
71194
52436
139965
102300
185652
39645
132516
33672
83785
55757
124168
25224
55124
144805
67560
150093
35113
169904
72301
87600
97433
180768
22351
34333
89312
189246
138772
56005
71028
195672
189168
226682
179096
422240
717760
356460
726292
317964
582005
316804
776102
234231
697701
259104
592716
299240
430549
396480
254720
891831
607900
347360
354636
352700
76007
337592
294261
535724
666372
282056
177811
558569
238801
165548
295416
220522
127780
69112
45979
38960
19927
32753
15893
28432
51393
25224
59788
26725
49140
13461
33912
51708
25636
49472
28586
35784
29248
36485
51216
50337
81536
34364
62248
31205
56816
13452
52904
32504
56972
15772
53444
13554
26484
55188
29744
56188
30420
45674
16765
39248
14631
49200
37136
67045
15404
48397
61744
67095
19041
46276
52948
52036
75752
56464
17865
38996
18092
32145
49718
39496
17717
25116
14060
29720
40363
29436
53548
32316
44264
51253
58916
33052
24412
17628
35648
84276
78088
91080
79760
56992
17181
60208
28937
56520
46220
53121
53986
30028
56061
34388
32449
17332
30524
45997
31688
55388
56781
12487
18065
45752
31744
84392
78404
80636
71263
34652
72316
47834
36800
35788
62528
56880
33188
61932
56868
27772
52496
19065
40410
23488
67916
38804
44437
36252
62520
57426
49560
78497
65255
44691
56020
18293
65729
17146
30145
37113
52352
29636
51553
35400
64413
56453
14507
47404
13213
27763
17913
24040
14605
28796
45673
28284
15551
30092
33832
105392
75824
40404
62536
35116
57837
17432
32740
47919
44279
35816
44977
61156
30136
54552
16733
49600
19048
31440
49641
47340
36636
52337
35152
51276
56481
63328
83377
35700
52504
55907
33100
55473
41332
50660
36046
59620
60917
28880
59256
34480
44716
29988
48420
18121
62077
34553
57702
45838
68804
62452
64576
57945
64536
38660
62980
36332
46368
16661
54623
30556
60284
34096
58508
50648
21462
59796
50307
15796
58961
31592
58235
14477
25240
15916
21696
93856
89212
36632
31280
58124
70480
57192
51388
19572
25196
34018
21257
14373
52416
31302
28936
18936
22456
27674
40033
17421
25892
47404
58260
31844
50972
33516
13900
67048
29113
106544
46944
58128
79476
66768
53945
34640
50908
31165
53684
12141
46125
17532
51083
15973
26604
17252
27648
14445
49809
55984
38828
62100
54984
58088
59982
79736
78325
72472
20756
37456
51358
62316
63520
62348
35336
57076
14993
25832
43473
51568
13876
29252
19137
23548
30690
27584
19628
27336
45680
17033
58235
58786
109892
25757
46952
69808
64761
36270
53888
37148
38720
22317
49108
24604
57440
13049
29316
52928
11420
30333
13713
28104
12264
22015
34697
26964
40313
25720
33768
50328
68532
60592
84496
66900
37996
58132
47633
36348
47644
20393
28684
46732
13401
29700
19584
29148
47361
20856
16928
31648
44634
45857
22412
47284
27174
38904
35942
47004
57040
50552
37180
76157
77144
59388
48700
34492
59209
20872
40368
36322
52048
63045
50168
32148
16876
24402
28068
41975
55472
28672
47608
37548
32748
37108
28406
111216
48764
68596
47456
78604
39884
63616
35768
62452
16801
33432
61829
34081
28468
33954
26840
47445
48032
55716
18405
32724
35053
27089
27109
22588
53821
27436
55185
36057
51652
67688
71800
29456
62447
29329
58464
33036
31056
63995
26468
52185
30640
64860
27788
17597
64357
33037
33340
14192
31112
26882
28112
15693
24700
34114
29280
41395
72612
59952
86729
66857
36890
29736
49614
10040
59744
38808
48512
51120
34680
52141
32545
55020
16485
28972
29872
64204
16881
30524
16408
28336
45089
39347
25288
62168
34612
51961
11552
54673
23825
33808
49533
31012
46196
17343
62412
43418
28880
19868
17528
15788
18289
24484
38389
36860
63848
50820
31080
37241
9689
52972
16420
51189
56948
34792
53448
16819
27340
62992
30520
54056
49744
50110
54160
20415
16101
57588
63156
18580
31068
56796
44654
33172
28848
28247
52785
14373
43611
20156
32188
45613
24144
62220
30030
49501
25900
41292
64327
35132
58949
21656
27696
48373
56428
14594
24916
16853
26992
51240
59092
59300
58977
26936
23620
43484
46157
12525
28732
29832
41468
31305
21984
55356
17245
57500
11788
29540
28586
23140
13313
22600
38100
38439
22917
31717
54146
11413
54862
30621
54794
20952
36996
48112
34128
56420
15809
13113
13660
32956
41053
30469
54744
50796
76648
37249
33556
69893
51918
20873
57900
19440
26864
15945
25696
19752
22196
47897
13274
57013
16048
34552
19897
31164
36946
24968
15788
25524
38650
20728
51475
44536
23532
56192
16681
34308
54036
29350
53912
46617
28724
45923
15411
16517
53820
15488
30396
34085
27286
60056
17740
52833
25620
59536
16728
49964
14521
23636
50455
15017
30117
43053
57721
65557
16221
31388
49073
31928
50876
34272
49476
20301
33980
42882
35492
48321
10917
19448
33472
34518
44332
44998
47024
30956
29312
16056
25344
43873
51425
30592
36022
51948
14484
57077
14433
33160
25410
28232
34433
23904
13180
47849
29206
39516
9789
22292
28660
55287
46199
25601
46996
16772
50440
15769
55588
18364
25588
15725
24508
56318
46418
16388
30008
41837
37724
57728
16813
40984
10436
28304
24542
29080
51126
31408
25264
17163
23221
44329
27852
49272
27868
25180
20141
17552
56118
52468
52137
70492
35692
62012
31598
45285
32276
54512
16245
35456
16564
55935
27106
53904
56464
30332
56776
36016
35298
46304
30590
44136
39052
55396
32580
51756
12944
62657
31482
53923
14985
26204
13296
23285
52544
59568
33924
30568
35032
50841
36224
37660
49242
22512
54400
30253
50692
32962
49064
35732
60424
16398
27316
10456
33776
57540
33540
52864
42124
28333
39700
29020
57376
32389
31154
50276
22652
55608
45168
14141
26112
16252
25072
47165
26476
49889
15785
34344
57464
30928
57668
45320
16349
27200
16544
29067
47642
30348
52877
28208
48995
53764
64388
28376
48776
16353
55618
33362
33480
56480
30516
63048
33240
48504
32512
56604
56168
16203
14377
54820
20951
25760
16105
23604
29426
20152
17800
27468
36553
27436
52484
29808
57348
15490
58941
47468
28984
53052
48240
34100
50313
11567
11961
75597
68916
19760
49844
123407
27272
102268
70533
79952
71604
64969
73341
54720
53141
47768
57364
21533
36092
13881
30388
46777
16989
55844
62140
24280
46832
46512
26487
58272
53796
29084
59132
19468
21049
10137
23072
17276
25579
41765
15744
28164
41226
15803
38928
54916
42153
44756
20657
63108
35040
28832
13227
33041
39641
28144
63948
58376
68177
62055
60664
43356
34080
29169
28388
26842
32076
14545
25848
18000
21052
48342
33392
30964
47792
29108
34548
16421
27596
31977
25344
15173
21304
28494
27564
54936
19608
46437
14941
52628
25312
58692
14181
59684
19348
24417
31083
28565
29648
61968
38872
24528
51035
29996
30828
57349
29352
46396
50356
16743
59072
19004
30777
37048
50816
17648
24108
17893
21988
29457
22693
49564
29593
48208
46869
29965
26112
11588
31948
50933
34964
47624
44266
29736
35496
31058
34572
50064
18660
17437
18971
13552
27584
47044
28792
47976
39746
20344
56136
32936
63013
13472
34500
46917
13888
28836
59800
57656
44221
60056
67832
69440
27356
58528
13316
59573
16549
24116
37448
49408
34797
27973
13880
29789
24938
26156
14473
26248
33280
16661
29864
35604
16857
21716
43080
26824
51872
29594
48640
48504
31796
52712
34854
47451
13861
16428
61108
58985
29604
60180
21361
56029
51866
36140
50320
16549
55292
20189
30688
34666
26612
16384
21272
44821
18789
55361
69060
50520
33360
61440
30232
32320
51189
30170
25812
38804
32672
16533
23480
49400
43368
18081
57773
19240
30636
51977
29424
53348
16545
55020
51965
22324
51980
52889
32404
63557
42836
33928
65025
53584
30428
52280
29554
55308
59728
31972
53640
55832
30596
57424
13049
52568
54300
56073
16869
46329
25714
54596
13288
49089
18389
52544
35204
27226
18680
29894
48668
17941
13803
12417
59297
37576
38137
32432
21208
11789
59304
17023
18208
42108
47173
13219
60821
60065
26732
60085
57444
34336
59008
70088
28017
60112
16013
58060
17488
27752
17433
28976
47464
25147
51336
25101
46320
18825
32404
22685
19789
25484
12805
31809
43949
31116
54012
49624
14684
50967
53825
36739
29108
52244
55396
53749
30428
37576
31824
55816
38073
60472
18061
19593
57341
57912
52934
30552
49847
32946
43881
62188
26452
45736
32612
26476
34941
30668
40468
28552
33072
35478
47883
27166
53286
12637
30384
13976
26248
17337
34838
17316
54568
57488
52924
51300
26056
50896
55108
27707
34468
50716
64076
41953
56124
30220
11176
43177
17313
28728
12668
30332
32739
25408
45710
10304
42584
34221
46344
34780
29728
21508
21184
15421
29012
46117
54825
55512
61756
68439
60940
40676
64476
41012
57912
28314
56084
33252
53780
33492
16057
25340
44837
14004
51232
12305
30776
42540
48972
26506
14235
17305
28352
44924
52433
19952
23788
17425
28604
45326
17552
61141
33384
30292
44639
18435
11844
18816
52861
22908
54976
29600
66456
18905
31312
16040
24916
15965
28848
49008
16419
19720
60216
43192
30536
58892
27052
41508
37961
24884
28688
11477
16396
41252
44697
29044
17460
19596
28220
24149
37328
60233
20701
28587
42058
28388
48432
12817
28192
48220
22020
45200
18776
53249
15161
25164
35056
30568
53844
26964
48115
34347
63140
29664
20912
24140
33960
17465
31092
37160
28784
45624
37993
48084
35928
22665
18924
28812
54180
30504
53032
30334
43552
19332
39484
49800
37288
56396
20620
30288
27652
41420
35004
54905
31898
16620
53300
32064
54064
36168
18356
35332
31101
33294
23493
47845
15072
49177
30566
51979
12477
32044
54840
25444
15544
19657
26848
45769
16156
61376
17513
19056
11856
21464
38061
19536
10616
25344
42598
43347
26749
45572
17225
46996
13152
22556
17570
31600
12912
14568
53645
12888
23016
43132
16509
48359
39188
19404
52264
24240
59484
55804
67402
36437
30544
17260
30864
46414
27289
53232
52105
31228
47652
17440
28627
16737
20848
51056
62940
49168
38504
58264
15628
24769
12605
21544
32204
15688
45169
28207
32248
24080
37464
50405
15460
49700
51929
62584
42720
34724
41800
57393
33520
50544
17765
60196
50468
50541
36844
50910
65196
42786
57544
52749
29929
52084
29779
51720
16457
58208
52208
56377
52484
27556
54572
20201
61364
17816
27932
8853
31092
54344
49196
39230
13700
25548
19457
23528
14261
25492
45437
48321
24064
26496
63680
47201
65825
16401
28620
15212
33224
19209
32332
54269
28145
55572
45679
30935
56788
32348
28162
52885
16633
25616
40289
57132
15753
45640
33561
53528
44832
15941
25696
18520
26440
14565
27216
41141
23912
46724
11895
30932
50220
33388
15748
42572
36733
54984
17093
22952
41476
43257
50004
22228
53067
34620
31593
39992
28092
40345
51028
31472
54628
53404
67330
55228
36968
28488
16292
32469
17689
17912
47562
27652
37005
34912
48871
47028
35860
60996
16873
27960
53593
30508
47336
50036
53407
27260
43576
57956
32056
28588
29386
26100
51932
50697
16289
30990
48568
36292
69916
64448
19741
27788
55381
16264
55740
20261
26689
19216
29480
26157
30364
45530
49228
15085
56920
56157
33956
60904
244672
80612
30195
39649
30776
42276
31120
76636
67456
53320
48580
57433
41046
53568
57052
51140
25760
54212
27397
28476
26936
25832
43786
28769
61597
28452
25248
30283
43596
64560
55445
27700
62880
59020
41200
56512
27081
52992
24372
25776
36090
24331
55444
40048
52536
55960
38532
53148
57584
40760
51248
54756
46245
24256
31180
24336
41537
28429
56580
57073
58836
49676
26669
24816
28349
26412
42185
39325
53140
38498
55276
47720
58404
39424
52976
26105
51977
35536
52920
23964
56412
25277
24060
25352
26152
36330
23268
46773
40320
54469
44630
54273
38968
57028
28953
65204
29413
26964
37756
56240
44609
25648
26823
27845
29308
47357
29064
57532
40614
54800
26633
44156
26763
51548
25901
25840
26352
26704
55528
32241
51292
59017
41776
53843
25889
41052
24851
55692
39198
52644
43824
24560
40442
22893
25812
25640
54960
36368
50680
47654
52344
52704
57985
31445
24864
58246
38144
54043
37734
53332
46962
52008
24792
52636
40196
58080
36770
45600
27916
39172
28743
43456
25164
59716
30452
25821
27253
26480
64208
61304
34437
48192
58960
60748
46592
26979
27685
28324
25304
25700
38153
38072
52380
25585
52764
38218
62224
60280
51445
26837
52309
24944
26243
26957
28036
49081
22252
25909
25404
53980
52628
46777
26460
59824
44360
59088
28160
15412
55949
45496
54748
40752
29084
27089
27528
52580
52824
26945
52001
42864
68561
63212
54816
35529
31044
46187
24996
26816
24924
43129
39136
55076
25469
54104
41324
52968
43427
27120
29651
29509
25428
51569
54217
28157
28216
49209
46856
21956
55844
30636
26567
40840
26457
57040
27088
27616
41174
23071
25609
25864
24849
26148
38797
25389
55772
56120
45729
24948
57848
50336
27520
41004
23896
41595
24707
25561
24636
23055
33988
54225
46545
45992
25993
25280
55860
60180
63493
58680
61164
45416
25773
58429
40480
54985
24984
55156
36802
62992
29121
29636
43696
58732
44317
25408
29508
25116
39450
24396
28001
26576
42173
36364
54888
26079
52800
39534
61389
56834
51189
48080
27199
70180
64240
39706
25291
26733
27140
42300
39468
57392
39826
55280
57948
42393
53900
37076
54372
58024
43033
26844
56316
26836
53193
27077
55884
61944
39144
60120
50518
35844
54161
65864
52616
65008
30209
28600
58524
40812
55688
39806
54364
33897
50643
55312
42482
67372
39980
67016
28801
28340
50223
44008
25653
70116
62854
29893
58144
28020
28596
31369
40344
29416
44989
31032
37004
52428
36113
31828
61934
29157
58761
27952
26188
26701
28772
40898
23632
27028
25296
39377
39024
51089
25877
52272
38762
55964
38178
53124
38920
58912
57564
30103
38866
76836
38308
28128
48409
55945
47812
34097
31592
46892
59404
44207
42756
57488
27748
26900
26745
29644
25308
27480
41622
38588
53900
26021
53752
53865
49268
27600
59068
33640
55340
27389
53664
26632
27632
58744
43240
53949
44938
61128
28976
28192
29733
27468
27165
25892
14752
41044
22084
26908
27568
66269
67772
69195
56889
57816
48824
59848
59712
43516
55668
50893
46609
44152
44068
57388
29553
26180
56313
39692
52544
44776
24480
57344
29412
26248
27985
26528
43082
40241
57252
50789
66400
23415
52492
25784
53404
28789
26520
46297
27456
58424
29933
27392
40926
24805
38714
25140
27175
42732
48489
55428
47040
27456
59608
41100
57828
42845
46971
30756
25063
59428
34760
55012
47776
29508
29944
26820
39956
27112
27484
28184
56936
36976
55572
65068
60452
34028
43773
29732
43225
43764
57672
27016
53164
48693
56568
66165
55972
41642
52380
42360
51135
65184
75268
56184
72045
61408
28669
27892
41846
23272
28284
26976
28037
26265
43369
26864
149683
