2322593
17811
8038873
23095262
8131461
30820267
31653301
31298831
16223316
8206561
22632660
31983335
30517015
31782879
30736356
16314571
14634579
31724232
14777698
23393462
32011987
31578898
16199257
31578285
31336505
8113595
15826992
31348228
15526835
31122353
16084589
31698619
8118709
31462955
16124873
31380434
31947338
15408372
30769270
24139273
31416048
8122540
15628539
16130024
15524437
16127054
15594665
31981819
30778152
15544655
31413046
16117425
31419431
24111320
14805661
31998367
15191404
31436884
31748108
31416954
31126481
15513527
14819123
24142046
31362085
31980849
31715750
15792096
31441735
8124638
31413821
8152629
15473807
31997266
15469134
31430277
8123339
15529993
8120912
15612599
24119237
14801669
15848617
15458253
31998512
31379475
15475824
15433229
15485349
31720864
8142537
15425904
15473381
31701394
31985296
30750594
15866150
31410792
8121391
7417740
24064099
8115428
15517161
8122046
15535980
16112636
31453686
8112771
31433898
8119181
31422904
8149472
15487788
8119438
15608232
8119856
15546567
31388190
8101884
31114847
8112330
15548685
31998260
15429081
31372403
24128905
31350168
14851944
31719940
8038963
31431568
8133040
15409715
8118476
15598176
8118679
7420013
8073332
31422880
31739793
15521408
15192668
8113930
15523701
31995829
15471314
31726312
24122226
31428523
15193042
31711635
8123342
15580822
32021558
8128371
31416140
24111982
31998655
31394511
31687019
31446071
15578076
31075407
8103468
31345649
15528788
31707102
31417468
31379140
15819890
31461762
8104921
15547539
24107791
30784740
15823390
31698224
31376288
31341800
30799516
24117763
8121585
31440679
8118156
15537904
31996946
15487810
31721741
8108907
31147236
8125545
15516397
8038547
15500973
8123363
15514810
31367147
16041646
15486743
31391379
22919368
8124986
15531765
24069517
8128589
31411008
8149537
16111280
32028408
30713791
31413622
31017991
8131974
15552597
8114629
15548273
16118597
15507664
24140037
15497138
31977318
31737581
31645648
31993964
14916930
15764035
8116463
31490423
16126503
31353603
8129873
15521586
8118973
15588128
31979292
31997043
16108078
30809642
16116509
15517371
31678154
7371685
15230816
31685921
8121074
31417781
24130539
31376010
8123526
31409579
8119305
15553711
16120211
15516311
8118225
15532021
8114202
15540875
31381488
15825001
31694825
31986879
31710566
15875008
31357453
16126369
30763991
8120664
15429489
15510120
31682595
8131388
15532924
8108440
15515755
24066606
24107853
16124916
15553875
31951292
15831850
31406233
15528125
31415742
8132419
15523529
8103319
15606698
16132796
15506869
16113611
15588934
8119806
15549831
31394190
15826892
31696626
14761764
31682844
8121554
31436389
31995529
31381568
15841243
31402805
8076722
15550605
31367202
15807061
31698041
8141598
31362167
31363583
15816314
8076453
8101027
15824912
30793398
8107001
31104666
15548094
8114615
15570196
32002136
15591365
31689419
31383326
30993434
16136822
15478451
8116026
15576265
16130003
15501585
8119787
15586573
31325784
15828198
31718692
15553309
31728099
16132713
31378777
8117758
31423006
31998958
15806275
31400933
16124223
15524594
32002084
14711735
31710503
8171197
31241453
8132953
15496005
32001567
15442221
31450037
31992015
15509650
15867574
31998368
15492156
31386747
31371164
15809077
31431975
8121589
31471779
8121611
15527991
24113876
8040763
15535133
31368157
15829974
31713319
16125847
16096431
8144342
15447607
24106053
22801392
15815417
31735808
31997238
31383710
15549091
15191569
8115946
15531485
31964689
15483789
31722872
31998362
15483814
31407864
8117496
31420561
16111118
31408142
31406356
15833263
31372279
8107252
15556654
31993059
16118870
15805216
24134293
31366771
14875610
31699239
8117094
15539441
24068844
31377693
16117688
31378337
8113636
15632643
31315697
15813350
31724187
8128484
31412849
31351301
15815124
31452622
31998670
15505984
31403310
31995145
15539191
31375979
8088560
15820336
31379930
8160987
15458368
31490396
15406067
31724544
24131583
15548554
15217202
8118135
15530919
31377062
8112055
31104341
15823801
31422635
24109676
8126368
15554192
8124243
15516890
31367426
31701947
15872542
30689541
8119972
15528457
31982088
31324385
15518525
31403051
8124182
31421280
8121050
15450597
8118635
15546838
31995349
15512014
31746384
8125270
15837201
15402526
31432303
15538894
15189349
16072256
15537791
8133596
15500369
8115663
15608179
31318603
15801290
31667709
24126559
16124917
31355999
16134382
15584627
16118398
15535599
8124420
15591397
31311332
15834966
31693179
8143029
15524377
31431804
8121087
15531826
31946579
15484525
31423337
16080980
7468867
31869854
31708080
15817214
8079784
15833966
15219515
8122141
15522162
23380685
31712662
15814780
31404464
31994350
14904960
31434065
16131490
31403118
8117811
31413226
14990907
31362877
8121871
31441766
31996580
15503973
31410496
31999387
31715855
15827142
31464187
16130972
8084974
15830641
15214063
24122683
15512865
8119602
15532873
31954947
15543923
15208349
8028371
8053675
15590078
8026909
15519008
16120688
15542523
8123874
15532613
31381714
16121547
31080643
16119706
31402347
31997446
15465866
31449764
8130005
15522186
16117813
15608861
16127635
31408682
8128375
31420812
8113485
15610059
16085911
31723999
16123477
23416328
16114770
15822171
16113433
15563549
31992037
15476128
31724833
16125175
8078773
15534433
8112617
15564884
31381953
15826164
31719270
31996904
31732241
16146345
15498313
8124234
15619813
31323569
15813675
31693799
24118739
15562707
15205776
8114995
15528047
31335856
31697084
15812969
24078479
15824049
31710376
24073387
8117074
15631771
8123524
15542356
31400498
7724403
31380357
15824540
31449729
16122975
14954666
8125578
15501750
31986686
30751066
15526431
15455353
31690591
15565781
31392438
15533775
15187312
8113243
15599170
31304311
15803588
31717525
8126197
31403399
31994738
14868840
31394992
16126442
23394171
15813289
15188041
31995930
15496851
15406679
15534114
15771789
16129474
31411809
31436176
31697564
15503041
31395324
8120408
31438107
16113347
15632611
8126107
15540812
31398221
16128068
31092577
16115335
31400993
15483402
31714157
16120892
31407128
14907150
31709075
16126121
14958027
8125088
15538487
24061289
30759664
8118442
31703486
8103736
15141677
15535912
15840009
8114394
15535544
8119014
7416351
24081785
8124463
15539658
8121555
31421191
8015994
31957477
15894230
15485105
31983822
30858885
31995870
15886298
15487842
32002655
31360717
31694936
15512307
31424504
8124420
31435910
8041323
15503404
8120682
31435660
8132938
15499893
16117725
15520733
16104558
15561499
31998234
7385308
15511727
31676875
8128585
15489183
31978991
24118724
15578950
15186075
8125444
15588300
31294158
31691365
31697066
15552934
31397207
31995636
31720534
15490039
31711741
24113168
8122613
15616870
31996721
15514896
15861135
15585010
15488184
8126652
15495881
31370065
31714735
15787708
31376347
15444344
31394622
31343333
7703243
31949615
31689534
15523602
31450708
8122930
31384205
8139300
15559115
8120697
31515736
31995534
15500876
30839797
16124318
31396899
16103158
31396508
8121410
15542254
8116423
15550975
8120033
15542599
23360761
15860737
31690281
31681093
24112664
15639673
15458967
16001809
31945841
8103612
31730468
8028005
15580952
31735364
16127968
31412862
8123842
31458495
32001226
31379445
15851325
31426050
24124467
31401918
8118944
31409223
24124693
31429378
15178435
31701499
8121892
23422688
31390988
31104953
7702120
8080675
31432582
31997833
15505820
31419731
8120332
31419750
32016414
15843276
31421749
31998496
15597549
31729219
8124720
7424977
31949104
15544484
15849794
8124637
15536909
31386881
15829203
31692311
15476024
31714096
31997365
15843442
31429251
24095270
24066436
8119493
15525581
8123822
31432551
8113377
15542874
8118283
15541197
16120489
31420183
15545966
15212259
8119988
15603079
31317389
15818701
31703576
15535445
31689000
15529613
31449438
24113532
30778753
15817622
31708924
8120891
31407026
31999336
15507292
31696068
31997795
15860686
15478973
8125091
15540580
24062125
8123006
15537259
8118147
31518277
8122759
15533638
31997327
15583575
31708139
31395610
31452460
15813944
31418553
15498041
31706080
31738590
15577767
15201772
8123227
15499798
24130702
15505707
8120371
15517007
24122643
31398911
31999172
15832258
31403994
24114040
8118653
15559221
8126210
31410153
8057411
15501063
8120880
31420291
8110513
15548499
31957069
15815187
31725095
8126679
15419007
7384206
8090027
15790919
8106880
15541968
8122056
7411753
8069270
31376713
16118860
31361739
15800399
31478557
31997179
15835847
31432712
8123392
8117876
15537840
8117276
15525313
31378668
15831902
31673254
15540755
31418492
8113413
15537713
16124658
15533662
24072383
31405731
24123770
7397450
31409588
15808754
31385305
14918997
7371349
24080528
8124954
15510875
8116122
15531299
31926457
15818512
31701923
16140321
15491773
24124781
15598985
8125036
15536825
8031577
15573683
31344862
31715746
31696874
30763087
31096384
8127076
31380073
31398851
15165036
31724358
31953613
15860223
15504022
24080687
15502289
31997182
15451102
31419404
15825626
31390231
15507110
15718029
15509245
31704252
31999172
31737157
16143214
15483869
8126144
15547732
31347640
8112491
31105290
31383578
31737257
15543114
15219698
8119467
15526181
31340503
16120043
15500747
31431559
32002230
15836316
31694855
8122260
7411641
31393029
15816468
31426243
8126690
15432697
31374653
15819563
31387681
31417728
15512174
31410700
8128282
31409426
8124362
15522840
8124198
15526709
31997173
15485688
31721513
31993603
15865041
31392287
31996812
15500408
31717735
8134544
31405382
24104547
31929588
15812321
31692540
15537590
31717382
8121460
15558958
16117597
7413457
8092980
8122905
15546413
31377478
15823990
31695878
8124626
31403139
15480057
31729802
8112968
15536020
8114097
15606841
16125909
15526045
16123945
15599792
16119725
15532699
8121310
15601300
31307727
15807649
31698651
15554163
31391559
8141805
31334484
15813832
31414713
16125291
31427730
16082848
7681658
15535000
24096732
8126298
15460065
31306549
8104501
31112744
24080825
31375019
15495978
31723863
31987909
31730586
15231320
31692730
31414375
23383582
15519710
31385030
8114474
31405879
16123760
31410889
8119629
15545311
8112348
15541555
8121069
15524458
7379857
31707511
15452358
31700288
31442644
30755791
15518420
15709524
16070457
24102417
8120706
15555765
23376663
15858453
31731397
8130729
15542694
16112788
15604223
8118245
15562248
8119465
31470188
16126783
15520784
8117691
15526036
31996594
15485556
31706919
15861285
31446229
8117629
31409287
16114740
31428803
31995140
15526409
15794340
31449202
15386329
31693398
30729644
15531414
15195236
31961307
31416027
23693385
31384400
31999777
15840210
31467829
24127258
8120052
15565962
16121583
15525039
8121199
31433450
8123028
15534580
16122874
15588227
8127245
31421769
8118928
15527972
16120682
15537053
16121803
15583904
8118273
31436402
8041975
8039595
31393949
24101155
8037962
8051750
15564174
32001831
15466265
31415877
8075633
15545591
8120768
15536622
24118949
14822472
15831414
15479706
24119831
31983109
31984772
8108398
15817966
16129812
31402636
8122992
15507851
24099378
31998350
31404032
15560351
15169661
8121863
15533831
8126732
15523695
31381026
8099342
31106963
8122441
7412277
24076872
8126288
31379997
8046002
15479476
31424370
15478372
31692224
8044823
15521671
8112709
15553467
16132019
15520088
24055548
16105447
30813837
16125098
8115991
31438834
8119433
15519961
31998042
31369802
15533672
31446671
24114751
24074091
8120823
15523455
16112718
15614892
8125960
15519202
31404437
31711971
15830244
31427858
31999180
15514250
31378133
14891798
31719275
31977849
16145800
15497657
8039540
15522238
8133336
31413012
16131160
15512624
32000142
15503745
31431204
8124699
15522137
8117317
15539811
31997358
15489561
31728018
31996740
23272306
24126222
15565306
15186444
8126754
15585148
31306315
31735655
31716144
8120329
31421956
7737592
24098786
16146453
15488093
8119370
15555220
7372849
16119035
15800913
8113382
15562821
31337854
15839281
31728185
31997946
15853853
15472320
24117444
30778869
15821374
31702700
31998472
15847765
31402502
8112381
15536656
8117808
31445919
8110295
15546009
16116480
15519622
31994544
15501179
8100611
32001195
15828104
31724305
8109603
31133922
8124200
15525433
8119403
15544846
31979884
31992562
15416396
30776153
31351722
31995846
15853842
15483988
31986042
32019752
30793326
16115162
31394324
32000759
15469724
31425226
8123526
31445901
16124333
31421981
8125827
15539229
8027886
8064390
15521465
16125413
15519720
16116242
15451290
8119302
15549860
8125982
31437319
8120243
15530732
16078588
31423618
8125609
31420453
15556570
15545560
31998648
31371381
31360726
15809128
31424303
8126451
31411867
8115652
31410120
8118677
15548951
31994049
31423874
16133735
31412320
31691187
31443557
8125089
7411134
8110842
15525364
16109659
15562500
32002099
15538091
31729644
31991899
15886331
15448249
24127385
14789957
15831174
15476728
31995631
31388870
31359725
14898972
31386906
31716634
16132307
15530607
31697552
8114525
15534367
8113331
15625589
8125090
15525639
31398001
15821943
31677216
15540018
31411155
31950071
15851209
31406571
31406904
31403157
31415221
8033020
15627251
31734655
8125918
23412472
15496547
15192486
16113770
15530715
8125079
15538546
8120255
15531746
31353367
8110089
31132430
16126614
31400835
31433665
31714826
8120374
15534324
8121744
15595547
8121857
31425453
31983656
8099621
15821869
30786024
15805809
31698974
15530815
15423289
15504117
31697539
16116404
15576506
8114699
7424580
8088078
31375792
15838134
31732810
15566548
31701678
15833604
31463687
24118858
16118092
31477563
24119414
16126135
31362611
31720538
16137527
31351723
15808990
31418178
8121916
15524231
16115696
15540746
16119058
15527192
8016378
8060836
15514095
8127381
15520526
8121256
31456481
32001292
15518921
31415052
8124829
15438097
24120154
31381664
8119184
7414188
31416055
24110491
8117640
15568665
31356717
8100184
31118611
8120567
15536628
32002089
15479249
31401235
31995651
14891900
15846997
24098876
31997939
31418236
8083770
15523124
8123538
31425577
24064920
8120262
31442412
24020293
31997987
31392387
31735679
15570210
15176350
31993970
15448180
31726874
8126105
31411403
31434783
31693544
8121763
8119997
15607813
8121447
31426969
24115084
31995369
15544802
31737506
8125594
31414161
15856504
31438947
8114344
15552058
8120887
15514467
31956634
15788151
31446981
24062270
8126106
15544232
16127807
15505684
8120383
15536518
7390327
15852684
15474137
16083048
15519281
24079618
8110899
31493770
24121498
31381191
31418533
31075294
15608530
15184980
31995045
31376755
15509556
31392956
31724894
16145921
31387523
31688289
31732955
15502066
15109842
8125087
15576440
8120629
15514010
23401583
16119686
31094690
24115258
8120951
7441947
8098211
8121747
15531184
31363059
16122052
31081383
16127837
31403119
16117739
31382978
8144756
31723031
31995131
15497519
7382726
31405403
15802528
31438771
30798668
31580067
24103474
31984191
32042105
30729058
32000216
15401261
31706470
15513499
15198470
16128478
7373576
31349578
16133778
15473338
8079789
15542277
16124197
15532370
8118790
15540061
31360309
8102378
31140514
32004339
15505289
31406539
31736275
15545825
15199883
8116130
15585872
8132195
15528998
31370161
8098619
31080489
15553529
15119987
8121306
7425645
24074873
8116187
15520454
8128828
7400403
8087480
31944886
31708471
16139786
31439540
16121471
31391311
8120006
15446205
24114970
8119701
15555316
31346580
31699343
15812799
31426403
8124135
15542417
8111860
15612685
24123987
15509233
8122333
15528649
24120982
15519746
16108519
15606809
31997595
15479192
31392976
8149880
15472569
31705669
31405661
15529228
31400018
8118277
15525793
24015578
15522223
31728105
8126241
23422800
8110440
15848697
30753899
31726986
24079888
31120415
24125585
31405585
30797701
15218149
15791232
8117688
15614491
16139325
15528760
8123131
15519119
31358865
8111905
31113232
8124265
15543995
16077048
31669495
31382136
15770680
31413512
31713547
16139271
7366562
15184196
31681317
16123837
15408976
15512853
31707626
24111170
8117100
15629598
24116858
8118551
15557265
16116492
15534292
8125296
15531209
31349876
8110173
31126822
8115656
15541954
16112837
15554797
16119230
15513895
8119374
31425986
8026659
15489944
8121247
7412079
8116579
8116545
15519649
31392713
23721173
31714001
30772338
8124370
7391100
24084382
31983035
30779952
31409781
15807836
31405697
15473968
31703265
31409014
15535971
15195700
16123847
31474668
8124046
15534295
31997694
15474176
31416949
16128692
31421276
8120108
15631638
24107705
14848386
8107212
15815164
31984368
22766355
16120545
15795996
31658187
15543159
15088726
8119038
15597417
31298251
15812051
7663528
32003079
15469760
31713622
8125898
31396307
15514033
31722491
8114805
31131438
15475338
31720533
24103966
8112958
15607740
8110643
15521377
31410524
15822650
31712953
8113875
31444291
15539209
15553089
32012576
31367062
15551281
31444132
8111612
7432354
24076828
8104298
15599700
31392874
8018356
31156157
16107101
31430936
31995316
31417333
15806080
31445166
8106100
31381359
8101927
31150713
16074216
31687726
16127302
30877419
15816432
31438932
8111572
7417802
24092314
31995314
15509089
7448925
15520233
15555412
8107140
31429701
16109517
7416093
24081868
16104581
31412312
15809178
31433671
15521071
31728682
8112265
31446813
24091925
30891046
8098548
31158670
16106711
31446543
31994645
15535215
31428135
15562546
31736989
31998737
15820458
8078472
15822597
31172306
8105451
15549167
15559576
15543581
8008573
31967425
15534571
7437112
24084007
31982974
15821820
7155451
31725072
24105358
31993772
15545405
31731896
31996045
15563628
31445673
31729441
15539017
15253566
31995082
15532421
31728654
8110173
31443323
8106859
15553393
8111683
15539708
16107387
15026455
31676127
15850587
31721498
31995544
15824177
23441256
15548657
15242211
8110342
15531568
31960016
15546512
31732611
31995049
15849514
15539695
8110892
15549705
24093605
22866187
15835942
31728622
24100852
31427283
15542610
15243056
8099666
15597814
8114899
15552128
31438451
31729443
15547353
15247455
8103696
15534693
31411632
15804260
31726448
8110921
31434876
24080865
15545661
15247960
8106355
7431533
8072541
31411343
15803610
31736247
8112775
31420595
15819363
31445003
24089892
31994259
31421163
15541273
15254023
31995784
31496263
15543643
15252086
8108177
15536368
31995250
15451035
31731211
15549426
15246780
16072181
31709469
8109662
15531341
8108103
31452136
8095513
15561925
8101979
15574185
15828311
31694204
8113445
15535887
16106163
15627181
31995443
15519427
31442330
31994047
15529353
15849384
8107379
15553455
8109330
15551398
31415612
15837457
31715406
8109197
31447504
8111615
15549970
8094678
15545298
31134469
16104347
31115138
8101190
31446727
8108658
15533550
31971762
15813521
31452378
31680028
31713933
7428804
15817010
31710812
8105742
31447890
8111233
15535423
16109143
15553026
8100221
15542769
8109573
15556331
31415468
16099339
31139905
8105819
31430322
15824187
31447548
8110526
15557690
32011709
31725502
8013810
31962272
15539417
30894764
24096694
31462721
31428586
7723840
8075377
31454288
8105540
15537615
31993669
23521203
31195639
16108790
31446927
8110035
15589178
31374586
31722504
16117706
15564276
31727178
8002266
15550427
31711942
8120421
30873876
24064630
31995287
15538672
8071327
31439084
8109766
31446111
8099364
15566286
31952127
15809756
31710428
15818808
31451549
16103737
31411206
15011707
15197618
16104220
15533912
31982375
30870757
31711288
15826903
31433355
8113354
31426356
31731090
15549141
15245529
31716229
8090714
31108585
8113521
31451486
16001189
31402101
15576520
31446357
7995287
31971020
15831119
24075505
8055144
31753976
16107516
31428769
16104821
31433113
24094798
16117862
15555929
31709870
15538680
31728025
8116824
31441597
24095433
31993321
15518243
31435299
31713215
8079426
15535762
8101325
15571466
31415563
8015659
31127535
31452068
23433888
31448008
16118686
31438879
15819118
31461305
8115551
31443079
24104747
31428981
15540744
31448360
24092013
31989506
31405527
15801595
31461337
16106768
31441850
8110715
15550720
8105591
15540345
24064054
15541601
31995121
15518685
8088733
15828820
15242570
8110130
15524693
31431195
7717494
15526880
31726485
8109603
23444146
8097838
15842595
30857093
15845022
31713641
24093081
16104736
31429530
8110580
15600505
16108775
15555334
8104801
15549226
16104632
15548944
8109845
15542907
31414173
31709928
15544836
15250235
24103023
15418622
15552710
15530847
8105471
15549386
8033518
15521186
23418206
16104095
31146460
24104685
31445883
8105780
31443800
31960865
15825846
31460447
31999229
31446959
31710551
31416674
31715032
31466065
16104493
31423942
24095952
31415127
16120276
15520982
31995544
15440665
31478154
16107261
31445574
8097943
15539827
8108523
31476273
31994368
15518101
31446774
8128072
15535768
31409353
8110691
31448685
31995711
15530348
7457684
31958056
16101705
30902963
8105733
15538897
8113321
15553830
31422536
15820670
31712541
8105323
31445718
31994970
31730856
8079872
15535785
16107146
15543619
32004454
15555880
31716653
15844458
31478219
8078874
31428543
31454230
16068395
31446034
24093083
8110727
15571829
8108415
15534516
31428277
15820206
31710004
24095144
16119349
15541108
31727304
8105094
15549607
16105891
15561049
8112316
15552010
31984475
30883543
8113218
23426170
24089630
8023587
8054850
15578372
16104457
31446393
8109375
15559326
16073735
31698277
16121255
23434688
31728196
30909044
8111051
15566135
31414405
31691886
31733777
15551342
15260880
8110414
15540748
31410503
8092238
31152095
31432932
31726655
31430802
15260407
31707160
15553359
31728256
8110934
15531193
31453772
31727925
8109422
31449500
16108379
31425961
23437901
15815264
15592331
15214687
31722755
15819862
31710989
8109645
31444322
31982020
31716509
15816520
31438103
15517490
31470813
8112627
15550572
24092693
16105908
15573553
8109420
15544476
23417920
8098959
15806856
8104890
15615678
8030299
15525994
31437539
15821397
31710527
7995005
16073818
16105457
15575354
8108942
15537255
15440137
8092013
15822419
16101691
15580617
8108585
15555948
31412490
15839744
31726826
24092016
8111262
15571344
31418562
15841034
31728304
24109002
31966197
15541744
31444500
24090848
8106822
23416809
31713078
31142119
15725098
31426955
15535673
31444603
8108751
7428598
31426730
31412716
7718779
8092907
31455096
31994534
15559405
31427729
15515530
31432249
31435778
31716652
30885681
15541262
31428487
8110122
15541766
8110056
15620310
31377591
16105211
15511708
31437475
15518206
31469364
8112783
15547709
24057290
8109080
15537204
8105498
15537301
31969388
30901193
24106156
8013916
31436337
31994430
15530181
31438666
8126512
15540216
31424807
15534862
31448173
8110101
15537723
16104166
15558644
24091237
15579264
8108583
15547054
31434078
8090459
31148353
16110727
31434174
16104313
31444588
23998137
15511475
31445742
31994371
7440988
31964655
14997383
31469786
7982051
15552296
31731726
16105267
31438022
15006377
15229130
8104887
15540679
16103930
15534653
31994883
15546859
31732803
8106049
15573520
16108391
15563271
16104474
15563448
8109158
15557240
31413761
8090691
31147436
8122361
15530610
30875030
16106754
31107960
8105906
31447262
31996852
31426020
15815763
31445086
16104014
15563739
8105732
15571841
8107815
15552564
31414244
8092432
31138587
24105010
31443315
8104277
31471702
8109069
15532929
16104250
15559397
8104540
15560832
8109777
15556280
31415202
16099355
31127144
8122949
30835967
8122648
15554132
8107588
15579922
31959640
16102359
30875026
8109955
15559826
16099665
15559455
31990853
15475357
31731855
8108678
31439260
8113185
31450357
8108282
15534004
31994081
31412090
15552385
31447242
8111134
31447205
24092080
8111089
15564176
24103673
15540521
8108788
15544788
8103737
15536837
31449233
15821066
31712728
16104860
31440978
16104304
31430079
15545539
31701118
8111350
31434985
8080640
15537431
8110687
31451345
8107551
15548379
31995327
15526822
31478928
24109342
31437712
8112252
31425594
15541320
31710385
15523385
15253670
8100175
15533409
31410145
15813260
31750351
8111609
8084554
15821681
15270768
8107126
15532527
23433813
31730739
15546846
15250310
8108002
15449782
15815705
31714294
15820526
31449914
8110215
31409638
31713716
15533826
15260475
8109344
15529073
31413025
15799149
31712541
15512903
31454990
8109130
15553297
8112161
15597211
24091856
30887069
16101941
31120906
31439063
31714275
8100533
15021880
31460477
96300
23978738
16117667
7432402
8084677
31726873
8103001
15551309
8013946
31960449
15529635
31453055
31994081
15826458
31448175
31732089
8105956
15547911
30876546
8096952
31144413
16105191
31451662
16106381
15577177
8110501
15552295
31432992
31999337
8079773
15534544
31432876
31700306
31432284
31696579
15549774
15441211
15565234
31713715
8108545
15442032
8085542
31709765
8115846
15566011
8110952
15621967
31995612
15544517
31730103
16104377
31431384
16123383
30882130
8110459
31423765
15536074
15250070
8105664
15594947
31373907
31996622
15843918
7488950
31954978
16104844
15260377
15464459
15534084
31729165
8105705
15575994
31417609
15840092
31730222
8113535
15428238
15545410
15800161
24089451
30881946
15801210
31728208
8113329
31436718
32003689
15530542
31421590
15589133
31711357
15518324
31448194
8109457
15552447
16106055
15573963
8112427
31444361
16074510
31711422
8111598
31420063
31752053
8104154
15534583
30891711
8066606
31143024
31994808
7439081
15846675
31727306
8112984
31431862
31732024
15554583
15247023
16105887
15536917
8105657
15552148
31438704
15818522
31716272
31994217
15870276
15531525
24090524
30897004
8096036
31136095
31707145
8111596
31401858
16119797
30883866
16104695
14985448
8077798
15550875
8106878
15546072
31412044
7718629
15514050
31692482
8128341
15544959
31427706
8129847
15524749
31401906
31711150
15838014
31424034
15539558
15251737
8105745
15533630
31409453
31994134
15822671
31444134
31713271
8079075
15532427
8102630
15544175
31430725
8016532
31127000
15558412
31693182
8127213
6880144
24081061
24088661
31989495
15518165
31447670
8105230
15544766
30876290
15818563
31711117
16025591
31452170
31993780
15571032
30887944
8119512
31426857
15799686
31446905
24091791
8108873
15561226
16104800
15551548
31953441
15842942
31443258
15537431
31729622
8105137
15579308
31416839
15820800
31728067
8111478
15442724
15542511
15800434
24090102
30877304
15802714
31727445
8112543
31435195
24089946
31994247
15530844
31435070
31714536
15534342
15256511
16105997
15538384
8108551
15549536
31432305
31718715
15826898
8088656
8092525
15841874
22860403
8092522
15824607
8110300
15566764
8104024
15554647
31429464
15844332
31727463
24018433
31994574
15823050
31435409
24105286
31427481
8105186
31419793
15554901
31748737
8109150
31453296
31994843
15540849
31450699
24090975
31993416
31466392
8077230
15552011
8105529
31454604
16105384
8071217
31711591
15270336
31714739
7995181
16073483
8109334
15563077
31414939
8091492
8070734
15824307
15260861
32002634
15544023
15541856
15252530
31716156
15820288
31710975
31994302
15514630
8114018
31424922
31707286
15536080
31460403
24097519
31981856
15843688
15264786
8110579
15550507
8064655
15557131
31416007
8094081
31138987
8105355
15477006
24095997
31411464
8072241
15522371
30881697
16105373
31138171
8109994
31402997
15575458
31725380
8113612
31431998
31730465
31993982
15557893
31729251
8111303
23431380
8089795
15878266
30591861
8118630
31054624
16109951
14939283
32000858
15447277
31406001
31372011
31732431
30776076
31998948
15413449
31386712
31980697
8109643
15816787
24101298
30786758
15832289
31720503
8127897
31420851
16128501
31403160
24108083
30723399
8125468
31103898
16121616
15517498
31996975
31349809
32000380
14855936
15777489
24095840
30794306
31687909
7700864
8089371
31411834
15407156
8103863
31657882
31033502
31068106
24113882
8117086
15559965
16122640
15536601
8119889
15542341
24122184
31394241
31995155
15852953
31342742
15820702
31401675
8120536
31441453
32002362
8113812
15820913
24116887
30786504
15827113
31663739
15545993
31421338
8125396
15496987
8112129
15546198
8043365
15486027
31352582
16116905
31051644
24116518
31440843
15173360
31680573
15833269
31385175
31983738
8112708
15800031
16114349
15561346
8120690
15532503
16115917
15527001
16114175
15533434
8120478
15514330
23378256
15841944
31692918
23362454
15838955
31466263
8123251
15618668
31308090
31710887
16130728
15492589
31660205
8127130
31416102
31991977
31373642
15834029
31386699
8125591
31421556
31393732
15477463
31698954
15546527
15152174
8122299
31479048
8137323
15519154
8121041
15595817
8123107
7426591
24074293
16115055
15592131
8115772
15554706
31974549
32006855
15842531
23391216
8109873
15776816
30730948
24011202
15140337
15837217
8127992
15534596
31344361
31707106
15548145
15181773
16119659
15508036
8122371
15514643
24104247
30745101
8103167
31131401
8121421
15546451
16116066
31413851
8119801
31245032
15369911
30999099
24111756
30783146
31663092
15774040
30764729
31352344
31693875
15515320
31389621
31429903
8113613
31416821
8118670
15619332
16009688
31961939
31348543
15855648
31404157
8124819
15536461
8119595
15508167
31996125
31385895
16134157
31362964
15812176
31410104
8087110
15522609
8117966
31470622
8133448
31376834
8123436
15520190
8118711
15531882
24016056
31951467
15854749
31435298
8115461
15622928
31317957
15817767
31712041
16123779
31410943
8119477
31423427
8108728
15569394
31369515
15830187
31722380
8122823
23415665
16115834
31693128
15813014
31433833
16136758
15501895
8129374
15622309
24113415
30779843
15822691
31682455
8116798
31422831
16076503
31678771
16111745
15437025
31429991
32001575
31729992
16140651
15477247
8128798
15610319
31291139
31995658
31715837
15512626
31412750
24110151
8108835
15625910
8122985
15529614
31997774
15593154
31716139
15538508
31723963
8121267
15505591
24057270
8118874
15544568
8120424
15592462
8129436
15532747
15393242
16114294
31656964
8035104
15488836
23718704
31411473
8114623
31407662
15533617
31716689
8125274
15519056
8117325
15590302
8122533
15532623
31418797
15834150
31672583
15815475
31470834
31961401
15829679
31717301
31975136
31710493
24027584
16134636
15527002
8118682
15633090
31272565
8039390
31089388
8119955
15534895
8119625
7410341
8105119
16114791
15538084
8126112
15541751
31345376
8110552
31082822
31383144
15783072
30805256
31997041
15487933
31395052
8125529
15501316
31945367
15875747
31373555
31362278
15812324
8085058
32000351
15808218
31715249
15566887
31692221
31436081
23698353
15496509
31398293
31726987
15855629
31393833
8115318
15542065
24101909
8109412
15541471
31984334
30774948
8118569
15526593
24105192
8121179
15566808
16119226
15530603
31996836
15484961
31694381
15551732
31424869
8126723
7406045
31410259
8126884
31400160
15447001
31721594
8118752
31412408
15455049
31662297
8162473
15520868
31419214
8126902
15498850
24099303
8126511
15533758
31364748
31997011
15825945
31442711
8129181
15511500
8129012
15522604
8119935
15538934
31385925
16116592
31055577
16124501
31404574
16120151
31402528
8055290
31400314
15841479
31403971
31449373
31706943
8122130
31404185
15481337
31713888
16121480
7411009
8159466
15482875
30763889
15829239
31675489
15560220
31412230
8123838
15504277
8015329
31962629
15431393
31443739
24116442
24105371
8131010
31426334
8125793
15528550
8117360
15528413
31997104
31710078
31998068
7730098
15521364
31725205
8125410
31413402
15999081
30774438
31715241
7723629
8079840
31407452
31995419
31403727
15543021
15180122
8122414
15584653
24103771
30821333
15829482
31686848
8126483
31415353
31995998
31350841
15827756
31416821
8118814
15539125
8075848
15545313
16122016
15520431
16120504
15432615
31994722
15522419
31688858
8118554
15406027
31999495
31430245
7725190
8104339
31422926
8120056
15532910
8119192
15545072
8122716
15521043
31403096
31703311
15833052
31415068
8115071
15537965
16107939
15534526
31994346
31395341
15489396
15782396
24104523
31376858
8032173
15460027
30763578
16111356
31061467
31433643
15809424
31410863
16116353
31375408
16115339
31384738
31424501
15807919
31429577
16122261
31390342
31384273
15815412
7510729
31842376
15461423
31708807
31985489
31717772
15190596
31694625
14845059
31712401
24032200
15474499
31366610
15807094
31363858
31321454
15805661
31453545
15560191
15550077
24106006
8054639
15510607
31339453
15845530
31717528
8135580
31411540
8117981
15558676
31326396
15817678
31698928
31353529
15844746
30824066
15837911
31395696
31975801
31710371
15811212
7402361
24076080
8120117
31415797
8048526
15462419
8121214
15525982
31998317
15490932
15722633
16066191
31994247
15513767
15414034
15540692
31726157
16144452
31403458
8130536
15515862
31996764
15461741
31435197
8120132
15630670
31292379
16123608
31095005
8125124
31379581
15551710
15174587
15518390
8125323
15532620
23392761
31713351
15772764
31405697
15523763
31442746
16121569
31418152
15560953
15516352
16088291
31674996
16144245
31369877
31482865
31712113
24105788
30810335
8097908
31112887
24121561
31386264
31996646
15847464
31394908
31983538
15837701
15192738
24101509
24051513
8113275
15536551
8124706
15590758
15334506
15812625
15491558
8119106
15526998
8139696
15499581
31395515
15829103
31681288
8016629
8084462
15493140
8111409
15618041
8124430
15545465
31376583
31705332
15841608
31423217
24113248
8113343
15569288
31999711
15487383
7378922
31949462
15530576
31427170
8129969
15513283
16117211
15537474
32026220
15500104
31391108
15808512
31416953
31978942
31718554
15680259
31413273
16128242
31380793
15465529
31721794
16129317
31423233
16122359
31417125
24114444
8116428
15557457
16123122
15515539
8124666
15523699
24123045
15495903
8116824
15546351
16121206
15521268
24098332
30760255
16116623
31097639
15579051
31693131
32009141
14835227
31395149
15488832
31093601
15550446
31726638
8129596
15517836
31936584
8115193
15783073
8105492
15560525
8114655
15539418
31348689
8108570
31055723
15523951
15193154
8117612
15506056
31357760
8119666
31094883
8115437
15535550
8119723
15551273
24099292
30756845
15853580
31697834
31414428
15483703
31424715
16122589
31136820
24124931
31401141
8106909
15500953
24123711
23375197
15832347
15165157
16114458
15534801
8120962
15534878
31365967
8094076
32003094
15809117
31418537
15816261
31438088
15441756
31726166
31994568
15860962
31422820
24116649
24061774
8117587
15601896
8124907
15530246
24057495
8127234
15506590
16109521
15588245
8120485
15534058
31981321
31993401
15726109
15520940
31700436
31432251
15471065
31440418
8123542
31404720
31722383
15487061
31391631
15525431
31417392
8125829
15524903
24097498
8125073
15528108
31404129
15816664
31707719
15564660
31720765
8131325
15517583
31932797
8121843
15780482
24122013
31372675
16109401
31369274
31723346
15509758
31401645
31407047
31398924
31994898
14887154
31367279
31382085
31692327
31707095
15518107
31383784
8116591
31398679
31994310
15481020
23417599
15856082
31091545
8136507
7407177
31953526
15831501
31693404
15469989
7713411
24065878
8132495
15521571
31998068
15488361
31455087
24109336
8109774
15586221
31993529
15496084
31696947
15546456
15193980
16119614
15512384
16122759
15509662
8110721
15545992
31994068
15493437
31699246
15549735
31435576
8124965
15521246
15558464
15481953
8119344
15504925
31394973
31712132
15830180
31411208
8037756
8068596
31388621
24117924
23396789
16116558
15828273
8112926
15543941
31999711
15481365
31434874
8113311
15540028
31999536
15449310
31455508
8119606
15556558
31343892
15813894
31702683
15470252
31088256
8117026
15534818
16039484
15550251
31994236
15500085
15389143
15511386
31664058
15476767
31690203
7729320
15808545
31707486
15852434
15422366
15547281
16110449
31402685
31995143
15864095
31406734
15839054
31412343
31981599
15834829
15233608
8123702
15519418
8113684
15535227
31362767
8114048
31117399
8121757
15533668
31927480
31327333
15504873
7407265
15518599
15530866
8124219
15516053
31377334
15868289
23653938
16114349
30818422
16058396
31673002
8127081
31432251
8109211
15545369
8117778
15545771
8116277
15532433
31373778
15823523
31691857
15845703
31381031
15509816
15217536
8122114
15513628
31331967
8110487
31116908
24115395
23352486
15816440
15209004
8121391
15510574
16074641
15527069
24114036
8126324
15614030
8131361
15510889
7400301
31951641
15826072
31678562
31484574
31711746
8131833
31396585
15527655
15183475
8108334
15597305
31303402
15808147
15707597
15530695
31676513
16153334
30779599
15475539
31663437
15550782
31423568
31996431
15508925
31379375
31443375
31710526
16121046
15547788
31107735
24051990
8119099
31421200
7724096
8104375
31394010
24086912
8120598
15564825
8119131
15533836
31383689
15849210
31702785
15535132
31368604
32002016
15486484
31727213
8128800
31421144
31995297
31393425
15565870
15096587
16117651
15516522
8125000
15534192
24083114
15399459
31302755
31400498
8020704
31945911
14901304
31407530
8080716
31415893
24096898
8120346
15557545
31998330
15463045
31705527
15552228
15207980
8122909
15583314
24106378
30757624
15827414
31685939
8121282
31400207
15542176
15177678
31993246
15517371
31638982
15535831
15856109
15510493
31723072
8136292
31402126
15843656
31396272
8116631
15537641
31921350
16110746
30782869
31367569
15843948
8085875
15825602
31140753
16121273
31404808
8112925
15547634
31998294
31361342
15841537
31738754
8122320
31410670
31995406
15355498
31398526
15489123
31712614
31451269
15625428
15125173
16117417
15422438
31999698
15508566
31713201
31426536
15821841
31413394
16118096
31401055
8122183
31411220
8125386
15477288
30759578
8112138
31083665
24121550
31367388
15546184
31390615
15823639
31389449
31334547
15819072
31439025
15853572
31361291
8110996
15551241
16115590
15536864
16109854
7411900
31383908
8122717
31401998
16078100
31701185
24123264
31995688
15830105
31397004
24123776
31397370
8119462
31424998
31994816
31355482
15829566
31391705
8125103
15532619
31999038
15444330
15432311
15504991
31688920
16135199
7387983
24072225
16114172
31414559
16119286
23397540
31707960
31044238
16058768
31077636
8122339
15513722
8115361
15541956
8118704
15511653
31395455
8104127
31066397
15527654
31695201
24101729
8123561
15543801
8120518
15528963
8125660
15528504
31324076
15812282
31708301
8126842
31399549
15477560
31722314
8125440
15535145
24058318
8129047
15536784
16116655
15514228
32013130
15473407
31426336
8124258
15532100
15634243
15442839
8119072
15504011
31381705
31712920
15867548
31391349
15464704
31696583
8139967
15523254
31397007
15556560
31675015
8114026
15562651
31041010
15853839
31708100
15653217
15422152
8117556
15508773
8041648
8041764
15537443
31989915
15482968
31704248
7429062
8090047
31441146
24126875
16075273
15509290
24103533
31996271
15531465
31721834
8128687
31411922
24108103
8122706
15553704
8124371
15549167
31382898
15824969
31684321
16100750
31401159
8116595
31436410
16121058
31395355
15481414
31698630
15535236
7085612
31685013
15554567
31409760
16088457
7711056
16136395
15489820
16123528
15618021
16088987
15514366
24129581
31367858
8125350
15512249
8126976
15537239
8118214
15512424
31371912
8109253
31089354
8119546
15538293
16117366
15534950
24118881
31406370
24116297
31390641
8123443
31404773
7408900
8065932
15187479
16117426
15520401
8117474
15534621
7420157
8102824
15813945
31029505
8118009
31113241
8075137
15527208
31999463
15464302
7375946
24083072
8120195
15510261
31996698
15470667
31451000
31995140
31409422
8074673
15511687
31405189
15858831
31393199
24101471
31995774
15506805
15808610
8120048
15531122
8126970
15528311
23384848
31684049
15851071
31425257
8112777
31370207
15514514
31698427
24083797
16138376
15507613
16030097
31927768
31274686
31683035
31418743
15865103
31383313
15503092
31716710
8124423
31405626
8153075
15477759
8125181
15604159
8129961
15518563
31391097
15830619
31665002
15571604
31420074
8127806
15510822
8110710
15526583
31068941
31734173
15543349
15193795
32012312
15472316
31441362
16129044
31362439
16113596
31448685
8123078
24100083
8116563
15549679
31392656
15831130
31701313
8120907
31433959
8127534
15502978
8119209
15544243
8121236
15514352
31380105
31994781
31710095
15476919
31433163
15609279
31414035
31435095
15839146
31389405
8159043
15390867
8121757
15573695
24128495
15500799
16080245
31652828
15493318
31711665
8034003
31426306
8129029
31400467
16128736
15491531
8117894
15616901
31306394
32002500
15177451
30798653
8130908
15527452
8125183
15541751
31347104
16121621
15476994
31428902
8128427
31411248
31422647
31680814
15497118
31368057
15483308
31712585
31982673
15834337
31683615
16111918
31407568
31996604
15840109
31393050
31349554
15830194
15489373
16121611
15526628
24112493
30741113
15811717
31710388
30732472
31686403
15548110
31349195
15852886
31390767
24111334
8127477
15601014
8133905
15510812
7407692
8101174
15814201
31017127
16120975
31020865
24115562
8126723
15510400
30773371
8104561
31109536
8115927
31406774
31992040
15868025
31402553
8174162
15399727
30725821
31734406
16133356
15506691
24103408
31982034
30711269
31407180
15497102
31416536
8123277
31426485
8108705
15530993
16077008
31695715
16086416
31669187
15564689
15163553
31976155
31715456
31039885
15855127
31397902
14872579
15469134
16114681
15508820
8116566
15534142
8116802
15521619
31405249
31991425
15829705
31405045
16118332
23381051
32002003
14847236
31425383
16133429
31401799
31979354
7732120
8071995
15242695
16123919
15493158
32007390
31415260
15834397
31378984
15493540
31720330
8130483
31412915
8126986
15607130
31311629
15728801
31714943
8132621
31412772
16125421
31403346
16121321
31396824
8020353
8077857
15501935
8110422
15618336
31333320
8018224
15792466
31699591
31437951
15838176
31398195
16144167
31376114
15630158
15375653
8137302
15512543
31283421
31711286
31630554
15825846
31334300
15572109
31683472
8119675
31149364
16133593
31397240
8136017
31383000
8126643
31383851
8142253
15504700
16056579
31670070
8124804
15532309
16086701
15512768
24121833
31964770
16155340
15660288
31680168
16142950
31323344
16139230
31690383
8151772
31409139
24130886
16124243
15550917
8137782
15529494
16134314
15556469
8132042
15530183
31345834
15843280
31658421
32003025
31720066
15406082
31724564
8138967
7385988
24101378
32001805
15424050
7396878
15510120
15433710
16124990
15485846
32001852
15298992
31435422
16163775
23353776
15848837
15154004
32015923
15394973
31732133
24133930
8126844
16123597
16173669
15477340
31988429
30664001
8106659
15501532
32004259
31383087
15579407
15079935
8127280
15526612
31252838
8036384
31093181
8139569
15498193
8123774
7397168
8102895
8136940
15535067
31277844
8119234
31064994
16084431
31668131
8135735
31389488
8133768
15503674
24126620
16134670
15538686
8139314
15501260
31305734
8121116
31047003
8128678
15499796
8119591
15549306
8141421
15529248
31254563
16125474
31008166
8120937
31411503
8122868
16128266
15505995
8024436
31954458
7293326
31685082
30973213
15391015
15768315
32002862
31359320
8031101
8124476
15465773
31711642
8139930
15516622
16096239
31631335
32008708
15343767
31397865
31346350
15837948
31423936
32000060
15444970
31324198
15833784
31430721
24126024
8131317
31351230
8185622
31333443
31745376
16097889
15448235
24131109
31375697
31440669
31709481
31987144
7375654
15889072
31696760
15569783
7710400
24163854
24137226
31271433
14821512
31648608
16130474
31334491
32024615
15881446
31373345
8119105
15622971
31261417
8131810
31086468
32001828
15403198
31376886
8121370
31423841
8042489
15465038
16139898
15489302
8154760
31368138
16136697
31313147
24126266
8132457
15443431
32006615
15410504
15380797
16109921
8129534
15634129
31229855
16131717
15453885
31398865
8145585
31361954
8128628
15539774
32002515
31306127
31308693
14831341
31345406
8125497
15506363
8123083
15514168
8127377
15512445
31313380
15832527
31709376
16145429
31675213
15587980
31597276
24112362
8138050
15561088
32022893
15475237
31348725
31342756
15827627
31407248
15842878
31288793
31395933
15494284
31330669
16193070
30720229
15435116
31650003
8168079
30757309
15423634
31698870
15559254
15108396
8111334
15538206
16149446
15478284
8146647
7360220
8097340
31249438
15817902
31707711
8127738
15503202
16147367
15460648
8130781
15534487
31323122
16132418
30980625
16132444
31361446
32001587
15853255
31369204
8129903
8142663
31359008
8135108
15520072
8128359
15500272
8141571
15505567
31284653
8121246
31074494
8132352
15531800
8132140
15524152
16132202
15510298
8132814
15554233
31236741
7720735
31334500
31713664
31953252
15171190
31329512
8137717
31410851
15591029
31673666
31326001
15724753
15389740
16155194
15485825
16137995
15508742
8152689
15461986
31300475
32000172
15831826
31407646
8136841
15522230
8122309
15539650
8144210
15520837
31319202
16129167
30981348
8148777
31341641
31998142
15426066
31378633
16134021
15616876
16110112
31359552
8133862
15521091
8131949
15539375
8082805
15506470
31306356
8122020
31046875
16131670
14811252
8130626
15501948
31311251
31732615
16165149
31300162
15817215
31383232
8150458
31396653
24132951
24079549
8144704
15508717
31999932
15320401
31418177
14728374
15451561
8132519
15493621
31955973
31631472
15416916
31935600
31699757
16171866
15434485
23702982
15863673
15065676
31999668
8131838
15880866
31358432
31703419
15405560
31393519
15551201
31340425
8172481
15441516
8126757
31489900
8147508
15484314
8127725
31496846
8119397
15528013
24125048
8157774
15533132
31288884
15829630
31662915
16025102
31936208
15847493
31354853
15537730
15110587
24146528
15482802
8137980
15465266
24063927
16141639
31397928
24068392
31361540
32002509
15854941
31340875
15428116
31688364
15583887
31399022
31996201
15462722
15817241
16138615
15529329
31993010
15850072
15158139
8135892
15502059
15837350
31702367
15569129
31706524
8134882
15454235
16142098
15474319
8123640
15513725
16136943
15505456
31995089
8145809
15486921
8134488
15521905
7302551
15829299
15397207
8146438
15477710
31274768
31738362
31400364
15820064
31438715
8135634
15515208
8125428
15530755
8124952
15528975
31355714
32000004
15836950
31368923
32003123
15878845
31359885
7715103
8068679
31373754
8131863
15520080
8051586
8048361
15505070
31984608
16122535
15810591
8126621
7416909
8096095
31316918
15866739
31709686
31417638
15841788
31433093
15836979
31345685
31989039
8131207
15819892
24138370
15516209
32000378
15354297
31359270
15444841
31718231
24153848
32008730
15823511
31364077
8138489
7401061
31300118
16132890
31385664
15538074
31347579
31715376
15314182
15815706
8140303
15509451
8130736
15535815
23338141
15829601
31713921
8147147
15498443
16130361
15515150
8127351
15530329
8139738
31407399
16133130
15484436
16130855
15512744
16135730
15484562
8130720
15530083
32000222
15444077
31692028
31707186
15881582
31380574
8151344
15477652
16134150
15584227
31706147
16074216
15555397
8142286
15471493
31949303
15818392
14985018
8144712
31344643
31980777
15840370
14821021
8136712
15501446
31235455
15821003
31680736
31408948
15444914
31415102
15851080
31302932
8177851
30764517
15544291
31049299
16143359
31272693
8138659
15543070
8126286
15515439
8128620
15538336
7263809
15839141
15403336
32018206
15328213
15834847
8130341
15552738
8140152
15503411
31980637
8122353
31372620
15825355
31394656
16137048
31312145
15854140
31381199
8132443
15519827
16135586
14824798
8125753
15515100
31317010
15852339
31669539
15415746
31719605
8138390
31381147
15401649
31696147
15542243
15150720
8041779
31361947
8147147
15521175
32019043
15373146
31413753
8140289
15600271
31197387
31713170
8126093
15498649
31949202
31423391
15884963
31387825
8143189
15505900
8129459
15528804
24153488
31333681
15537619
15161073
31661441
15841135
31655700
15814648
31334750
8129591
31424778
16006643
15851983
31031577
8056284
15437607
8128378
31424587
16149767
31301857
24133556
31263135
24019471
15418538
31714040
16138850
15352668
15488467
15139408
8137216
15519113
8152352
15493066
31299910
15851000
31656806
31997499
14817320
31355515
15818161
31432189
24143531
32000884
15381781
31449676
8119276
15526885
8126989
15619137
8133185
15522345
15344923
15834859
15459243
16147693
15444333
31974143
32006412
31359388
8022967
8091657
15352474
30621339
16132519
15314479
15532780
15033505
8151759
15552500
24142036
30651624
8119757
31031879
16130406
31384046
31999163
15401321
31384318
8128249
31420244
31988898
15856884
15112455
32022052
15419970
31374395
8026813
31949693
15885880
15421621
8090080
15492042
31336815
15823727
31692122
24043723
8127876
15560516
16136441
15480279
8074375
15540980
8130335
15510865
31316794
8116058
31044227
15522702
31680917
31400423
16130540
31392390
15613418
31712311
24138223
24132412
8139992
15534993
8148597
15504263
31217828
15836299
31703455
8053773
31417253
8152906
15482787
16017398
31945912
31720498
15390409
31360085
31424540
15410749
31336980
32009647
15146901
31335288
15840297
31405503
31981373
15842670
31676848
31979457
31352092
15569375
15130534
16148506
15470395
8126711
15524381
31998374
15496612
31712599
8131465
15444554
31926077
24149755
16033559
31931860
14736789
31387981
31439770
16127347
15441927
8123770
15538619
8062793
8035429
15515100
8121434
15512198
31333339
31710758
31667703
14738863
31413420
31996252
15854221
31373331
8184851
15343742
31397144
32000752
15891588
15429471
8140080
15510599
31327059
31709978
7738944
8092204
31367569
16144663
31371736
15850946
31354045
24112153
8134304
15430970
24130929
15497652
16138070
15516940
24047299
31998915
31717515
15470348
31353857
24123535
8137725
15573835
8139325
15526514
8129320
15537960
31285084
15850888
31707871
8152468
31381735
31997940
15465322
15856345
8126709
15576012
31996080
7286553
15340774
31655194
8174156
22974252
15476923
31359606
8144867
15501647
8129611
15605253
31976558
8137488
31397548
7243849
15523307
31660988
16135510
31389998
8135019
31410810
8129077
15514340
24132219
8139775
15524211
31328477
15826469
31680542
24147395
31288264
14844164
15778099
24120401
30659256
8130393
31038871
24080117
31353317
8144659
23339827
8113825
30658252
8120096
31046631
16082765
31636426
30702211
15817391
15789843
32008585
31253417
16148411
15440918
32001501
15602289
31696196
31452410
32002744
15460716
31717814
16137341
31351710
15440716
31715713
8141591
31391672
8025771
8085213
15484837
8038863
31422478
8137334
15414439
24147304
31346026
24133320
8127156
23436662
32036942
30621766
24085435
16168285
15497806
31710934
8139195
15515029
16145521
31339216
16141582
31273283
8136452
31409784
31999241
15860601
31409143
32007085
15461269
31392439
32007860
15867429
31384540
15511903
31694492
31764981
8117152
15538057
16138270
15608677
16127838
15451798
31952286
15515771
15135798
8050815
15493844
32002334
15408346
7704643
8168498
15453787
30578387
15835390
31674083
8187771
15506761
31346490
32001954
31271527
14847519
31333790
15407133
31721835
8145881
15500647
8126131
15538959
24141894
15463928
16087738
31650034
8126583
15546467
24073967
16121659
15527498
16137106
15515535
16129915
7381853
8110685
8132968
15553310
8146247
15470465
31310336
31712721
31723776
15470977
31345989
15456203
31687355
15551751
31348805
24140340
15611756
15115034
31681517
15836632
31675167
31984990
16122801
31683487
15871275
31351526
15393387
31720407
8148058
31372320
24121509
30650713
15831710
23701673
15849084
15142517
8134948
15529665
16070930
15518391
8142845
15491798
31997582
31376618
15867496
31354592
14739376
15133242
24142177
15519650
31987981
15847123
15188794
31251338
15826256
30705965
15835908
31372000
15381818
7706753
24077064
16144064
16120650
15221880
24100665
24086956
32003112
15469032
23313324
15824034
15191718
8136557
15478201
31938876
31631442
15535160
15158789
32004536
15471178
31718418
16139612
15472827
8131464
15516215
8123105
15551117
31318482
8125257
31019368
8129552
15523217
31325731
15831871
31700500
16123135
31378926
16024752
15472103
31326485
8123436
15550540
15603963
15461846
31996090
15467512
31720857
16141333
15486977
31391452
16077057
31705625
31428659
15704480
31963095
15827211
15448964
24136031
24122274
30651663
15805136
31724004
24166446
31996596
15423643
31712325
24133752
32010005
15339197
15780334
8121068
15535939
30989199
8130051
7066593
31948662
15470743
31709827
8130409
23407583
8110618
15853679
30641151
8118518
30991801
16127157
31315246
14853390
31291352
8125632
31434638
8134200
15490327
8130367
15536410
24148183
15407125
8118847
15544876
8135884
15500707
31291871
32004349
15857908
16107869
16131794
15469097
16130982
15556639
8149914
7356603
24121446
8115212
15615256
24141760
24064909
31983187
16127487
15829811
8136597
7384420
8106677
31297196
8118345
31061214
31950380
31692483
15818153
31418947
8141224
15495214
8134874
15602473
8138837
15508469
31344283
16123015
31016491
8131476
31380901
8131011
15533098
32015982
31278669
15474822
31320101
8179214
30841498
31944074
31723213
15747040
31375100
15429672
31696638
31421136
15819922
31431827
16128254
31406572
31998568
15456604
31376728
16141791
31311255
15819970
31386591
15579739
31375365
24154828
31348653
8136977
31407450
8118732
15513319
16133806
15514723
8137686
15508195
16020125
31943843
31245584
16050474
31256378
15826576
31388878
16142522
7382961
8157148
31684927
32000457
7343233
15848759
15390875
24116961
8125988
15576586
8119695
15528616
31325135
15864985
16066599
15455416
15186518
8134433
15519648
31236244
16136995
15441803
31388145
24127618
31999944
15431939
31384668
8141401
15516180
8145295
15523400
31979829
24151670
16020654
31942070
14975362
31320646
8142308
31412077
8134640
15494142
24134647
23312914
15465007
31696224
15389479
31702401
8141635
31378336
15401308
31691373
16143833
15479422
31713982
16133050
31392209
8149825
31372271
31746152
15566790
15081759
16080906
15543555
8125441
15520416
8018923
16083059
15601154
8143314
15509172
8122781
15519441
7274797
32006178
14985475
31699202
15557871
31380001
16155630
31357423
31953994
15862178
31350685
31434065
31680301
16146503
30757917
16132207
31364499
8117837
31427125
8135029
15540086
16136762
15486294
8121299
15509546
8134533
31401880
8124157
15532035
8123570
15551676
31308744
15872271
31689579
16163958
15345767
30942675
31453654
31677764
15420855
31025230
31485851
31086810
30611915
31677282
16158089
15432964
24123168
24154936
31356059
32000751
15457652
31356857
16130277
31364728
8141631
31999142
15615886
31695646
15849802
31377111
8121873
15510752
8133492
15557908
8048590
8052377
15516203
32001022
31290883
16145305
15393107
31690941
31716852
15809807
31405468
8143484
15515053
8141002
15558022
32004971
15452251
15853097
24125757
30609271
15752529
31706539
32023385
31687031
30655409
16155218
31293661
8138754
31323799
8204936
14995529
14636405
32003028
30912359
7410091
8121533
31336188
8132910
31428645
16134355
31959863
31247509
15844997
8100761
15863124
15132655
32035967
8142969
31390288
31985158
31722156
15116789
31682788
8209771
14704295
31367815
15477112
31677017
8138704
31393781
24119254
8149315
15512298
31987234
30602418
24081073
31677471
15419360
7346929
15563218
15410829
8129456
15496099
8130087
15533501
31278759
15881711
31680341
23425653
15457380
31377414
31216400
15810737
31421031
32004513
15461955
31288409
15535814
31713365
8149170
31418104
8136571
15511767
16131947
15545114
8151360
15494326
8123456
15531589
31269036
15807126
31731449
15582766
31690179
15883490
31410435
8131971
15539061
16139763
15565423
16134271
7364802
31371485
8151396
31388385
31931658
15880304
31372135
8140558
31366010
8146830
15524478
8142818
15507758
8141519
15500392
31278144
8133447
31017895
31988267
16141215
15701425
8134391
15570028
32007642
15353794
31713360
31987979
8044852
8060060
15790109
8115146
15593508
32002031
15387999
31728449
8150809
31392054
16143826
8111355
31704905
24102433
30981721
8122787
15499790
16123613
15553985
8131625
15518706
8135952
15549974
31216342
31676748
31692195
16144140
22734306
31361072
24125862
8136513
15542428
8123349
15541967
31332506
8129181
31007523
8040304
15487014
8131711
31401924
8119128
15525314
8110824
15545047
30905499
31714876
23695586
16126480
15808254
24137173
16081795
31383263
8128701
31431803
31440665
14986919
31725653
16163815
31347776
31424811
15373438
31368895
24157013
16181672
15393462
31701746
15865593
31355705
8126556
15549765
32003312
8122843
31700313
15452529
15334643
7320604
15802349
31665116
15399063
31668936
8064234
30816920
8150067
15477295
8133731
7375254
8115533
8131718
15502464
31285640
15843130
31716237
8155662
31385654
31738579
15561341
15127558
8133554
15569019
31170819
31680095
15827706
31411255
24111378
30713784
16137539
31003273
32006141
15883938
31377229
16150624
31311408
31989709
15856205
31616543
31293400
15821686
31467973
8139894
31359246
24027054
8144810
15525665
24122299
8140609
15544155
31312139
16128146
30991301
8132733
31396813
16124115
31384666
24140476
31290665
8133879
15499875
8149502
31420279
8139880
15525404
8136963
7402119
8090145
31222185
8115767
31096850
31956017
8114895
30796065
31317896
8081597
15501444
31368704
15368509
31655445
8126939
15519607
16141451
15555904
8130739
15526505
32002033
15576649
16165909
15429934
30719024
31714301
31717690
15446726
31369234
31995821
31297106
15514917
31418125
8127732
7423277
8102344
31250409
32009739
7739413
8067819
31384109
15461325
31688634
14750348
8088459
15850471
15147660
8122863
15510964
23356025
15834829
31706654
8136303
15498936
8122912
15524632
8136282
31390774
8125724
15540279
31999997
15430785
31708826
15857253
31360048
32001361
15854176
31353378
24138331
16137381
15484879
8126751
15637886
31231258
15826892
31691057
15459767
31362512
8133612
15408974
8126847
15540841
16010170
8097280
30631936
15829453
31653158
15455922
31061350
16151392
31390119
16146155
31376190
8134182
15511981
8122673
31507858
16143250
31366113
24122452
16143669
15546911
8158153
15476330
24141678
15476585
32002221
15477414
15850424
24120022
24065066
8129241
15531054
31999448
15424237
31718413
8154748
31415776
8144345
15388139
8120906
15555838
24155259
15417336
16071357
31632112
15425897
31720881
8140108
31413461
32005156
15432349
31697060
32005040
14850161
31371915
8135155
15525943
8132120
15605378
8148298
15502258
31334297
15832398
31673599
16136571
31368449
16127776
31729149
24056537
32010296
15392234
31725107
16140470
31374333
32005725
7724659
24094586
16156895
15459940
8145031
15524730
31253951
15848520
31710468
8125671
31409346
8126311
15538421
8145638
15537511
8133058
15533397
31364009
15829770
31675714
8131323
31416319
16133816
15478421
15776875
31978436
6623049
8134739
15816196
30587831
31746967
16150588
15471461
31702351
31714698
15479950
31189072
16187992
31049387
15930175
31701892
15544833
31605110
15800321
31179781
8164054
30851820
15916572
31744945
24170544
24132720
30542591
8175359
30997014
31306674
15102195
31295141
31461240
15559880
23024488
8159418
15740051
30533891
15914672
7727246
24129144
8219794
15367926
31400371
31978815
30784129
31984017
15834755
15224117
8119590
15507662
8119739
15554151
31337473
15848089
31709679
15537734
31392332
8141736
15472931
31363869
15461614
31724120
16124449
16136069
15499115
8142441
15591392
23274231
31687073
15820095
31682627
16119783
31379317
8111248
31416103
16073062
31680565
8114933
31440379
8121472
15550709
31999186
15453692
31416087
15485701
31699145
8123627
15524259
6771323
31721270
15491509
31726734
8121761
31399481
15803168
31650186
8126799
15628826
24133442
31368296
30770878
31649661
8112173
15529408
8118303
15595729
31978955
24113212
8122391
15616336
8118407
15542221
31963041
15858263
31390845
15553786
31415639
32002824
31737548
16138803
15490993
8118721
15617558
31311847
32012579
31016051
32027073
30768040
8120096
31402159
16116998
31381922
24114891
31324281
31958375
15867219
31403837
15569268
15197538
8120207
15583616
31297954
15813696
31718160
32001520
7725548
8088979
31425797
8170023
31323839
31995902
30702946
31051569
14855058
31109722
24134041
15541482
15205290
31996184
31343715
15861840
31425867
32001214
15493992
31398772
8125093
24082837
15814220
31951121
15466649
31373765
15541276
15365398
16156195
15456670
31987627
31595123
14932127
31627343
8124180
31398620
8116375
15542093
24107377
31998788
15538474
31698011
15470901
31725118
24125127
8110809
31399785
8119305
15595332
8124500
15520621
8121068
15605623
31300616
15819374
7712245
15540173
15508569
32025506
31954382
15443055
31380910
14826045
31402367
8115918
15506214
24117752
23348597
15815187
31094870
31993888
15505513
31417422
8120826
31414879
8117709
15504827
30750690
31706208
15847534
31366829
15511667
31696034
31390079
15828447
31403669
15852630
31397038
31997819
15812826
31443174
15832106
31450632
16122939
31400284
31422696
15237251
31696741
15549925
31700758
15571598
31666536
8162124
30821135
15498189
31664664
31992324
30823548
15393879
31658594
24121980
31984171
16119148
30797745
15544776
31662239
8145179
23122402
15499762
31376843
15817326
31383069
24116415
16114125
31389668
31981672
8115267
31382996
15775405
31418070
8124116
15516153
8115940
15584055
32005525
31287293
15557600
15162612
24116811
31354274
31981181
30745177
8131951
15472640
16117954
15619807
8121248
31432241
16119277
15594529
8134237
15515343
16037910
31416008
8131570
15529993
32010505
31339210
15527480
31377336
16006284
8065428
31999947
15505106
31694539
15583151
31694669
30763019
31051467
31985990
16118281
31693574
15832711
31402289
8123424
31420845
8114712
31391097
8118966
15529994
8116729
15521951
8114630
31354248
31998362
15771486
31425543
31997089
31675079
15514932
31686715
31987203
31738905
8117269
15532893
30773183
31710062
31714282
31361335
15833598
31412860
8120121
15518493
24118352
31388046
8118994
15550876
8125651
15491255
16119556
15527544
8116102
15565995
31349103
8111161
31088385
31996998
31314244
8121471
15830278
31437488
32011693
15473168
31375605
14906604
15133490
8031702
31945616
15441884
31387593
8077932
15803863
31434849
8112821
15538726
8119724
15536988
8115978
15536703
31395062
15821928
31680864
15810229
31416950
31985238
31731682
15724802
31700000
31979974
15841853
31720278
31994582
15868391
31435222
8126636
15531031
24066092
8121296
15592469
8122181
15523628
24123168
14765159
8105369
15838292
24117309
30772248
15815052
31715858
16122863
31409302
16128603
31393907
31409885
15596416
15142276
24130759
31300601
30747313
31307922
15210093
31389350
8127738
31428629
16125578
31401014
31944437
31396469
16037596
15467595
16115346
15556697
24128735
31414783
16082915
31664060
14900727
15162636
16119631
14890852
32000450
15452335
31716675
24127515
31376483
14829631
31106556
15828159
31373459
8148209
15504192
31982066
15858520
15228675
16126775
15521240
24113931
30755371
31732092
8084239
15510175
16119174
15541340
16124650
15424557
31999412
15494010
31420620
8150340
15361688
24125465
31338097
14746792
31993145
15440000
31703597
15538805
15778265
31981401
15491741
31693173
15864912
31396231
15485049
8123503
31503851
16137540
15510400
8116551
15602590
16138934
15505633
8120043
15595201
31311745
15834401
23736349
31391807
15809842
31406330
31717775
15545517
15183705
24120253
8093848
24127121
22862974
32012546
31367771
15834416
31413697
16113928
31404686
8124401
15547307
24117870
31386502
8120131
15569351
8118441
15520204
31376282
31993256
15163046
31408432
15840084
31403619
8115646
31404056
8078636
15483959
30759308
15816729
31703253
8110929
31401228
15473165
15166243
8121481
7405230
8090004
8116538
15536790
31350469
15817430
31719518
31996762
15837495
31425840
8124223
31427717
8116726
31409156
31995505
15861880
31401483
8117086
15543509
31997860
15481051
31403568
24113561
30780229
31709951
7737481
8108836
31426040
31996720
7376417
15824992
31717880
24138357
16136732
15384021
15243143
31702975
8126361
23413453
8102619
15844024
30730921
15847969
31723507
16122910
31358337
15862479
31383394
31710429
15824817
31427284
8128217
15528364
24126182
31357026
8117738
15532246
8127680
15542904
31982873
30732566
31938494
31738682
15538502
15193511
24108597
30747902
8110453
15131208
16109468
24109903
30809471
15758476
31708029
8121721
31434479
8109441
15520525
16118403
15540764
8120318
15514455
24105378
30785158
16109630
15488230
31406072
8117987
31411198
15860219
31389415
8123254
15473911
30776375
15826499
31695682
8122897
8088744
8108204
15856212
30735491
15861691
31705958
31424506
31420319
16129270
15502322
31406772
31978471
8117333
31392174
8119650
15583407
8120387
15520296
8123564
15520470
31363630
8109425
31107460
8153559
15511212
8122990
15627331
16122782
15514623
8114929
15595200
31307461
16121806
31366605
31696656
15510608
31410728
8082816
15827955
31396875
16119454
31345426
31997455
15468284
31430007
7428029
8093053
31695239
8134943
15493551
24065403
16121685
31388089
8122707
31391052
15510800
31716738
8127188
31424900
8125826
15537006
31982640
8101449
15823349
30765127
31997830
31740985
8119349
15532610
30778880
15830332
31683457
15536356
31712846
8128049
15535384
31938313
15825726
31719132
8120404
15556302
24051814
16125105
31403617
24075867
31388703
15534720
15190941
8133163
15508314
24112043
30799529
15838215
23672295
31397151
8108807
31416578
8119881
15532622
16117452
15544684
16119259
15514875
8114681
31435508
16120334
31409246
8115842
15544394
16071945
31693171
31997591
15823590
31432576
8121015
31418487
8112132
31364213
8116656
15592474
8123230
15542912
31980934
24115659
8114633
15601554
30724314
15841198
31671232
8126580
31391091
8117051
15545606
16123727
15540696
31981203
16124405
15799841
8121379
15543470
31374695
15834632
31703388
15826508
15703666
8121353
15620282
31960418
31689133
23098009
30741296
15837253
31426259
16041551
31384696
15492795
31699025
8126825
15512044
8117286
31492859
16123348
31416073
31996364
15515681
31384808
15529812
16120575
31418696
16120745
31417127
24109663
31995027
15451297
31436245
8114611
31422840
16081844
31406938
8123297
15538822
8071055
15534049
31995182
31382589
15560408
15083840
24121102
31375870
16069518
15482612
24126664
15602530
31997024
15490871
31400797
16124757
31373413
15474185
31724426
8129162
15541588
8112567
15609628
31998272
15503033
31718615
31981496
16121653
30819073
15553677
31757865
24108741
16121571
31373404
15830823
31449994
24106811
8123260
15474371
8124666
15516962
31402526
15826924
31633404
8156846
15554765
31378458
15808518
31429047
24114633
8124235
15553610
8121525
15525107
31387166
15824493
31635662
15810439
31413337
31995661
31718835
15490457
31401613
8119571
31430337
15541474
15547442
31996592
15429757
31393180
15856325
31434997
16002053
30774387
31992661
7737825
8093702
31433420
8122941
15530283
8132353
15590777
16132320
15508967
8121357
15597625
31295674
15816883
31702948
15866288
31451661
8127910
31430727
31994949
15462744
31431263
31997353
15479506
30781588
7720612
8071297
31408094
31527175
8090462
31667478
30942356
8134209
32017987
30663403
31685249
31956323
30754832
31455544
30723393
24127114
31328350
31415926
8131817
15519066
8118555
15627719
31306271
8102337
31114153
31997996
15456875
31418547
31403001
15554855
31395929
31355969
15806563
31444245
8122437
15541197
8120045
15537171
8125321
15511918
31414225
8117709
15806309
24113329
8030843
31418125
31964630
15532849
31656445
8128304
31409037
15540020
15183226
8113335
15545936
31325498
16123917
31400352
30745366
30771093
31012998
31426966
15549559
15183954
16072687
15505328
16124817
15510495
8122941
15481156
8136436
15512945
31391647
16118965
15492730
23433392
15833545
15221469
8119223
15522431
16074694
15529215
8135332
15519094
16117238
15598424
31997567
15499020
31732517
8123865
31420105
15474781
31730276
8122213
31422793
8121429
15619986
15321168
15834675
15503030
31983951
15837647
15181109
31994941
15467655
15710840
31394942
15780209
23419539
30773796
8121569
31411468
8117732
15534611
16074311
31683880
8121268
15507462
8079561
15518488
16121625
15503658
31996943
15529927
31716567
24112177
15551890
15210082
8112930
15587887
31310145
15809581
31709826
24128606
15535273
15220504
16123420
15508993
24123948
15509741
8123511
15529129
8114604
15532530
31400904
15827138
31689286
24033420
8014895
31956601
15840481
31402197
8079826
15530947
24110518
8120825
15537787
31937809
31685767
31684314
31405818
31999443
30720410
15493722
31412988
8116382
31414675
8124289
15529819
24110823
31404869
15549699
15522911
8115103
15510883
16118057
15534805
8118008
15512728
23408919
8107195
15822747
24098777
8045843
15521460
31377914
15850500
31703973
16124393
31375740
31999548
15749375
31427276
16133045
31414546
8118562
7412984
31401417
31998827
15504684
31418640
8128263
31415986
31995657
15859888
31399816
8121655
24107100
8123798
15554447
16129370
15500984
8117025
15542386
31376252
8114105
31087984
31434917
31678823
15515005
31720201
16013375
15550334
31725398
16124308
15409259
15501811
15787131
8118062
15602820
24123274
30763735
8106151
31076951
8116366
15538922
31373851
15842025
31713457
8123934
31434122
31996619
15487049
31388018
31989931
15829107
31691981
23728780
15495258
31423902
32012621
15485507
31391898
16128656
31397806
31429717
15807906
31393675
31426451
15822790
31421094
8120524
31407075
31985237
30777083
8127681
31423408
16115476
31425938
8114716
31416657
8125561
31412943
24102911
16111611
15561932
16115951
31365210
8158927
7377349
8080868
31999990
15458409
23429240
15502626
15529376
8130449
31402549
8005618
8071613
16090940
31094422
8107149
31401731
31427963
15829868
31385196
31393130
15197736
31669229
30744037
15140316
31709327
8126181
31431965
8132774
15530370
8122756
15550140
32000509
15497515
31720604
16129095
31415768
8153520
15504398
8120952
8107460
15838063
8120287
15577194
31367832
15831773
31713176
32001945
7730810
31952191
31717476
23406433
15496428
31426590
31997876
31717464
15522217
31394476
16124872
31699769
15542254
31714104
8128144
15530665
32000946
31321265
31402313
15841536
31427998
16124116
31402164
31422709
15804387
31416490
15565585
15489482
31996330
15535040
23414294
15854102
15220098
16121267
31429606
16120955
31389942
8121609
15538755
8129004
15507092
8118810
31359716
8100486
31087378
32001627
31359082
31700573
15497322
31450484
31998060
15839473
15427664
31951143
30728241
24066592
31060707
15545851
7408960
24092373
8125824
15532445
8112211
15542038
16136446
15516575
31974738
8113349
31407565
24071015
31360345
15522672
15198564
8119780
15510505
8125515
15532624
31383645
31712593
31716655
31382117
30853381
30720231
15479805
31686503
15499231
31709747
16118723
31392224
15485632
31717764
24103829
8039544
15525441
31370684
8104872
31094551
8109756
15544473
23977487
31996458
15478933
7391354
8141249
15506404
30739069
31730778
8121605
15518137
8125699
15621399
31308614
8111582
31103608
15531444
15178047
24120382
15495866
8117018
15525312
31990662
15514819
31690957
15544320
31401629
8129275
15524939
8116517
15443829
8128638
15528211
31389937
8104562
7088026
31947889
31396609
15587290
31405785
15547455
31718024
24106877
15643990
15449051
8118380
15509653
31398904
31731123
15546233
15190205
8123443
15580433
8127633
15490543
31364459
8122976
15813623
16123265
15519576
24112402
8122920
15574821
31360742
15847904
31710904
8121623
31438736
8125701
15520733
15553748
15490487
32002276
15366011
31702953
15493176
31377184
14874686
8078485
15855967
15184576
8123955
15507691
23384245
15835511
31708385
24123682
31386697
16131278
15491826
8119839
15622506
31990387
15476059
31709516
16127751
31357462
8150695
30810359
31998684
15500745
31391837
8121611
15558326
15514830
23417154
16116817
31074136
16118817
8086389
31711184
15194436
31666904
14877141
8085998
15839025
15168914
16117167
15509718
24054158
8121850
31426661
16116987
31386174
8121301
15544121
31982735
16122226
15802422
8126938
15526155
31390069
8114612
31092738
8119237
15507252
8114194
15551673
24117670
15531692
8116431
15556140
24113458
31996666
15540539
31665344
8116383
31416885
8080506
15517013
8124731
15596583
8122573
15516398
31393965
7725246
15500948
31711584
8126675
23407101
15867627
15194606
31999979
15498890
31722160
31997955
31739092
16139112
15490320
8115911
15549348
31334478
16127885
31092785
31997508
15843891
31394630
8135951
15500953
8121679
15542157
31983562
30720920
31995645
15749090
31410737
8116710
15522847
8120705
15537966
16002545
8072489
30784936
16115595
15481992
15414143
15499364
31710704
8121231
31392872
31381085
32000974
14947902
15779204
24108797
30792826
15730915
31723916
8127694
31424576
24137262
31373226
14879063
31675529
31421802
24077448
31113675
31997670
15501727
31395986
16136521
31401868
8044914
31408440
31736466
31948817
31084709
15480623
31395307
8127910
31418791
8126430
15516209
8115515
15550819
31984356
30777652
24118772
8113208
15585286
8118170
15506352
8117356
15564173
31348744
31732478
15533166
15212845
32000537
24085901
31734423
8094086
15428493
8114695
15566391
8125372
15542102
31345852
15857026
31678673
31993468
15725423
31371067
15807171
16117790
31412971
8134974
15513243
24125718
31374950
8125175
31421859
16124630
31411566
24102062
8119243
15548117
8121916
15521289
8105802
15533383
31347262
15849752
31719721
8016633
15540011
31690826
15538009
7403681
31947349
15560927
31413749
8113102
15537571
24062836
24112207
31997199
15478963
31408312
16013095
15518508
15568499
15153561
31686800
32000712
15828963
31390240
31390471
31691039
30778711
15512705
15814380
8119149
15568408
8118767
15551258
31361220
15855620
31701852
15526465
31366206
31363589
15864180
31475331
8119481
15627321
31300268
15813855
31699506
31360417
31688609
15508923
31398509
31718011
15535227
15198947
16122449
15510896
31997360
31408382
8123287
15577399
30752615
16119072
31055650
24115578
8127289
15552327
31343753
8104090
31085276
8104173
15478472
8114114
15576550
16116335
15513929
31975898
31984671
8112992
30856334
31321834
15826331
31410157
30785235
16128599
15485395
8135131
15594973
31296685
8111636
31105836
31995054
31378793
15805938
31415680
16118888
31419649
31995888
15517420
15782217
24097228
8123504
15540488
8115432
15500575
31430530
8110031
31086190
8119968
15496556
8013551
31946500
31100687
16135847
15401731
31713769
31995201
15441573
31398143
8118652
31373539
8116461
15581749
16122188
15520808
31999580
15487984
31465253
31994405
15519379
31402726
31989004
15833854
31385239
31715565
16128546
15480781
8115925
15604949
31338891
8115991
31097288
31395693
31418954
24106729
8120577
15523758
8131684
15516287
31402791
15829702
31643688
16104655
31386311
15558499
31393103
16091763
31707685
8130509
31410969
15835491
31406858
8113701
31399772
8117455
15547119
8116863
15528439
16110193
15547316
24104790
30816554
31728540
16082379
31119343
15496309
31737138
8127471
31413013
8124118
15607982
31321605
31709707
16129123
15520982
7707673
8134045
15510873
30786517
8116278
31083438
16113304
31411014
8121394
31423262
8116087
31396321
8120413
15536841
8112619
15532445
31994000
15537175
31722412
31994172
15844451
31448218
8128310
31409720
8039147
31394097
16114446
31387850
15562400
15492569
16114305
15506794
8116993
15517317
31959966
15795225
31421909
24069315
31993638
15495155
31422974
8133204
15506259
31996473
15491066
31430602
16117270
31419211
24118475
31430696
8121710
31408514
15503954
31715093
16117121
15541605
15213903
31695056
7724085
15490840
15770240
31981052
8076938
15824520
8119228
15555168
24129206
31402082
8009543
14937534
31710281
31981926
15827551
15239834
8125247
15519864
8114355
15513777
31364180
15826565
31719261
8125518
31423729
16119027
31415096
31983710
30817774
8124430
31420722
8114564
15539491
8121095
15519774
24106196
15500150
8120388
15528511
31953250
31685704
16033444
15458445
31691306
15550023
31717546
8120785
7402142
31382305
15530062
31417119
16116610
14944447
8122534
15504896
31980859
30815885
8120843
31412745
15544735
24103826
31995914
31392264
8125064
15504381
16112418
15611562
8125498
15521187
31419590
15824313
31670543
8121746
31395601
15496452
31702622
15500955
7708665
8133236
15524988
15459699
24113416
31379611
8078777
15595191
24106539
24109871
15490569
31984470
8103815
15803462
30794320
8114655
31112650
8114843
15539112
16113731
15535075
8118064
15528759
8118368
15530774
31378898
8101872
31069188
31723356
16132918
15488031
31683619
15520657
15190480
16063719
15511277
16088870
15495053
8122252
15522219
8116644
23397492
31399913
24110082
24096602
8127273
15449295
31993981
31363070
31380911
30781980
31735750
16135454
15509593
31696808
15861983
31417768
8114925
31392763
16117460
31442114
8126761
15611742
31316651
31713221
16122711
15529769
8115175
15608462
16116660
15524573
8063958
15523966
31361399
15826765
31734166
8119608
31415042
16120157
31425028
31980075
24010962
15487061
7453894
31417913
31719775
16117553
15563034
8121623
15536805
31365332
16113042
31088839
16118561
31411460
31996458
15840590
31385249
15534102
31703196
31729445
16134518
15492686
31708969
8042179
31408200
8131662
31418121
31422905
15841280
31388715
16045919
14922530
30701769
31998361
15792929
31421883
8125808
15501308
31996946
15482661
31430964
16125409
31408019
8130259
23402585
31390424
16112873
31995465
15527441
31719480
8127942
15526063
24097889
30801324
8108285
31124588
31975451
8127785
31408588
8078861
15498648
8121856
8125541
15507996
31364783
7728082
15488218
31701335
8120630
15490543
31974125
8124015
31397555
8118411
15520262
8120807
15503858
16116770
15530328
8124817
15513205
31406049
15829349
31698556
8123707
31419212
16111077
31414397
16114280
31402330
15507471
31709035
31992531
7732407
24054479
31423873
15192439
8087812
31678538
24106721
24112677
8034283
15489335
30794372
31997650
15063037
15533145
31409600
8114720
15526920
8126266
15526934
8118404
15505334
31389929
15842961
31706578
8130088
31401299
31732636
15552210
15182444
31995153
15584132
31718713
8122140
31415975
8123820
15499663
32014641
15474012
31419454
16130326
30785540
8119538
15506496
8122949
15516568
8121182
15513135
7409863
15828745
15490998
8120529
15497388
31412772
31736402
31666909
15542424
31379271
15574104
31718373
31996417
15500862
31390786
24116381
16133870
31402809
15832416
31405529
8113587
15498646
31993435
15483935
31434789
15570458
15509400
31983937
8071149
15814537
8129430
15532130
31389696
16112002
31088964
24112937
31996261
7417361
14963305
15769424
24100281
8121797
15531682
31389645
8104656
31094495
8113497
15530686
16113894
15541636
16119310
15493058
8114319
31404764
24085622
31387226
15537389
15188817
31993096
15485101
31426223
15527627
23700940
8104385
15821795
31999430
15425760
31706500
15556854
15189904
8124411
15508240
16081272
15512185
8125152
15488321
32008176
15533344
31704512
31427699
31697255
8123582
8126729
15615191
31285820
15816081
31722433
8122116
31407691
24119234
31395199
31438711
31720690
16120642
31389754
15506925
23688623
31997802
30829905
24073829
31446419
31716899
8130194
15415888
16113133
15591892
8120466
15523086
8080852
15580001
31324771
8110825
31137436
