22709
63414
76051
77507
118905
221109
58862
57445
144232
107300
12935
118877
140535
192323
96249
36984
56797
151789
58347
164497
112257
66533
29592
53695
387292
459500
376328
394009
179071
178252
83332
241906
441296
462992
466069
186491
455303
119903
396252
143663
437652
186697
207592
491346
96189
209631
446020
214502
258388
215229
245250
357806
410106
248811
254695
410801
219995
438618
454682
96435
225326
479874
76509
346896
448871
316629
80518
215626
126040
248793
440978
424870
200572
458304
195317
231396
253747
169739
135334
195275
404910
155321
437109
265001
176997
361297
81916
238774
118342
165488
85172
200782
423072
426314
407743
376259
246962
176489
449058
185037
183882
387799
88688
203446
253651
242622
188107
454836
111077
492307
101320
193122
221155
83703
367104
181266
320741
98642
198915
85590
214884
415175
255035
408313
344489
378307
426699
443175
231079
394179
327020
338741
181754
455996
319177
232664
244839
381415
302961
401865
442407
120023
247144
311081
494893
215034
390841
497023
444043
133397
178239
335286
439927
219469
91613
407848
160226
518390
222528
490900
433734
85710
70148
245878
502675
270368
496309
355699
405251
159457
369739
230264
302713
432150
473396
124650
322728
377404
452787
492657
176137
478784
450336
203701
400101
366365
399352
214670
433682
371090
281479
207297
150736
105616
245163
312860
92718
513288
383878
250491
435865
466021
389477
110247
396020
357946
314988
221834
203516
124838
160397
231858
253694
513269
227483
447025
87992
420505
97434
183139
441313
128348
232393
433572
229723
153087
88286
379933
496146
182708
236042
200833
371720
420221
200799
460454
252679
168024
187706
393271
117084
346787
474669
265414
159668
102871
191174
373296
87311
322078
481302
344402
230374
231300
115834
221069
78134
212162
444515
223683
156194
448912
157955
373327
198844
229855
81047
244515
401945
244571
399113
164192
385235
418016
84669
273722
435050
147111
91440
199201
154564
151324
435541
351029
401587
214747
81060
261561
132390
202126
201235
202555
487621
275686
190083
235167
367208
152256
434158
402258
361044
196581
380043
131489
446069
456412
388124
277215
219165
440290
125665
192484
99544
205816
497979
455425
160121
385202
74207
329961
479588
213337
380800
314594
402584
171097
454329
379555
266714
202493
335147
219442
213117
183696
422897
262941
314904
118820
212830
392746
89820
477663
234958
456798
79962
193997
182386
181757
214689
237741
267465
117873
157434
485727
182290
495226
115155
405452
79712
202195
426763
198770
347307
119674
514836
161154
303916
85679
398876
80478
237266
163234
206555
210992
234951
120908
419079
371143
387353
385756
214295
441313
424642
409070
277890
483844
71717
381897
183997
433159
97215
180021
102708
160619
77615
150310
324878
247761
469185
108592
342478
351674
85409
178367
222405
220658
126271
222079
478467
388437
402803
402422
442093
413384
202068
441487
134821
255195
101319
199593
262746
179625
89704
340996
433526
243518
192342
513731
375506
79421
219500
432560
168033
423446
121215
233437
116585
157989
334414
396700
113090
477122
476684
219622
433583
228839
404506
240876
401604
359936
416571
192512
220164
422326
401330
188473
420962
326649
338962
320137
176237
239463
124295
191390
107679
437901
225843
198386
94787
200586
253198
244629
450599
340441
144526
195504
187880
159332
85546
148578
79270
429742
446728
116924
245140
265118
277703
133146
155648
391244
212771
403114
266031
474736
203876
477732
366477
435272
163991
355382
182823
406265
373935
84150
218213
167199
458012
294451
315168
192372
168435
161275
243440
106615
268041
185240
201692
160669
154736
394032
234938
482779
85057
412229
85505
80992
193702
77073
238061
437600
188144
324993
67038
421878
68743
221552
307046
379714
211153
425488
138453
455199
72691
203420
416401
131885
469974
327479
98586
214652
86080
390070
100762
247004
68760
168104
450661
96189
311531
84589
164021
371668
432341
211279
411986
140451
441460
230132
450843
114666
196080
104332
177525
100671
157119
406959
448518
378450
380124
86407
486917
173448
327146
238250
355355
383643
93378
222672
134247
171451
87456
164129
373155
266422
443360
88147
337537
127495
241785
135179
170030
291770
213136
102506
186374
219867
205837
299687
200344
246139
170258
74235
173446
108349
222088
432399
220172
389488
295599
454522
228197
201040
158072
449603
234282
375431
393048
249467
194893
408864
256292
348375
297596
163330
183999
116413
250675
404722
391614
448806
333313
183643
406692
113937
219152
94678
199574
230389
203179
104627
449253
120922
387917
410170
232536
214225
258129
206119
404949
69265
192840
433709
211455
399326
333136
107615
195042
98766
141306
233221
425211
248876
429576
109130
429335
521734
222322
90896
97546
157138
335580
278493
513921
248066
176811
180660
135982
213999
473478
502766
258343
170112
454599
240447
423205
209063
243467
218700
442440
128004
267121
518597
83073
221889
441196
236399
456124
452943
359364
464738
244192
429055
70977
407471
392635
72536
174538
464146
133598
392464
85018
174660
118242
161450
98209
115330
279394
73070
382166
206295
361274
371644
238259
240502
111869
251217
153788
168894
370605
219977
438389
288934
247596
168539
201716
303443
137140
219001
119733
161229
358570
101960
209691
191165
262486
290566
421101
410585
125120
218645
190569
203914
228945
204173
422044
156972
401891
447682
175152
492821
95967
210638
384737
380994
412567
533785
367881
403209
440815
192111
147921
396719
460564
449403
241527
414196
319098
194042
183887
294201
105203
196175
75058
175086
391117
160627
449908
86854
431815
198698
139506
366532
402193
174870
396903
245650
382399
83017
416537
282125
233121
224136
125023
237664
204260
181773
414315
189002
454197
135563
205545
79053
199783
495592
88593
243108
101225
399391
427790
218247
490194
359712
410756
196411
416857
79297
360028
282209
105522
175985
244384
201980
238210
90404
381195
168026
369478
416317
522047
256489
231415
426957
81067
371152
151392
404631
86941
440538
372624
451117
119632
196085
137032
185104
492094
241213
451489
125486
380447
71026
400767
79001
503577
305275
277392
309681
119364
160780
515768
419065
214741
493087
306731
272988
165683
247520
104192
211878
410203
221801
383055
402002
134758
159359
75755
242544
355636
345011
239147
402026
174158
439108
260421
104776
230530
178937
193623
101858
219838
234597
371979
90922
428750
190710
229824
97860
321359
308649
220429
220226
76771
233880
248365
122220
202794
362080
415536
153090
454387
118865
431184
125907
175872
106625
150764
177206
202416
413749
276659
183797
386204
437420
334616
374671
176868
376104
120071
182997
128267
395440
129664
178336
311932
376907
449013
202109
417825
145690
343244
311452
184937
124902
210161
348948
324522
252068
409196
224167
423882
519937
208824
400132
384637
190293
406664
367162
181894
477697
235713
459738
132540
215196
253434
90610
193378
475146
172207
380598
220326
186914
116918
202992
360251
191202
463466
365117
123455
238499
507862
208591
474351
368372
97268
175260
88759
213278
382206
243336
158891
439768
167809
466412
201025
444836
233579
404206
150619
425817
427998
278063
175507
247472
389599
211764
437866
104053
206055
117219
178944
81249
234872
430094
437883
162916
378519
88845
255660
183585
449087
109586
493426
123964
166729
76796
208409
80741
243257
455685
144876
157528
427508
107584
406128
172475
123143
188018
228193
479729
258638
350742
111743
187957
196990
403717
406681
442906
165710
170958
96887
161548
381809
399821
104843
364269
89394
191339
495800
366023
235424
392579
263615
366424
204188
398626
125660
235596
133075
174004
496885
403303
193039
184100
87538
155076
412898
493221
167596
366799
253621
400799
312996
399692
183811
445145
475537
158983
81776
506794
279339
375437
456251
201935
371961
386891
163580
179686
259921
460973
162109
433882
391832
129564
152096
82153
158771
424426
438086
154197
151461
316772
132472
247448
375901
237501
355000
289989
185994
436506
85283
211024
84485
162862
242341
212911
168066
382314
179091
356848
176868
218629
506271
161789
393507
105320
160329
77713
367341
258970
346490
275220
242608
357841
456115
241049
384765
328756
250705
232401
128035
242842
452109
235001
400303
169487
377187
325664
178007
450263
111372
122014
132450
314880
160472
85885
184306
338734
210249
387344
406434
153539
393997
81077
171530
381753
147038
369711
379008
452420
406880
424516
170079
170818
468289
203317
399757
130067
228559
360038
255639
412422
248954
413198
314229
105542
240805
461222
166313
339613
143134
466576
187300
433457
334555
240289
240950
203287
234605
262643
234729
101297
152546
344113
450424
191082
417772
338246
93986
223823
132133
310935
114282
191339
253341
166654
94384
147488
348893
179583
380812
330878
237233
241891
345701
308144
237702
213784
393812
95500
422308
389585
217760
362516
235268
242672
278062
399092
305753
523772
494639
195169
510663
363278
220805
420010
495685
204874
354876
222404
356612
75697
362330
389798
113818
198404
417154
445831
308101
196504
138920
451888
193115
379343
435663
441799
86014
434638
236474
392650
96563
161557
167375
251133
90717
237124
123560
185012
407037
248054
428985
446513
405861
214507
145173
452158
107662
152603
188844
247482
254383
259055
125148
213016
254655
497867
149376
437547
270171
392423
76511
429876
387720
194080
381117
145642
436899
391076
215965
379510
413551
240522
403544
442527
187744
438347
214239
497856
117451
380788
217218
226668
169202
213794
108117
233571
141045
449060
79454
196233
249284
217527
107567
213566
399384
225880
494621
459705
219306
172473
115172
210524
375339
245409
381337
150239
393671
234048
407779
102498
192319
292639
425683
119219
314228
79592
78726
443616
405672
85284
259796
361687
364148
168524
425823
246699
381173
80049
157906
258386
217012
194652
220172
130469
236245
383910
161659
421983
221726
307987
94419
445305
400349
281975
485913
131809
241811
97628
230652
397183
74611
380933
369043
434790
352566
456666
110223
246201
82874
228645
90122
434908
80515
197431
520104
343314
262989
196617
187133
98279
209722
481234
126032
186681
314157
264466
346524
245598
421289
233014
517444
191910
364373
368265
382166
239444
440172
72924
212329
340984
136602
385474
76000
208225
83617
160852
135945
181053
363459
312505
460336
169245
341969
227924
413001
455408
151599
454665
233629
384158
86102
173848
230082
242216
440795
471348
201247
433013
136988
418691
302270
320865
169341
402877
91146
225830
420555
242208
370700
81596
247537
372880
477356
195069
474405
451044
235663
112844
153872
213451
392567
129566
261180
216590
141767
230758
244332
207975
191018
118928
213505
482071
231228
492053
230921
153817
89086
252791
398559
207515
369607
123031
400522
414738
421242
222198
461377
106947
375434
312893
504684
70028
222965
280115
87022
190598
505123
135823
495695
83297
239317
206982
385920
389501
111741
206864
237880
81415
208715
129454
175459
393669
70500
343645
187695
140039
341093
334354
472271
197592
478029
397428
391078
391438
207303
243986
80661
192475
446655
180694
493162
386918
233216
328171
90094
161543
83583
248922
121805
227305
384296
438014
228058
346261
346756
107801
206859
106539
197958
162461
260240
110570
425595
186629
336909
182784
422774
231487
75301
339634
175376
183926
188941
246853
134105
181219
234091
378703
438868
317625
214035
242255
417263
249171
404529
111345
430327
193363
416330
197492
446284
248076
191739
423126
226788
321909
421395
226278
115404
443343
222221
386452
367774
229935
71170
439681
433135
97895
98872
249505
373673
95717
488406
409877
192039
201703
460047
433861
207234
175773
84086
230545
109200
183584
489181
161292
511009
278421
401406
216169
475803
126603
150755
481956
440292
357113
174033
386391
77402
193409
435143
374310
355548
115849
94243
219863
288295
366431
401040
336379
383737
137603
487623
316792
126604
158462
132131
201044
469383
187777
375825
105324
404086
217563
417633
401565
108251
190599
325511
350855
207490
389113
333024
203495
389301
79971
239178
241508
154661
416319
219662
443029
118262
117089
140028
115934
247969
497720
212222
375518
166372
475098
465742
171481
412606
104922
224230
417042
183131
400996
122062
481225
216304
544752
114483
490125
329192
224783
391678
210559
425138
93046
392310
100840
109180
403359
432042
221428
198936
131464
239080
409417
394215
108916
108398
199950
162276
87032
240421
274209
410266
214810
320331
438892
142038
335391
414423
187472
404699
337815
371285
408339
204350
336076
77246
154543
94463
233035
452976
234907
392860
90669
525688
110412
220364
230426
416847
399667
250412
380148
225620
199976
161633
228119
76590
180047
502448
403402
100150
248487
203975
216816
76619
214415
411287
202539
387512
423321
187897
362595
391070
80966
184551
373476
129179
209725
318696
222852
383562
78774
384240
249598
432235
85034
192464
391482
352151
175516
216130
115564
77282
164414
234426
240276
84437
197849
204130
243192
76053
177198
100521
241577
237242
358588
219090
546655
755064
374000
738920
378728
748489
184892
757703
382660
369957
378290
366900
761718
370261
737613
189548
739783
380063
732756
555778
379224
729261
371874
345584
721252
756063
740411
740294
750980
369209
754767
562381
358065
750774
368273
729009
759362
742593
377063
732960
363113
749485
185966
725953
194797
361991
369039
363824
374924
366743
317954
341143
561400
572642
733311
196494
340228
361731
726890
753102
740342
549763
340257
745607
373849
378556
372828
757036
741222
355573
168748
753307
749694
188557
374163
735907
377432
724654
731126
765033
759912
383182
383827
757075
375077
753589
190335
733417
184591
365308
752991
358384
742190
556872
731708
356497
346608
184006
736842
176126
744535
161234
191390
740597
388293
739271
757943
356587
354750
365327
578394
370161
773069
373727
755065
376908
757829
191139
755067
385272
364840
192056
367055
749020
745635
382617
776717
376585
755536
187633
757944
185174
350650
736991
367662
742274
188035
731251
356819
371877
186862
366193
740136
376215
737992
753950
752391
376951
748469
367666
744056
369123
747964
556197
191403
723379
761532
358128
481267
766694
362579
737921
192374
359435
381940
356883
189050
359105
749459
364266
773210
359436
747532
193346
755123
374378
755456
376294
562047
746285
357406
749089
555317
195801
175183
182894
714592
195179
729260
184383
753059
741558
754922
738561
185216
366927
193570
357630
561997
361685
755789
371233
740609
184277
375989
377569
359543
191242
732658
562784
378310
366697
770742
364852
356527
557996
168611
392084
352784
753963
384361
359986
758392
183068
731070
363113
746273
179037
371396
352547
194344
387204
386082
750194
762769
376995
732108
197790
734732
194228
369846
566022
747006
358520
747438
187987
741627
359460
763798
375479
744271
726982
188762
377049
184887
364536
563557
197188
767084
374221
741248
756601
182029
737812
731710
358160
749822
752164
357357
734682
380930
741042
185496
735392
345327
745336
369108
376273
186249
363299
742021
763781
750413
374050
756396
183332
350388
568314
188127
372132
184805
376795
194228
370289
754061
185033
747201
560977
191511
370708
194425
373010
723009
383882
720252
188111
381561
713361
763336
383067
770915
732953
772151
733112
732239
357063
743896
376475
740218
746668
188005
357998
187893
363725
371783
361242
759710
375308
751242
368121
745860
766090
164033
193538
751975
748156
171947
758350
378967
751226
195825
749439
179171
364917
744565
189594
552125
763610
364487
743877
188841
380523
750177
363317
759738
189511
738836
359602
351511
763635
389053
350553
187313
752129
186242
364793
183684
366190
744170
386058
743423
390339
749304
754019
370460
747849
183957
366263
197880
356282
190406
360996
743073
190818
159072
569872
369112
381244
757238
740556
751472
363253
379614
568198
182764
373909
745416
373006
364654
748131
190330
739881
181962
369212
580568
189469
367264
735746
770054
774123
360092
736777
376424
355921
182288
358302
191606
367995
741966
189475
752221
746668
734222
367998
359069
754701
745784
382044
757075
186592
747051
203570
185617
190401
363801
712143
388153
733232
203034
740160
366834
748751
349278
743497
371683
753759
752809
374596
361084
385565
362638
190569
374361
750367
194869
749297
750957
172906
758716
381582
731810
382734
364415
188295
366277
732153
379878
744147
370797
724551
776234
381603
742589
186030
371671
563674
184938
730800
734906
554267
753455
745307
747126
753164
354577
755948
367175
743342
729214
189584
182370
741186
574013
180191
757416
385063
750633
185540
364416
191292
361578
753226
754805
178626
762938
345147
750488
196114
362595
189090
363823
759294
754021
382336
749703
189286
362595
576594
750705
577661
389605
366599
190686
365519
565316
157692
366344
359326
570297
747014
197358
737482
184915
712896
728159
186333
735034
758563
350289
738268
760141
371705
735512
570818
193368
382909
191986
750615
757096
760029
351072
738590
740069
383770
734955
187606
355922
753886
724090
194652
732158
193996
759780
386784
372077
195289
361153
741317
376016
747309
366242
756685
574920
737332
364071
735430
184489
176352
188323
735938
372113
743862
188621
729268
363108
773629
191743
365235
761930
730086
370661
363992
765441
725658
382652
363974
197323
376953
730683
378048
746173
575484
573387
769989
740646
736889
376489
365631
190947
744529
199676
191351
365410
186106
360834
188029
372810
371138
362286
372017
557246
193210
368614
181723
747024
385330
749986
573830
193118
363582
191634
363462
734716
753981
364721
732631
587542
749997
372199
771856
196780
357111
746248
364304
760302
184388
744522
760097
354671
365312
749451
362391
181589
367278
379942
382348
375490
192472
372615
182614
355058
738016
379889
748962
195886
745482
760479
361736
367123
367953
378685
381320
372061
558831
739016
361645
366522
750442
367169
754087
382238
748981
359644
754175
374637
732307
730946
367771
760801
575167
726845
746186
745027
370913
744415
192523
735291
196756
367333
189294
368762
766890
741545
380138
766963
764961
762534
737885
378385
369930
751316
373885
750602
185422
747327
181698
199268
741189
569190
185280
360651
581050
742153
182160
369642
384799
360480
194076
361993
738560
378925
363654
745678
760358
351044
736890
766534
379970
352544
186308
742444
746749
739074
365544
748301
575363
566514
380655
358374
196243
369930
739113
370985
772093
374238
355133
744400
367098
547269
764576
365363
743154
377938
741584
187205
361150
373312
185731
756767
363958
757115
747651
375265
765748
383430
753763
189199
743862
378973
758915
567927
731117
761449
185556
740276
755439
360672
729494
177755
188013
733846
187268
368874
551971
389107
745773
195613
368013
195965
365063
194326
356382
749077
759443
358953
747181
569442
740346
363064
364261
184057
362852
740140
384990
744251
361490
752867
188275
730413
190786
364296
757808
354351
745465
580445
377087
370810
758641
196134
367448
744206
362358
363563
360095
753470
194030
368892
568422
735760
742436
344862
738633
364137
365601
188431
375071
749169
363746
768320
758110
360782
712218
364527
742553
560222
767417
360947
750046
373111
741119
748342
737221
187905
760673
371575
748118
376810
185518
746846
575681
757509
202187
375466
711836
379928
736583
371972
734957
186141
372191
762415
366490
365905
564819
734035
372905
724612
338192
752062
374633
749981
187537
371578
192691
363748
193312
367120
741575
384659
727555
366876
358112
383414
188155
366529
385997
363929
564857
186315
363379
182577
375625
740902
375259
371031
354169
356273
191242
368413
191223
360160
732488
755398
371961
350960
194845
366959
179484
750340
384027
367763
376298
371900
185333
372617
180606
357802
753499
376739
744828
359987
372252
734703
193087
749778
191638
363430
734048
173310
740789
363644
358056
368650
360020
376687
357623
182229
367544
741756
557487
739313
376890
559725
384012
778740
364508
754937
766474
189265
368760
560726
363009
192525
363073
184183
360965
749346
730049
366632
747910
369261
762809
740684
198291
374864
385029
363419
376742
362888
197837
368337
752021
758595
383697
367146
743700
197133
738978
186206
361970
191204
361596
581370
354436
380493
370018
382488
757968
188463
745782
748210
366718
762948
188764
379511
765096
374242
746566
388087
726889
192726
737189
743657
379291
372806
180518
365946
735828
728394
368524
749815
359238
757978
753047
364698
734456
594006
379903
724491
385654
742439
390494
748560
191725
742514
755434
770254
382694
751522
746403
373808
724965
767500
741961
368072
746310
375418
365281
187480
184139
372554
748715
547221
379788
754409
741782
749491
365164
744145
577825
570284
371051
738702
182853
757562
181861
357786
188861
362273
730453
379900
763084
184058
366011
199996
737944
181165
380429
187934
734807
194487
365956
181584
358957
739569
376163
579798
374900
739934
575766
379329
363573
752329
368973
737451
377646
368529
361517
749106
364334
748915
186440
741635
388419
741254
755397
364540
746874
192367
733517
749907
382643
365432
765551
185350
357250
565406
190844
358951
735122
191290
727487
558305
189366
367256
379136
364038
752125
759744
187544
347396
374041
540633
372089
731818
574001
186711
361881
194775
737934
559494
578556
749709
379756
359900
767604
372336
763706
554102
396993
370466
569589
685939
47493
135547
73260
117354
145606
60404
127420
147841
139271
128011
58550
67962
71966
70974
107045
125289
133106
33397
148331
71462
140745
118605
70287
142002
69532
29010
50902
139333
70565
141739
114905
70657
71421
35939
69352
51908
66334
37330
74719
121759
70693
147202
35709
118223
32522
70029
122254
65736
145355
69294
34113
120094
62368
104592
105435
70685
69169
140511
33052
120374
38147
146672
108801
147642
49206
66292
148244
70818
131683
80744
73638
75595
27960
54633
111182
143647
21934
122173
143070
108642
64277
51179
34928
73552
75652
72675
145865
118396
69040
122010
38524
117083
36644
63868
125078
144325
33657
35442
127183
126017
68846
126401
32813
148903
37391
72994
35968
53415
27715
53266
135476
148226
71897
70359
84899
143122
37600
73255
37050
71898
137020
125783
71134
85175
142241
113623
36541
36455
70910
131189
135339
71996
86314
143792
37402
144785
108488
133120
80815
33922
70810
73898
71014
32659
49669
142968
69675
113137
73075
125013
63441
139165
139686
68737
130440
58373
143581
122704
50414
70775
75230
69071
36585
65490
95421
31689
146882
72521
142645
36352
67369
55377
148767
148768
113444
108982
144506
95025
140798
70994
121788
38130
71725
123989
71200
142350
35234
51909
103299
38098
72886
132901
137505
73827
120239
70626
72991
148161
32126
36073
146535
87164
35732
74881
76123
71742
31189
49842
121120
148737
54801
65032
115067
37158
71560
130594
48355
138953
65041
97575
115859
64550
144636
35360
69492
32055
123779
37733
50027
34950
74264
149346
69803
142065
122930
31888
143967
140753
110077
116021
67541
143027
60736
133108
141007
68383
68116
35265
49736
32915
149554
37233
71761
35717
70195
118640
139498
72373
115073
123269
34583
125578
88107
149189
49090
116732
135392
124026
53545
55030
29977
33244
24907
121943
142397
93455
55798
146236
56676
137414
74456
49960
62756
148084
70674
123200
66747
127860
64778
148384
116853
73378
72016
144504
68184
138044
126118
51890
137275
36773
142202
142329
65074
47965
101207
138198
33416
67860
71017
36684
58880
26049
32942
70272
74473
72121
53958
65112
74288
53448
65367
72883
147974
68335
72530
69658
73302
20744
57611
119263
70688
145173
107432
149714
48316
139824
107996
21693
61309
75289
68279
22638
64418
150317
72066
133997
27249
67443
37103
120267
71392
68993
36839
47833
142210
35119
69764
70839
85090
33580
74659
148429
141771
71310
73206
46784
138956
36019
70136
139896
120251
141388
73353
122437
144720
70089
142234
119562
70613
147187
36684
146435
36805
74396
23725
119383
47729
119159
122201
149461
33470
123156
67721
120146
38287
72149
36678
128868
64738
151185
36933
140132
71312
47898
107057
148542
26734
114726
123262
147827
70809
118033
70914
150578
37539
145660
107622
45837
86477
111098
118745
72305
54388
102105
151026
35756
59023
19874
64876
70922
37008
144913
20609
62037
37129
35906
39046
148799
72078
135106
21442
60038
35388
70367
144163
117395
70512
123472
33427
149348
109666
71428
65825
51957
69455
37610
72375
37037
71497
142983
36135
116702
33487
69044
36004
70387
35976
70586
112666
71326
72131
143412
145684
48210
145648
37673
144644
21056
60316
69779
147080
35950
69818
109414
38629
51878
32670
71212
28055
54008
144175
123838
49134
136445
36864
144161
65404
115429
59657
119427
143456
27299
56826
35310
110536
150335
120173
108799
72292
120852
35898
30724
151655
142998
146333
49272
63546
146590
90230
75753
50709
148168
24139
109504
34727
74453
27949
51071
24179
67249
149415
134931
56898
146136
75122
143047
72958
119368
34685
71746
147519
141194
119302
124306
150727
144077
70164
68724
117225
71895
142738
70493
117692
26819
53343
67390
145350
143481
58612
121959
36302
144043
107671
144946
50088
61558
36772
70807
144816
137908
88415
33470
71291
110575
147335
72859
69213
105101
71459
143410
126238
125549
67134
135867
151892
69202
67937
21488
20827
27198
32705
140409
35489
69860
141906
64699
124043
37227
70628
142387
107374
111634
147285
134255
55545
149072
75023
142222
123320
130691
30187
68157
37755
71664
143952
31615
49290
140424
117646
71597
74652
147061
56787
59191
23200
29174
34412
30139
57157
145472
42568
136920
146871
69177
68626
110635
114301
73381
149600
73413
129651
25486
33129
127877
109738
149192
84271
72427
72161
72886
143342
36093
72772
22103
47111
31348
67828
145690
32529
120613
73933
129191
51755
132338
143437
35014
48252
142151
144912
70382
71046
85466
140126
42869
131978
36426
143556
68294
68324
36664
61578
118608
21653
127986
72962
70855
124584
70118
149245
22639
59861
69636
146921
69487
125905
25754
31555
144424
68268
142705
117884
68762
71169
74463
71046
35498
70008
62545
55082
72040
71197
73575
61747
57342
69927
36145
72199
37167
70384
142981
128790
65471
146690
117115
154574
110657
36323
72496
118244
69815
146094
71573
143122
21948
136306
61627
134818
150809
115985
35706
72301
117482
74721
126939
38947
148352
65710
143225
36760
51356
33100
70670
76413
72997
36934
70940
116922
123192
72518
140128
45607
128299
70074
70535
105801
80900
69040
146269
70476
129904
20330
23135
140512
88956
35934
74482
148887
71216
119872
147759
36680
71240
111689
72097
142243
108336
22292
56661
71300
122804
35725
75911
150519
70937
118543
146166
144139
35846
58928
27248
66685
149954
36673
36551
50441
64123
149206
71524
140488
47097
45154
32492
59854
118920
134920
144876
35381
69064
140993
47645
140854
85684
35479
57394
62729
128803
90878
70634
75816
38553
67097
125703
120151
70582
120889
152298
69852
117958
63617
121234
104386
67008
58702
130696
70381
141215
35702
46481
32382
71794
37566
73836
121565
51263
122262
31487
141791
131040
59472
47310
68412
72528
37267
72185
144678
73443
62573
125743
149882
132328
108741
70276
122441
72753
71867
126027
61981
144358
32898
105474
104067
117710
149358
127715
108798
117553
72143
72550
37435
47004
140221
140679
35158
140769
37281
57788
29770
70208
38283
74244
131597
128971
68384
140175
85681
32281
62717
61016
73594
152080
143684
70139
50410
144737
72431
110917
71642
116000
26972
56188
115631
51848
139671
135735
49378
148346
90156
32263
70602
73872
71646
36080
69582
36921
69872
116753
36883
121245
146220
146360
117018
150398
70726
133235
24581
49119
26006
60422
140265
23742
135620
33754
123033
142886
70489
145221
141842
49410
67064
74915
40319
64486
51305
131743
52255
145052
50490
131878
29230
68307
37879
73436
36695
70483
122533
53096
136913
113485
72086
69605
71241
133386
45902
90777
70024
36126
69651
142234
118869
69949
53799
65896
73856
75053
144706
35621
143446
124385
71309
122241
147294
72872
125921
31492
68707
54824
64412
35741
70948
33299
50227
121978
137884
56770
72321
151223
140647
70657
118421
64929
24799
57190
58806
35420
72164
128468
131564
141825
50681
65892
147838
108361
40630
58591
29715
49901
119124
148052
143286
69393
44829
31814
70623
146817
35897
127552
25408
64078
37229
70655
35420
121158
151145
47436
142573
71256
52017
143173
71793
103631
25806
131392
115015
94297
60760
122833
73606
146759
69775
119261
36537
73739
37349
72152
28504
121705
72936
71342
122647
142960
71925
144193
108834
95812
144746
71156
70651
36154
47720
135617
62652
129776
38007
110904
139295
24348
139868
37367
121976
37972
146463
121447
54485
115516
35664
143152
142965
68936
125010
107742
37086
145536
142306
49359
114729
34193
143090
70180
141186
119049
142100
35959
70731
22910
136656
145068
141428
69562
52974
29723
68096
36765
73096
144464
59217
132844
70898
124072
32717
70928
37775
73387
36755
66609
71872
147132
85713
66476
71293
115100
144945
121323
143469
51476
142376
146412
118594
56407
25146
90460
27174
52888
143771
115964
143982
144262
69341
146902
120370
73970
145706
35426
69922
98419
130578
71980
146136
36516
145277
19913
135232
71331
122395
32919
145828
73138
117122
37833
71886
89795
33680
73675
137404
88941
43840
136709
38016
37087
143835
35203
69456
75446
46901
102591
111403
36535
51409
32005
71134
71818
123492
124954
37637
148411
36734
69712
61248
57045
119576
68618
144231
56977
122982
151706
71959
136847
62546
53280
144289
145771
118625
68313
72506
149170
68806
126754
61903
145752
51471
104071
144912
108289
35762
117882
126303
60451
146090
67818
91351
24512
139007
121260
66684
73968
36547
72043
35756
136206
86974
112369
72597
628
144900
129810
59912
71217
35450
111334
36197
64919
86082
92872
30068
67443
149303
69756
120791
120374
65241
147885
117952
70998
147450
72203
119328
142100
146625
70277
122056
34031
72377
106716
128617
70091
118004
67439
144563
139852
110073
35632
69938
34136
53931
152301
123937
50609
121701
105763
69481
70087
71991
69549
72112
54934
99120
147233
112077
131678
127807
128299
111233
37371
60778
101047
115112
36494
71077
35893
69702
35504
42350
123050
74768
138037
136210
74691
71091
36675
69774
142083
19888
105188
66222
121934
34111
107456
35244
69774
118377
37317
123402
63619
151904
37190
119459
67752
143625
87555
145145
47343
65311
29637
54827
35769
74665
149597
36295
143639
37132
117144
36336
72796
36935
119142
32949
69911
130147
145682
38108
61846
137082
31092
56849
36562
75948
132221
67679
134071
30875
49325
69630
59547
28901
49249
120679
148665
120649
146920
65920
68035
61036
22153
64397
145170
35756
117529
106035
36099
70762
107502
50210
97188
142422
67722
115046
114825
113847
144964
142275
110590
144204
131642
55357
119375
35683
148548
135326
57462
148523
36911
141654
120724
53221
68730
123263
62546
143581
35873
69844
35163
70015
36111
117792
34597
148157
144704
32370
67465
120712
37593
111614
145704
119457
64312
114503
63477
71126
99503
26113
67060
149401
36640
141156
36154
121483
71061
146022
144800
70032
57823
58367
144520
35835
69486
114981
144242
70137
139982
82974
71203
72267
34659
145077
48533
128436
59906
71459
112316
101585
50307
28014
122467
36424
71062
72759
69302
35941
69561
26104
54862
144754
37465
143121
70058
120192
123059
60796
72914
148637
58796
133740
37939
123394
36354
51682
70276
74773
38422
73984
82276
137693
72782
67797
140396
36698
57040
52608
66309
70710
48159
33002
70346
144890
35179
52131
130062
31209
34000
37360
73275
119430
149597
72602
13148
130369
36278
70783
119206
61981
127052
30167
69755
38669
74664
108300
61161
143347
36515
58316
58583
59358
21154
58344
147309
70410
142630
35296
118401
64426
70926
109655
35823
70290
120459
143218
72856
48544
34177
72635
37784
62426
135614
151208
141429
148827
24858
132057
120832
67755
53346
34720
72351
131849
25295
131338
36432
42843
154436
113965
52226
73059
28948
158849
143657
90734
102226
30224
61751
115015
29299
165418
101245
91994
78900
109307
42282
88801
204752
60492
117250
119951
120133
71490
155798
149114
127243
74912
175604
125853
95696
74917
54798
80782
107905
167556
90489
164541
100861
81151
36998
84636
98370
46115
57006
115504
124984
76542
73592
22486
29468
65373
44756
52175
38399
80056
183663
49492
156403
42484
185038
30058
144447
80949
69907
34980
61785
175837
110398
144979
114558
35944
60953
128382
135839
60195
79746
40750
80348
68248
35055
66839
30370
171344
207527
59016
69464
111908
133569
44235
78723
84679
149366
70561
130470
30948
165517
48550
186524
44318
73214
34593
71493
175530
195497
64161
153313
50083
92872
145918
115220
30222
68448
144207
82667
45074
83719
61926
23327
60953
150350
43778
109154
139055
91460
65453
118608
164697
46919
158724
71051
178645
72501
117696
32670
70188
122168
28852
63103
176185
32271
150620
94387
99170
123213
29592
54931
103431
26045
59643
135269
120525
84950
40926
91390
165622
58614
30294
169437
50238
165590
39401
81379
44852
50489
161743
129360
45315
85275
135328
30142
138024
132469
128468
138472
63392
59570
151989
55159
140566
130103
67972
85175
198664
56458
107694
64017
70345
121660
86170
70671
116819
67161
180299
92771
140047
118382
71826
172243
28695
163131
44943
75197
116261
51505
77248
43202
79491
144885
65725
117481
37441
77945
44806
49439
152053
91165
158947
176235
92189
119665
30322
64480
136187
79203
160260
35518
54158
124223
69381
128603
148931
37772
145009
172675
117932
159587
130403
79724
79889
201154
18455
58838
59378
69136
34737
59287
42254
76202
116648
136034
53071
146327
76413
170633
169155
83572
58672
31336
70702
85832
32720
76259
46161
89750
128947
127757
88695
105681
53935
59124
103607
38629
57465
138758
40318
118262
29129
59102
34861
81132
149822
74584
143378
29025
50373
84611
82109
97374
35262
73545
86447
90385
184271
45534
111375
113492
72321
155705
123503
77067
132088
43095
127984
68808
159930
87725
168502
82294
129965
35202
122744
76453
168417
46807
103329
106832
65027
110114
137939
48083
78885
156037
83848
161268
75038
182906
53371
158810
85232
84056
114561
31768
151451
90196
195244
63336
71529
40738
43623
125410
71654
28117
32572
71518
52015
64983
80108
34193
61690
136762
56043
150268
34072
60363
24979
71507
150483
54774
170051
61273
126829
80772
122181
58862
135427
80639
114378
46320
143600
81793
163212
34725
157058
202012
101773
60303
136356
33509
168986
50964
63574
30668
63800
132443
115235
132066
143505
95261
139240
46368
141893
25899
73272
184664
171238
170867
91845
150593
30992
55821
81229
176909
48255
66653
122153
67946
69340
47656
104774
36204
158996
118899
134012
57698
179504
74326
162291
61395
116607
73030
154192
57666
55904
106873
87234
53119
28805
58570
110731
73461
154711
32912
147030
184573
100467
106443
92431
45189
82523
70548
60525
56729
165469
25658
56705
75400
84875
39326
103734
122074
139716
79976
29223
57372
88956
80316
72886
63597
90457
42645
58712
110494
67093
140499
133540
114388
142541
67595
124616
128467
79993
114707
152028
123019
142686
138995
55548
143583
114706
35488
71415
120164
164953
70453
79726
45099
194582
117589
59094
69578
37492
66407
155119
157911
86603
89845
180680
47911
129419
44579
178798
162303
53737
121387
155370
109396
87140
95804
119401
57079
29947
69127
166487
209300
56321
93217
123907
61667
99878
20741
82356
134897
52807
135722
83162
35484
60424
35245
71436
92505
118527
175864
107062
149299
31569
60305
47442
49343
128198
59145
78739
133845
163196
51691
128477
82646
173180
48746
56537
74323
135962
88850
27402
23355
46629
53193
27065
74959
91155
94161
114947
57376
32107
66287
159955
189585
91968
102238
62647
59978
62290
174429
104181
129083
61177
124433
144312
98727
121846
132503
125525
54990
52232
27976
65908
85973
71584
66081
59231
160221
56478
27285
157982
76805
137478
84619
147828
89981
191139
44309
41498
25214
57205
29346
71931
140929
56436
120628
27926
59632
39856
145851
32855
62091
174839
165187
153913
157797
90236
100123
52835
106169
62724
123037
58850
77302
43524
49429
48310
61010
30620
117064
110975
162979
87206
173205
24933
146700
179691
108173
90404
121731
142968
88477
199192
32356
121007
34687
59507
143099
51425
118188
128611
164090
38244
93490
49816
97375
29906
47310
118567
38873
123981
45979
90712
108922
92754
33514
118607
35185
63326
67965
69194
105018
58658
164929
124256
88232
89903
155265
44832
90934
43368
98175
52208
39512
115217
118647
67321
64276
127471
132619
68810
158502
161297
59147
123804
72242
120283
125777
52521
67531
34591
144667
77878
87337
185680
62090
153814
41665
59782
128656
188367
91636
58619
39401
63469
152723
92298
189710
18019
119962
31214
68460
120266
140834
118268
118383
93787
91842
45633
90242
131793
63934
173849
93706
145717
142416
78483
95420
45252
107969
44709
56638
34962
79469
142798
120459
75951
156040
120770
99441
31333
34960
78969
44724
43195
31294
57860
164153
29814
142740
45042
70243
108608
68850
57145
60977
76254
106066
58977
79959
166752
75337
169770
112153
67671
36715
37335
83837
115213
55181
147487
37518
110549
29581
70186
40995
87266
50495
108172
137276
37439
134807
139049
42906
98095
115136
134503
69778
131893
38301
102125
29319
70753
66198
125812
41143
51906
23458
151544
181513
53225
122427
50665
102291
66300
49566
58881
60879
109769
21741
43717
150937
145171
41352
116368
32145
141553
63127
163122
50473
74128
21554
52724
69518
80334
48944
56681
153730
39972
141201
188233
172234
117932
127334
55741
119916
130515
155870
153787
77948
32333
165021
98400
109161
22654
78093
29347
61869
32009
68543
42050
49229
131314
66829
154793
169568
71599
77795
48554
88400
51224
107070
106755
28659
101124
31718
76543
66804
54949
32576
64833
127755
117628
45398
26934
50901
55219
165992
27121
61458
154872
39749
112599
101332
70940
61650
117871
46700
66205
160899
33343
153382
74632
122234
177346
140470
124442
60321
46517
68606
66566
162454
155179
81139
109138
94702
131173
74908
49670
61848
62891
138456
20913
143170
53099
137564
84920
201320
65429
157287
80439
22482
28334
58437
157999
142508
138409
168051
49252
73812
166213
49443
88113
138239
57960
117679
24426
123695
128954
33106
70433
129374
113644
171007
18933
53046
29278
64548
38089
89955
62566
173946
87940
158781
31730
78391
184205
92557
90352
52353
49190
34617
70118
152122
77363
140633
47695
192832
117554
117899
41045
75713
76569
143679
57905
114451
49170
177382
122661
119309
128550
115914
88892
90506
113011
55364
87401
138283
179343
161751
80717
92417
115218
36233
86043
176229
51047
128969
41642
135855
115702
57248
117937
109528
154103
49605
150393
30010
56231
34646
77855
52844
68936
162778
191192
52480
59466
28146
66339
147984
38689
171660
170239
105532
78314
126139
127078
71148
49708
100701
39104
45135
109840
62439
130647
137221
132359
65520
150692
95384
171449
22194
124874
122160
64282
125642
137642
61549
140762
146701
159932
46834
190719
100400
114496
131070
81383
157313
170346
48900
49282
40782
120432
106649
149431
77391
168989
42045
155461
116460
70635
166995
90355
144273
95408
41821
102347
130775
59813
126014
109461
128308
88364
141823
40066
201083
139854
76130
108341
44701
54357
102370
156909
71214
148443
47975
149286
88335
189479
52259
45753
115312
116130
71865
155337
86804
147440
40405
177769
105381
107518
66849
59122
51214
120260
72829
150633
68093
160823
33260
74774
117824
68721
97165
96385
128968
45487
117992
134844
47222
136480
27254
81940
164246
171507
91831
121912
131925
35588
68092
38145
86498
173971
60601
173999
109467
83242
54392
52001
133811
126820
151933
73972
173939
176419
91495
147113
28534
144169
38076
90336
168108
58248
112341
170677
136252
172331
28029
53909
73841
111384
51098
96162
154531
158642
198571
90041
58241
122913
27840
56481
40882
33648
42789
108335
155389
46065
53719
28284
59096
89857
135382
92422
90468
139077
49439
142553
62242
153925
24268
49348
172902
100332
167864
30680
77017
48516
82302
140529
117517
30742
30222
61826
64991
40179
59901
148544
152392
85040
155367
168822
193744
112245
96964
57641
117396
145512
116685
67352
184982
52852
151490
86634
55310
130893
130946
70930
134494
141092
186558
123465
101859
67580
158931
36482
39979
113800
56819
143099
44855
58044
119459
98014
141867
36315
82457
123995
180283
105650
152917
74101
64321
37701
73039
48869
92110
178998
55932
137664
41272
186595
157939
55562
151763
28648
122571
174770
141090
92612
200543
62580
116119
58585
50266
141803
47428
75115
32699
155722
84422
95882
114379
185831
57929
108090
46062
187382
54462
74254
81117
121284
150422
49400
79991
91365
92641
115159
55492
117608
62212
134973
126114
159303
69932
161892
45700
131921
65666
78381
50384
97169
106634
138448
36972
63885
23479
110391
68326
35475
79674
94113
111549
63123
30756
79977
180359
131507
57245
150486
126547
44849
75846
175353
39949
169617
96094
128644
26469
64155
40435
89313
143099
85235
85013
164682
23241
54248
64017
61414
31975
70840
181719
175560
62257
134462
109873
134625
71236
119004
44185
170194
94103
115687
30304
56231
83641
146736
147329
165255
94061
136932
142589
136135
177079
31749
147330
92936
57829
32473
138861
31015
68800
34488
83669
214715
24681
112435
72171
86488
182640
135900
60745
144190
44144
185694
53768
113716
55730
137366
43895
170196
154919
92036
189165
116708
75907
129415
27039
154748
61528
55088
85778
29676
72397
153457
69206
173945
49740
49184
151984
52150
141504
36181
80712
49247
177135
137234
91701
199800
123061
56753
108971
63924
161435
65785
58284
37535
80186
183645
103254
94897
119473
30988
31892
113022
131172
132422
143357
31588
129047
34896
35474
94618
132909
85048
108043
161234
134956
125821
56564
134362
71566
171949
98744
146735
28274
60593
39224
141827
171362
100017
155179
28015
59026
39274
65618
97220
107500
67016
31329
130966
32496
70405
174529
52058
65612
59686
122150
105478
179086
50835
106331
148785
78101
142706
71087
142543
188160
107112
50078
85511
114611
59373
50996
161099
112296
70180
138314
66640
80734
178851
22483
78949
114201
124376
183857
190454
76777
147609
101126
77782
44752
98271
169215
132345
39331
87434
141288
132503
32155
126501
105965
155851
208793
95071
136653
130627
56729
158740
66101
77861
129363
125642
53098
124147
68433
116445
82205
168941
133449
87952
191789
80481
144056
33553
138247
130128
137654
56671
149976
53184
24656
100285
163421
63584
151649
93397
131688
28186
159676
93187
50402
109765
109209
134728
70330
170227
45830
102847
179850
188046
28546
57439
97428
37669
173337
163806
68584
177825
153780
53514
117947
61722
123779
64042
143520
115017
180944
88211
135727
95232
77930
24752
92023
58217
77909
26942
110145
126792
83265
46342
31379
56590
141480
53508
151677
84245
139774
165563
194685
44150
51417
121058
107304
29480
49634
31177
67601
33054
69191
48390
97148
174528
32552
118904
67473
161530
49075
44319
147265
55989
77394
46260
70724
38669
66379
182760
91731
145466
78287
199598
24032
58616
34606
70267
123919
53614
86942
80248
83986
205006
59982
112520
141436
128844
121735
78776
148908
39975
63045
173418
83577
99314
17223
48608
27515
105758
129752
40203
168916
62604
128700
75717
86207
62069
42522
28335
59331
166614
123049
126109
74190
127052
36336
168644
163059
128054
130909
56547
157673
114491
139851
173208
70960
119105
154096
91961
178863
67462
101857
103952
43125
80670
29390
57098
129316
66946
79662
44261
42053
29509
66376
82851
42690
214708
23905
63277
36766
60370
142392
80049
131971
28050
142264
155130
130227
83064
82672
135933
84402
211757
111687
117461
109295
71362
131529
102433
115943
54868
60502
40591
86233
117375
60213
109734
33853
162747
33197
66151
118890
158201
165482
180690
27855
101736
37654
57710
75584
158868
39032
122498
122972
47557
126624
30127
140135
82169
98333
88897
85547
79836
50703
103862
140741
72765
179050
45170
153659
56875
139741
22881
95168
38547
35706
18613
46748
85091
117711
207575
181468
58852
90282
188932
43615
43674
81146
38687
239998
77341
137427
96685
179602
192558
33532
51099
76318
161105
140555
83388
112608
157205
63665
46102
60439
279932
209270
104789
198447
95832
222933
455536
449000
224877
218801
465760
231556
451480
115536
194700
119328
227485
483152
445520
112127
214477
231651
220952
221349
341257
114985
105098
484518
108791
461366
117643
235561
111224
225185
229322
443802
119075
105220
453386
112863
423359
363422
483893
126624
447219
227904
458035
346423
474070
237006
504418
475200
232204
473810
442891
215345
428436
219985
477853
104999
120797
99764
448040
248631
501317
347138
224023
211940
441533
227040
221445
449321
105180
215864
479289
172481
461114
472083
236793
481892
127762
447313
440221
483857
230960
469496
229539
460831
209415
444932
477374
251500
470525
117527
230042
133475
219945
477686
239187
227401
192998
234394
237014
220886
482966
121965
244193
243963
236662
113968
195854
449458
459173
219464
240254
109507
220052
483358
252349
485238
114851
455627
359137
498749
238604
444869
468152
223295
471359
239206
226025
505930
221572
481737
237153
464779
327770
216203
463197
468319
236676
510018
217561
466766
117600
487060
241528
244192
117727
223769
479175
493457
240472
231889
122842
243639
136185
229568
460102
226600
107047
224016
230181
488787
110726
122677
436603
428263
461404
476215
237581
223107
108268
105779
120642
476509
496911
224905
476245
115880
232690
122572
248193
126121
230158
452043
227186
493415
210482
225259
134967
230838
460240
224637
448184
221616
480058
243151
110813
203807
214490
478559
468259
430023
444298
197870
107184
223154
213715
338674
230845
117375
467157
474331
243830
481525
250672
421077
486896
231633
481306
244662
452317
343834
344337
214515
229715
248221
212886
111880
218743
117062
236875
471196
530158
216081
458580
227135
463976
497731
234256
474206
483959
244353
237351
468922
369278
112646
228729
129788
275797
472117
255665
197666
214764
354360
228512
501456
465423
219225
224270
468131
464877
209742
236505
236126
468223
236954
241767
463729
250695
439663
105234
206953
482517
215834
453964
220340
224825
478594
226673
230117
225631
110152
228428
459897
233493
455166
230969
480999
360531
347059
359575
245931
354833
451460
231907
469298
212980
497057
358483
118546
233277
232732
221920
127257
483435
439096
93973
231444
226830
343628
329840
228471
466519
232333
461268
477180
220995
232287
235546
228858
224828
211742
233773
231441
122351
241624
490392
478647
456386
230297
482646
246153
250930
497470
206150
463574
109490
236303
475272
457534
325033
450791
222110
479398
480153
435510
237546
226116
109980
220140
243880
235680
367134
454614
229051
485918
465952
249770
475062
243134
429190
446265
121384
433440
235121
115138
210149
470287
96047
214741
480693
475803
491555
234113
428148
123459
251622
467157
192989
460620
111171
244226
123920
237332
117612
227940
482188
486242
470561
449093
219445
312948
125521
439717
473430
487351
233541
229365
122533
240105
250794
232661
149187
234094
449093
237550
492887
135916
472082
360798
480267
495656
498759
448078
235921
187744
441201
439934
123207
452482
490882
207689
469424
121883
477501
115180
224087
503980
218314
454761
220614
455082
112780
239709
463415
123589
237026
231651
523852
227095
220575
450590
96367
457715
112593
481851
118301
470223
486642
220171
442577
228790
456223
106331
448469
227372
456935
116936
237921
226465
240395
130918
231332
98765
219568
433171
228607
440770
109288
212054
455790
237201
107982
471619
113835
429173
99358
217975
113147
112048
217067
124264
241180
509404
459309
239614
479634
126049
108814
229972
416021
208970
197610
115455
231063
242624
202582
358866
450434
242979
228255
480542
104918
458805
478459
487327
252139
467078
496973
473224
234670
206529
450204
216985
201146
236912
500392
221220
114816
494065
204848
472379
124218
254717
115937
248283
392989
455528
231089
484469
465522
249098
458526
359523
467463
229765
481100
524220
455817
226069
492044
239448
466369
365199
235837
207311
224336
263100
243293
268994
225789
210623
225700
217935
131179
237462
222461
206672
362372
482270
240412
484946
113571
499456
464357
229523
446072
360028
460969
235548
467140
118492
229060
396865
348824
114599
460564
115759
460138
500003
459922
475389
229087
464657
226125
239961
483490
238142
490756
115170
242161
371205
452716
220255
485887
205538
454949
371875
226019
259736
112184
238009
276664
242638
370248
118655
236398
426854
221465
230945
490046
259750
454245
448368
253923
477062
457085
223748
442452
213979
217220
115631
223615
446218
475754
219211
325829
438452
326639
424594
104098
228798
463051
115201
252140
469854
502617
224872
492252
235665
472628
497583
230767
217762
230800
214543
117683
215409
96835
205357
465740
230183
481819
244221
104705
237530
472492
246556
472029
494856
421954
467280
124106
499550
124741
242625
110321
201316
451606
456338
126289
472642
118053
470413
130198
536571
126634
118484
482819
479751
454017
224193
461063
125354
487552
222250
227455
120202
234924
252797
241761
126221
221719
464505
212744
488061
116020
470784
367648
425341
370568
137317
243134
144844
222573
121558
245787
468073
119991
431617
191995
467749
121498
235294
221842
480776
224994
442318
204295
480480
446173
213297
110445
487871
109757
117525
487237
437134
204497
483569
504639
224848
462310
109391
471014
489240
499151
106313
464278
225986
245647
120152
211937
455341
229912
473227
237986
470202
197742
114194
369764
122920
227139
229677
237978
495539
236651
490981
117574
233598
345245
364141
462454
118100
490331
491226
222336
445730
232903
111112
207640
229642
119319
255126
118628
221740
472928
240164
469345
460570
244247
220711
332065
84805
216065
442579
332901
124549
473450
122610
206655
125832
240000
222281
112880
470384
136654
466941
263864
433530
378964
465802
241698
501378
230557
232692
475521
327069
501013
426509
470792
461443
448543
481740
265765
485918
470843
459582
98751
117882
487763
121302
212012
479592
127976
426477
479409
261156
463106
488862
225032
435587
118706
221750
224571
232206
470743
462629
114043
205580
443285
251685
488679
120236
422257
119110
241452
123762
237071
479286
474091
240346
461132
121839
239856
358312
448843
208738
472756
234343
462043
471074
108711
237603
490686
468695
247508
492376
222066
493950
455835
483890
234868
452757
123396
228755
125938
221863
242519
232594
122186
237270
497012
488549
236310
437610
211469
332869
114975
219797
468449
510454
110992
473374
230907
465111
215174
413271
470931
242584
468815
115480
249693
115523
226028
118943
510213
246888
34914
435666
113149
119024
449359
204314
475766
115390
232152
472826
205517
527876
107258
451349
234481
448334
223467
486186
114956
242660
260654
247986
111305
227319
121368
208227
464797
211776
461649
120468
231395
480813
109501
474659
241225
477133
211676
211312
483111
465560
233157
221711
120174
248442
366196
466094
407613
475699
221905
499027
479767
238721
246130
491011
472468
196437
195980
470272
233076
105969
113861
215032
503881
240895
476875
102582
499404
118058
238295
116550
205566
110131
226026
443237
243870
449449
121181
471051
249468
489765
230083
487267
115813
229333
127923
112648
364882
451190
237649
106703
506636
462173
124312
231709
227022
474062
249804
443590
114481
214746
473635
137407
467535
345978
120787
238747
125396
228481
472797
473895
249941
486484
116883
228248
468320
228499
482104
119931
433784
102835
224566
342294
474061
456659
111407
123915
455475
125948
482184
128047
466344
123180
244962
154327
233715
116041
233084
471486
232990
490245
117917
429289
224859
479834
231063
458085
483290
250618
228431
235874
364020
456914
111385
465150
117416
229128
342060
211386
498107
488756
251427
476296
110571
198459
439613
230437
470895
207126
107807
352995
213390
240383
125756
241481
488289
114734
456287
356238
471019
244325
477753
216854
461228
503682
234523
517254
256395
513335
266609
468019
232356
229382
114907
237428
114938
207482
468209
224822
416608
115212
214932
123511
243192
428570
235489
495791
116649
431313
108336
231733
338699
243459
260531
520601
449504
224528
485672
437886
264574
466104
223128
490278
456437
226709
467030
122730
464543
108381
217364
120352
468656
490722
230502
520846
244212
476360
494406
237806
486618
101592
468021
348933
332706
460955
238584
436466
110639
247417
124083
239238
494028
454590
218618
229405
116923
489072
237199
482032
129544
237034
391947
253318
492532
123010
467344
212170
235544
126339
456517
482637
248940
445404
117663
228064
513509
242420
463740
466822
464072
456065
121847
227154
236675
467409
127783
489775
111122
235851
330946
454445
429645
450573
463641
359489
445312
233467
490704
276659
504064
211223
500187
231137
441634
223695
461427
243716
473688
121548
123001
238560
350814
455206
234727
470782
245478
460136
245771
226456
241035
244494
506854
229349
480689
115547
239015
98893
480394
496183
129183
120198
477700
482853
113503
127209
215274
233094
472595
237365
222250
330242
375832
478228
231892
497507
113655
224271
237870
245862
119680
241112
362294
244587
232356
130777
233359
488213
246840
470307
465057
228874
458659
111932
245242
488680
216300
452304
482364
244731
428696
214121
99946
352974
476091
475541
436995
257414
442366
478466
224816
467709
215899
126331
227324
202447
246657
453219
134172
237862
122418
225248
237328
474028
231537
465590
117678
239894
197311
264560
362638
103935
207811
239571
238932
220840
224655
243924
196797
470642
230861
485925
323554
236499
224972
460819
123027
248147
117838
221580
500464
235452
489708
121386
439044
220180
234759
116990
203697
470688
452210
202360
448498
130898
225084
365318
361991
116954
447992
127132
228696
114252
241293
513029
480194
222615
449430
248323
260682
123482
222370
486177
237447
430138
352560
242453
206979
129665
229290
481322
243257
468480
250138
449546
114624
453664
447327
229407
225806
119408
490949
214899
453307
229885
462787
123555
223682
486583
224980
469516
122889
224515
496736
229347
498125
364109
476561
471093
418745
479891
210071
462545
334710
125883
481274
238051
224252
114346
227522
111488
227021
469626
233154
459168
121384
487462
123213
217851
466341
484805
121962
474064
499727
487036
221721
476705
97667
214290
117559
245671
489620
470343
230385
454498
209283
497643
132311
247489
350588
451682
237857
436289
113020
225770
244254
459219
235370
529091
251878
474711
349883
239505
481604
228499
433274
116520
227407
118986
475259
241647
456397
495066
470750
457370
456379
243198
466375
241759
472966
487229
428909
230732
496185
118563
457026
236093
485565
350478
438664
473079
240054
105527
496312
122833
119881
462616
481923
521732
226660
181449
226396
207281
218712
499035
125037
225776
482550
233294
491261
229672
491598
113390
481018
102706
234324
120998
227743
345928
243662
127887
234041
212334
230025
330583
476324
233562
477638
114829
242943
470848
234061
448705
122507
238707
229077
229712
120512
245900
118920
110927
235508
484454
497392
475979
227072
484510
243405
237812
115777
471182
104098
218707
123359
241032
504815
238228
442310
114905
440140
441933
231356
458613
122861
483431
245454
253188
124304
252444
440730
476633
175145
244211
508450
462265
232722
240306
248753
249626
132700
242085
366241
463385
247441
469375
249996
492576
117808
477632
207817
431218
126702
117498
453470
478872
234219
491167
487437
482476
468143
233451
448309
233584
439592
358618
130627
245742
441240
119499
502467
249392
501881
235358
223852
112015
195778
486881
458377
240664
231551
114267
230771
130925
226426
480150
254684
458591
460881
481715
241186
455615
117265
171857
106829
103717
117028
122338
233166
464432
239268
471299
112131
484375
114574
232289
121053
223160
224308
245317
476038
228338
481064
249399
480789
126778
481039
221996
479152
244859
452046
490971
474033
221414
462985
213168
469819
123056
459083
238437
486926
120327
233168
130829
238660
481127
492891
125185
233729
473152
230964
471634
118477
465211
487741
228316
455341
473188
221358
421634
715738
348636
734667
355176
725335
382424
751302
182867
353197
759252
365281
726626
765365
342799
729951
185951
742649
179532
342966
746965
347647
723822
363161
174197
351890
743762
358266
730285
736225
371312
749274
720886
699158
724678
748727
401279
743623
559231
198644
745439
727385
728268
361953
539564
740888
719135
362364
728990
190436
372567
195156
740960
369634
753496
170819
729986
344409
343614
184894
360523
728619
176184
702289
561333
756493
343886
730423
176281
333895
170707
361797
734544
352963
769172
350862
745096
756923
359626
164370
546383
757413
348021
165336
718260
363949
180873
162442
731636
377823
352140
181428
356280
552957
175608
708173
183806
729655
725143
355536
734530
178161
739153
348754
700003
203991
366254
377750
362806
193120
353362
180803
356932
741287
375648
725444
176932
721084
182473
770572
381659
725558
351494
745170
163243
749415
187444
353397
567890
186009
365005
188489
366758
741845
368531
719152
726060
728550
308413
757083
370046
730290
382204
721196
174287
363257
185847
344465
178313
371707
743609
772381
744358
176979
172662
588913
188220
712267
180232
346735
359906
348329
188141
371333
758083
166213
720502
186672
361966
359705
348366
182393
366439
198641
362821
745083
349501
746991
350140
744185
366480
738714
742811
360166
745809
172997
737177
753916
338801
723495
175219
770184
181331
366564
736664
190931
365207
749438
733770
358192
343511
185402
368495
730670
345575
745554
349778
743837
187849
371996
176580
341771
176222
357307
698981
723092
367806
744383
173624
349561
535348
185628
383898
740680
728277
747732
348184
735755
345835
757031
721882
331404
731215
191459
733972
545375
736264
699855
183796
731860
384284
733129
191864
355939
183009
345255
188816
738169
176121
357113
175764
354752
735344
167743
708654
181393
360221
542438
181972
368292
774985
176227
723875
174441
363441
184509
359488
721702
738489
171673
716225
718643
187064
370989
175188
776114
364496
706016
177729
740849
717710
365584
714318
175818
354023
192249
363136
176726
174375
563030
740664
723889
710646
715481
345795
750201
181639
367543
193305
364615
762259
536383
376029
717628
786055
739009
744463
356161
344510
349393
380872
181931
351359
742609
357347
756954
749280
362177
740310
177306
368653
734443
367292
748975
359208
724394
176653
717873
380657
359681
551053
721506
699422
360002
381968
739945
344168
539565
389446
756089
747411
562832
700408
730794
183300
361831
183113
356093
190524
371754
738799
360629
359907
721061
357731
730486
352978
354316
744473
357922
733409
346172
348453
740984
379715
746301
183275
358124
576730
173067
357348
176803
375424
557703
188373
374912
563239
357897
776200
710707
339792
739220
744213
731914
759460
775869
362574
722639
185180
349556
185910
360597
199561
349180
732394
182559
735178
187917
379992
378641
365125
571653
177048
361429
750804
365127
753822
163964
354479
561760
723522
762776
351805
577656
363435
334730
364142
355754
534880
359963
344772
787193
354522
721216
357941
739283
729203
173408
359800
178664
372459
738211
751667
329007
698492
360780
720502
346071
750945
177186
360461
744131
342698
354124
738166
731736
740220
347786
718822
366340
347721
363122
726627
172490
363078
175445
349329
751725
335983
364395
190173
353652
377337
360790
184099
350403
741900
184679
697892
189119
359942
369593
351849
183182
364139
376320
374843
364077
370124
175000
348767
380758
356048
171148
377386
362125
750509
741471
327846
726123
366430
358588
366197
727905
754855
705493
688369
349173
730157
172645
738381
756851
348905
365924
736906
183426
359413
376935
362320
181943
362962
192806
361314
755829
178716
715178
355318
358277
557084
725507
361469
716998
177061
737844
182887
367499
373933
369107
578395
696885
327262
724435
174055
354512
173454
344707
742707
373231
750075
191321
731799
346702
767678
186510
756255
368532
723283
765118
721263
367401
732118
746024
148950
744115
342745
745650
527557
753501
180933
352751
722597
354696
741980
719417
714203
350967
746748
742841
354390
638088
