420741
4288
1930714
8125115
3013720
10350527
13905115
12652823
6261864
3745797
10771266
13258259
22574560
23480939
14469918
6152672
5479210
26626306
7373197
21283952
19356752
14941336
6885550
19917748
22579589
4099129
8505262
17917925
8823700
17616388
9022660
18384237
4543251
18317336
9223273
18102588
17857005
8267467
17814884
13526896
17885075
4733846
9107560
9123542
8980713
9289711
9082300
18639299
17969851
8894820
18591080
9268386
18312698
14145697
8550819
18896810
8908661
17755264
18418493
17958570
18203019
8743230
7886848
13355748
18512815
18613429
18430928
9467106
17842814
4811476
18541436
4623223
9054565
18416594
9041588
18422903
4531247
8809171
4491682
9051641
13815382
8632840
8949041
9081677
18519516
18294991
9025932
8700280
8828448
18252905
4423735
8180124
8687370
18143841
18218839
17604895
9090421
17874940
4672888
4181437
13951561
4604640
9055051
4562783
8776687
9306260
18277129
4562290
18589786
4757990
18205496
4721497
8769870
4629092
9078379
4636788
9104319
18387493
4711222
17807512
4598750
8814271
18932219
8215347
17800421
13686908
17595436
8495545
18012207
4755199
18336237
4780652
8866580
4688847
9051732
4710769
4449572
4735533
18354177
18226959
8762291
8886970
4659902
8780879
18172154
8932780
18648773
13973459
18022348
8824108
18531041
4786980
8774181
17653644
4538082
18686325
14251187
18172784
18193015
17999610
17738609
8779326
18327354
4688362
18863247
9067745
18406296
18398523
18654900
9326751
18776198
4800324
9312998
13874623
17804767
9213491
18244400
17489243
17906201
18125083
13616873
4514379
18313324
4677194
8832665
18800111
9039174
18121487
4554079
17923911
4493035
9130320
4746226
8892290
4706065
8920382
18180918
9128128
9005861
18121369
13067851
4520749
8740663
13882040
4478866
18163518
4548823
8509785
17954118
17344157
18167094
17566985
4654532
8972381
4705169
8832112
9195888
8812547
12787692
9112783
18047793
18261317
18234531
18605223
8431142
9245577
4689430
17634096
8947836
17846996
4631902
8676121
4482654
8766738
18513934
17436651
9052249
17181882
9026224
8858541
18535883
4165971
8437467
17965048
4616734
17763215
13705063
18352085
4472258
18363291
4726175
8975006
9175458
8874012
4658587
8791101
4672574
9147385
18890020
9049753
18151511
18216975
18407932
8733855
17292308
8885086
17344692
4565504
8781557
8592074
18303256
4471889
8835575
4605295
8831876
13651255
13839453
8896009
8868314
18275996
8973215
17978352
8907928
17777486
4448054
8995375
4636897
8863351
9130181
9227138
9181192
8969190
4702492
8774936
18205354
8945914
17826005
7983323
18490712
4797730
17757674
18133110
17984126
8873435
17702111
4591869
9039634
18040010
9156022
18074073
4582065
18331965
17860389
8919462
4675194
4630018
9017051
17602146
4563503
18055889
9089884
4698800
8756359
18421792
8651645
17612373
17100495
17241652
9362847
8983747
4725648
8551558
8954912
8936411
4569829
8864730
18548864
9211862
18153960
9129166
18150629
9059510
18065181
4611542
18107523
18485785
9155155
18266692
9196378
8954238
17383835
7923036
17186683
4500555
17535492
4444965
8625371
18205596
8714901
18047286
18947060
9038119
8943813
18406095
8731865
18298535
17970208
8970738
18086946
4625806
17861011
4669046
8900504
13838161
4593577
8825023
18288768
9161832
18421307
9264825
8873144
4570786
8480172
13748824
13482963
9151573
17999400
18481583
17942207
8937219
8932674
4620138
8947455
18339441
8831702
18061635
18247583
8826423
18013234
4631755
18336880
9613761
18317307
18294792
8922218
18050681
4659043
8667757
17778206
9280431
9217116
13702377
17950286
8736765
18018812
4607834
8949293
13617669
17729853
9215786
17963890
4799600
8804332
17871554
8874645
18304349
4615151
18004759
17925743
8903077
17988250
18695576
8702752
17993335
17745044
8497807
18120760
4662326
8675708
18348190
4807980
8811269
17840234
8635805
18398202
13766957
8938590
8684327
4600943
8672260
18097440
4546570
17809808
9161716
17990100
13699701
4617459
9149679
4506096
8901574
18325407
18440341
9142914
17097799
4545036
8595815
18308461
18689288
8645375
17775655
4520127
18010488
4537839
8819154
4550077
8950784
18679916
9054331
18375380
4681964
8789578
8737096
17982559
9118380
8922573
9445936
8870409
4577339
8854210
4622139
9124318
18155155
8995947
17681724
13352017
9104294
18225051
8941761
8810411
9389667
9152767
4491522
8844776
18007047
8905920
18216675
4561455
8743235
18223407
4632248
9052302
18459171
9057574
18042505
9330529
4386996
18117638
18301870
8996156
4543911
9056738
8791839
4521598
8853371
13506215
18363671
8966560
18177879
18564724
8558558
18161032
9043835
17975527
4665361
18279033
8462792
18077770
4607324
17887659
18242081
8876728
18140312
18333247
18494565
9255530
18383030
9187359
4450319
9239355
8576617
13753475
8757254
4490247
8881161
18532493
8835550
8598153
4482523
4561853
8827515
4639065
8861704
9101422
8868297
4591435
8790995
18047629
9070298
17941488
9209711
17977004
18534858
9031193
18534248
4514035
8854562
9334279
8904843
9062477
18331524
4677098
18105149
4825233
8868889
9265875
18307261
9091084
13683531
9244555
9042015
9327615
9012955
18547034
9098696
18024312
9351028
4798575
8829632
4629121
8957769
18098522
9086699
18503934
18466527
18490262
9202803
8761014
4639823
9066790
18220456
8948906
18546478
14078984
8657645
8588646
4599268
8801203
18364064
18076829
9035752
14080857
9055776
18496994
13622508
4524168
9009762
4750193
8886475
18179164
4533423
18555846
8999838
18509202
9043258
8901124
4529786
8962881
18653618
17691980
8905547
8747397
18490309
8933575
18117873
8817051
8823286
4509836
9089906
18122226
8944298
18369922
4616220
17956425
18633725
8466309
18028858
9209781
13085163
8782014
8582617
18514507
9123449
8792272
8762115
9047537
9316794
18367140
18210305
18187204
8825488
18195557
4691268
18027797
8992116
9028115
4465168
8863894
18352802
9411380
17903107
9350206
18249958
9065161
18448039
9174459
18319085
8283024
18655051
9343294
8670218
4692474
9072741
13755511
17898680
4607142
18453516
4676973
8808182
8939793
9592270
4721684
8738694
4629072
4253408
14073526
4700803
8837474
4707079
19016057
4781760
18428593
8873493
9099068
19126777
17848825
18294015
8997536
9233862
18155263
17969366
18336200
8956756
18622541
4589024
18118399
4521191
8889925
4738170
18255772
4743409
9179547
9277038
8966295
9257250
8650329
18565248
4171413
8822199
18071400
4599453
8761660
18447613
13868481
8858365
8618373
4601604
8916342
18896011
18551177
18190242
8821618
18387811
18421544
18338125
8949946
18056177
13937937
4475940
8923556
18564921
8639582
9157243
8706212
8846587
4551119
8741724
18434706
18428885
8960120
18490991
8784305
18173435
18202805
4325476
18562666
18388879
9203547
18099042
4532382
18373296
4641188
8722234
4488714
18256847
18801131
8731668
17574698
9285520
17771282
9252665
18282124
4604121
8805857
4716149
9108976
4498264
8764015
13926715
9152366
18131968
18053040
13626899
8982688
8822488
9055717
18373673
4564176
18171476
4638174
9076876
18073741
9305308
18159940
4597617
17845333
18434616
18021698
8959189
18142953
13730752
17982765
4810694
18297935
13780495
18124097
8576658
18260873
4661301
13714129
17793970
17965176
4316102
4568642
17965852
18586499
8765208
18041272
4829794
18284611
18636875
9134048
17994272
18287274
9008843
18272318
4696883
4267081
18105768
9032437
8907354
4493746
8771786
18629334
9008254
18160038
8908944
18714238
19302691
8856011
17920152
14106954
13558570
4688876
9052301
4603862
18460878
4759860
9166336
4668739
8987694
9197665
18145248
8906659
8834929
4686182
8805866
18587071
8940219
18556108
8746921
18454291
9048336
17849671
13769195
17543364
9192155
18731812
4533899
18119221
18489104
8647900
18458322
18460966
9085944
8654854
4453265
8992039
13760185
4666803
9051211
4743799
18147387
4654756
9049525
18371793
8713955
18578255
18154699
18075088
8882625
18185517
9025148
18171729
18165187
8915305
8810822
4590308
8926924
13884220
9078715
4597828
9194202
13874139
18296681
18225514
9018715
18361489
13906614
4562804
9240013
4626149
18471297
4605073
8880774
4467828
18146330
4779276
8795487
18457104
9077081
18312294
4681619
8603958
4330084
4710117
9090457
4730726
9060775
4605984
4210018
4536861
18388739
9299836
18139619
8712832
18094043
18377591
8968557
18152937
4460279
4476639
8877111
4665682
8890868
18236564
8877491
18255595
8879149
18457815
4786796
8825712
9094739
9009915
13832233
18080947
13843324
4389608
17985869
9123658
18563506
8689419
4318191
13779709
4664324
8814338
4521065
8909047
18354822
9034134
18421073
9087512
8814241
13902573
9239506
4699769
9242030
4853145
9330475
18190842
18347949
18144729
17375189
17671706
4545452
17646938
17942388
8559022
18164485
18697071
9286332
9104235
13615282
9025875
18225518
8637984
18100818
9013129
17902071
8850265
9027079
9093263
18212120
18651826
18301446
9126850
9066458
4510381
8811914
18339140
4789551
18078903
18146902
18374224
8712231
8787360
4677686
8852922
18191379
9280109
8679838
18042434
18487001
9220490
18292750
4785777
4218149
18047936
8949602
18108482
4698428
8560461
18598997
8821648
18111129
18223794
8779510
18505275
4504152
17953541
4624916
8969062
4447231
8959302
18380586
8839894
18835598
18166464
9032390
18000812
18221429
8945827
18661428
4505361
18132712
13917992
18326658
8924797
18259879
8779411
18163925
4726053
9127139
9192478
4244117
4583929
4600280
8957415
17978081
9311093
18305964
4572645
18016078
8863677
18196940
4626171
8862714
4777696
8967040
9153529
8945375
9225656
8961566
9258492
8873513
4670489
9136436
18330320
9108251
18467743
8829861
18107534
4629083
18535534
8850071
18322835
9310295
18255010
9006501
4407592
8859140
14226063
4490662
8873710
18276573
4778678
17585088
13541258
18107100
8941396
18368462
18372235
18393747
8672540
18346684
18216469
13536667
8810478
17863868
4555956
18435185
9270446
18369441
4679126
9146930
4728601
8889382
4672046
9128263
4161206
18421815
8934829
18239208
17808149
17944408
8646247
9153186
9373356
13609980
4565689
8930102
13367003
9104989
18715432
4590173
8753256
9243385
9086183
4660313
8966448
4788893
18395610
9289743
8958753
4668483
9030464
18303519
8883307
18421100
9125730
17974068
4549177
18336056
9308960
18405069
18869311
8869405
8960545
18243300
8993768
17966214
17840973
9125720
8934742
18114627
18362901
13833584
18116885
18169336
8869209
18274058
13677416
4532454
8825913
9037099
8901202
4614685
17911674
4616389
8952068
9214543
8848174
4692352
18197907
4608471
8927253
9208994
8938131
9254344
8901311
4817463
18004483
4554811
4619304
18336709
14137851
4573652
4644261
8994674
18339233
8770983
17936285
4732041
8985613
4652939
9087976
13908833
8529770
8969881
8990854
13808380
18070303
18225855
4632032
9054859
9010198
18162234
4545365
8942002
14110579
18532649
18454909
9041878
9152896
4495827
8848709
4741118
8862636
18222156
4775060
18072312
4657368
4360449
13972409
4606002
18148210
4560643
9114182
18318722
8879861
18262219
4591271
8885470
4754559
8892608
9211544
9081921
14061137
9364461
17695676
9199250
4747731
17813049
4603048
8885681
18552112
18372752
9210078
17845992
13675804
14100401
4722357
9180560
9487638
8653713
4614709
8992673
18926428
18528292
9132295
18560919
18510162
8823555
18015838
8528741
18322477
18511088
9042804
8909224
4480374
8795422
4423575
18126979
9320927
9054466
18228035
8998233
18157273
4501072
8911575
4685391
8879382
18406573
8824169
18233403
18625084
13108825
13456353
8889924
8821762
4681437
8893470
18162476
18212140
18253705
4748699
17944968
4207604
13921586
8970585
8862168
4434653
9041705
4289872
9274092
8917886
4626054
8945746
18353999
9425484
18167737
18374410
9087898
8912125
13588694
18171542
8829273
18371447
18558740
8848295
18392985
4788560
8833854
4708644
18049464
4562328
9026655
9104573
8769453
18334402
8772490
4571610
18696093
8935182
18186094
4515311
17714056
4544426
8732639
4648616
9151058
18376499
18474399
8493045
17442878
18058248
17971493
8917060
8926261
18076670
18224630
17422654
9227362
18334544
18697533
8793288
18028691
4515124
18111085
9153810
18334019
4587191
8910906
4608708
4424306
8806113
9129081
8937216
9274039
8951760
4590594
8802243
4643158
18105571
4655449
9061001
9368241
18256765
4577569
18646325
8861139
8910834
18632092
17922300
18070791
9248723
18244428
4491435
18143341
4533064
18436786
4789966
8823834
18476711
18066327
9115765
18510355
18494937
17809256
4621315
4379051
4715347
9037854
9531044
9019973
18692810
8872046
18135673
18454376
9002573
8857208
13710553
8417310
9086616
8723960
18751164
18011353
18043750
8498316
18273427
18131183
9474254
8741747
18371306
4719127
9254546
4696489
8831526
4620760
8992613
18356034
9244832
18319044
8771849
17841258
18953160
9392862
17980903
17887705
18162938
17771064
4594289
8975258
18237865
4681159
13468867
8818563
8700565
9356752
8734536
4725289
8902713
4529320
8801098
18337656
4623883
17819521
9077786
18141512
18166866
18158471
4717722
8763069
4670465
9120165
4599586
18476172
18280427
4642309
9252266
18029767
8849347
18578099
9012569
8783525
9031186
18017824
9551962
8961889
4613450
4139818
4629492
18371966
9176311
18314298
8747904
18483628
9121164
18281724
14023440
9299772
18784613
13540429
9126191
18306626
18305111
8987916
18159038
8918861
18166542
4690623
8793205
9339188
9055658
9549826
8923724
4571183
4542212
8988534
4663506
9013516
4712604
18364484
18791243
8904854
18195056
4641243
8862788
13798849
18151489
4628683
4241538
17946032
13708376
4571846
9006938
18244390
4766434
17847231
4706535
9099223
18861319
8844193
18115227
18503902
8450415
8878517
14077893
18507957
17970183
4326116
8975625
4563254
18102402
13632061
4482200
18012287
13707587
18577894
18150623
18410952
8737113
8822134
19144166
9265300
18368765
4685379
18392133
18076618
18061906
4538741
4679779
8885053
4633178
18161023
13637379
18866842
8749460
18261064
4647806
18133334
9089717
18387779
4752533
9019843
4536180
9053354
18560062
9330152
18215911
13892504
4709601
9081727
9093340
8942586
4684217
9019143
4408466
9203601
8569071
9284620
8827546
13761367
4630134
18129310
13902752
18131333
17938148
17978273
9150206
8460281
18858647
17930441
8743948
18231040
18295640
9217133
17860638
18241117
18042578
8814080
8565676
4519235
9229496
4524389
8823155
13592774
9336569
17804485
13735599
4726809
4318871
4651504
4466559
8824776
17938963
9131112
17815692
9173734
18064015
9400381
18251478
4384013
18216371
18599842
8794059
4152871
18079161
9084568
17618840
16615880
18038366
13752028
18238673
18007482
17291146
18211571
9101542
18038526
8931011
9112668
9025494
4223423
18389439
9660894
9265252
4378873
9067274
9085880
8941856
4685413
9072126
18103790
4635840
17789422
18260118
8924347
17880014
18450980
8847648
8796555
4552777
8821356
4715309
8866301
18259940
4716641
17689104
8843820
8877911
4683599
4195677
13856713
4577111
9071216
4767736
4313286
4680932
18042519
17830473
9039832
18108734
9097492
18164937
4490020
8800370
13586461
4619319
8864560
18171537
18174083
9012034
18425797
4579442
8891627
4664650
8981343
13831736
8934704
4606155
8862774
13739483
9107464
9278982
8922997
18485729
8817577
18239864
4514912
8826638
18693985
18622381
8684983
18060886
4656078
8867961
13925268
8958895
18129959
4656431
13230378
4565839
9165951
17747127
18295506
13810542
18134802
14027204
18439286
17615283
8662762
8953871
4681902
8769783
9165067
8783067
4705012
8998757
18122497
4480676
17898029
4471857
8829188
9291734
18559980
18146142
8993240
17985587
18324487
9134349
4156680
8730627
18179870
9106965
8763795
8690755
18286508
14129727
4644386
9054880
13846409
4675108
8942551
9400678
8902333
4636427
8849436
18351354
4843884
18380700
4576579
8898144
9271322
8959655
9211637
8992085
4597199
18515097
4604408
8938424
4461204
4163779
4539026
4658295
9142397
17985734
13813075
18280460
17689477
4451481
4220769
13713138
18331202
17736314
18232560
9243659
18346284
9097523
18459113
17836988
8987777
8805502
9084535
17876264
4621732
8780708
18639358
8736430
18180933
9141785
17938871
4582739
8762449
13881714
8554815
4524814
9316143
18302952
13164402
8913374
8977919
18411499
8677869
8718408
4640816
8876305
18318071
9116813
4513389
18379678
8727479
18609971
4521007
18007517
9129781
18073574
4693520
17842714
8982332
18455887
14214997
4801277
7294646
3671849
7083682
14321053
7041064
14458848
3707255
14342896
7004043
7024351
14318721
14396068
7118023
14259502
3737603
3358513
11078161
3689778
7122453
14414591
3583006
14514997
7529350
14609128
14647556
14395681
7235441
14413225
3724368
14177891
3596942
14078923
7500028
14507280
7231452
14381430
7205630
14519805
3718983
3466228
11234453
14348853
7145909
3363809
6985590
7231704
3769715
14521623
7382615
3398323
11226641
7403786
14511647
7272947
14548794
7058841
14446747
3613426
14230394
10987082
13895953
3688833
14507413
7214374
14247548
14472325
7105247
14425494
7073015
14612030
14634957
7104364
3720115
7213043
14431868
3840586
7101719
6977222
7127190
3615584
14576635
7146055
3390131
11106819
14667231
7437488
3381306
14206257
11020437
14491975
7039293
14274126
14622504
7122072
14484873
14612949
7105968
7089088
14812225
7082897
14633389
3849724
14661482
3819209
7267282
3699565
7218828
7557590
6772440
14606766
7255814
14320246
14735590
7198297
10672221
7149251
7001842
3554458
7110639
14340043
6981642
14460681
14533005
7377904
6900443
3645505
6884267
11116265
10353976
7179334
14574801
10920160
14467896
6858191
6707475
3652041
6921803
3610825
7044224
14224985
14769178
7259758
6974918
3645557
7218940
14369602
7418851
14489742
3724668
14346128
11151469
6972023
7045017
3747368
3510474
3703232
14254058
7365486
14108054
3813736
14313698
7364255
14400886
10801541
14932198
14574934
7309951
6909131
14717364
14569937
6838846
6981390
3596755
7057563
14792680
7090541
14592409
7231272
6818922
7385129
14565720
3474022
7133471
3766840
14450652
3554783
7053189
3663668
7232553
7343289
14315216
3830475
6911766
7439058
7110924
14787195
7112263
14497498
14819861
7059659
7364568
3700644
7059067
3835932
6999181
14188891
6919781
14877090
3651140
14426160
3799427
7112593
3650743
7268789
14340352
7283425
14226016
3695734
14530227
3540887
7241439
14600960
7385798
14482264
14362652
14675679
3452701
7245491
14458715
3537850
14402850
3707776
7129746
7202057
7045070
3563831
7084437
3751926
7245886
14529513
7310862
14606180
3612309
14413859
7167204
14066916
3736172
7050101
14649049
14321724
3716319
14647871
7234268
14082776
10953839
14523437
14587929
3402974
3788786
14432998
3766276
7111996
14528160
10638483
14220973
7360605
14364450
3687114
7249845
14373160
14219767
7424149
6852805
14642920
3527602
7194867
14586106
3658177
14383347
11123043
14751353
7024734
3813688
14621553
3714421
14582158
3700315
7062072
14726265
7290267
14590043
7325130
14370075
7363498
14386279
6656801
7007957
7238899
7150890
14394045
14352274
14500397
7279690
14354146
3556768
14236028
14562566
7019554
6996296
14411761
3634176
14165787
3768746
14464331
7458347
14537315
7054777
14572055
3662067
14385704
6966965
10907176
3709715
14334796
7356786
14408724
7341765
14311935
11117696
7414129
7101642
14627000
7069613
14739722
3664875
14548905
11130912
14561761
7127318
14241718
14479244
3649912
7042056
3690937
7056763
14120047
3803999
14157302
14404792
10744595
14213838
7409336
14420264
7217386
14548043
3656554
14247840
11130915
14642754
6866839
14512431
11130260
14485907
14390366
7210848
14266394
7339144
14300184
3718745
6934148
3716153
7209333
11116345
7058357
14655373
6873776
3721703
7270299
6963435
3576427
7088772
14391943
3505669
6947622
14556619
3701404
10749366
3586416
7325690
14247284
7395496
14527335
10976274
7235023
14383140
3700314
7243721
7223205
7196430
3641195
7108467
7315478
7075575
3688284
6971676
14476552
14449781
7015749
7072262
11088138
7179096
6916337
7188202
3616329
7216617
3764162
6920049
10514579
7405626
14494057
10923921
13903909
3504974
14620660
14531449
7315872
14573356
14585327
14426796
14528108
14307724
14591524
14459387
7437711
14410933
10857015
14210572
7346616
7082803
14487259
7211844
14662878
7184062
14473346
3549151
7154370
3740942
14316788
14730987
7176294
14444834
3656916
7096640
14199887
3784836
14573920
14541046
7159056
3398799
14550034
7183474
13962583
3748015
7174396
3634074
7273695
14165751
7197943
14578493
3671478
14417890
14854952
14506471
3670628
7191048
7410106
7294982
14697592
6858353
14446427
7167320
14167950
3774984
14649331
14312365
7490608
14434838
11131129
3744723
6952013
3693148
7072878
14402546
7193321
14466481
11143312
7657326
6995660
14702986
3648613
7146625
7403598
7052272
3684824
7183596
14667340
13992116
3677613
10770764
11021875
3628911
3675017
7135982
7415520
14384493
3730424
7185825
7367570
14398638
7327660
10750583
14512093
13940235
3687942
7076307
14382188
14402999
14533184
6962668
6890138
3546019
7118340
14404117
3645988
14485394
14370231
14300984
14080488
6955888
14739979
7160178
14682568
3693440
7116211
14441385
14959623
3656174
14226081
7424011
14427102
10773442
7158566
6906346
6780487
14521911
7362796
14321382
3634245
14493358
14736190
14621587
7193756
14403262
7165740
14519651
3753737
6998476
11075554
7533880
7171978
3697435
6940538
10545550
3579789
7206052
3653263
7141427
3750957
7158259
14189410
7243640
14589633
3712669
7241049
7232986
7189595
3711954
7123380
7120424
3756611
7401268
7469903
7124261
3693812
7121967
14554539
7357357
14330745
11285517
3764329
7077303
14038666
7291133
14578812
11106789
14609668
7022892
14476649
11104553
3702464
10732118
14347820
14303449
7132873
14372082
7123041
14205737
3650757
3451968
14409997
14526894
3642587
3632545
14416043
14595770
7037729
14498122
7010872
14401657
14355661
14505621
14205068
7189726
14292664
3736685
7009158
3636860
7051687
14223648
7429619
7205653
14533241
6962035
14528093
3813897
7020310
10854403
3555535
6903993
3760574
7000718
14265329
14173109
11222442
3658159
14236318
14690087
7081717
14405801
3797307
6928481
14641981
7176035
14196937
3709874
6886996
7358204
6808782
11213100
7098767
3751932
6991015
14371085
3729812
14249991
7264415
14294692
7317193
14360842
10939850
7007725
14460134
14762665
3417103
14665883
6923368
14261486
3711239
7119712
14354352
7432824
14297112
6906462
7089431
3706627
7193748
7412645
7303174
14435836
7023566
14555633
3687620
7057712
7459321
7181823
7290992
7100976
3657055
7073834
14408366
3682810
14230015
3613531
7050075
14018992
7351275
13985615
3758663
14103713
14611637
14369328
7120857
14517860
7392189
7051805
3652367
7117285
3745665
7121996
14326798
3764031
14186481
11024418
14278845
3754901
14518322
3738339
6880053
7334305
7256605
3714181
7076092
3755051
6997370
14458578
7495633
14160879
3654441
14114975
3697088
7108952
3788340
6983599
14668408
7392237
14042628
3632368
7195042
7439693
7206414
14620087
7218449
14619238
3766497
14358431
3612492
14448850
3688648
7031584
14738611
14383972
7230829
14200460
3560468
14418990
11120781
3769074
7130464
11224436
7138963
3436953
7090882
3626051
6989557
14558731
7272059
14632982
7418489
14453687
7409051
14237573
7144605
14698883
3846376
14109160
3621883
7059152
3702245
14268667
3701496
7252479
14171707
7091320
14336779
11253540
14409075
3562109
14423975
7146909
14481841
7003422
7004834
3748385
7217607
14528854
7430861
14502404
3627310
3531301
7226520
6952078
3459862
7077872
10590403
14537437
7063896
6932978
3715106
6990092
7219437
14481457
7294450
14502462
3564670
14529131
14605048
6915208
6902733
3754398
7145657
14382061
7319260
14684159
7149849
14426477
3747260
7223063
3643507
7084812
10916136
14029679
7275223
14160674
14414720
14786939
3699300
6835347
14452307
50159
10642047
7441029
3449508
3694777
14656074
3715386
7132340
3640364
14928049
7137651
14531299
14603655
7210626
14454080
14394464
3705587
7044487
14450818
3808177
14302391
7483466
14472384
7288846
7125747
3739884
6856748
14658109
14698599
3671710
7113966
14527167
14367677
14289128
14538215
7135116
7144672
7092702
14475543
3646126
6887462
3643211
14308001
3660799
7287967
3689213
7155396
14537413
7166894
14542899
7416149
14295313
7238664
14304428
3702143
14493529
7058383
7101537
3691402
7168507
14529246
14865171
7282976
3471828
14451968
7236737
7024764
6988758
7219633
14451176
3686588
7175562
14644590
7311272
14630273
3514611
7043686
7178227
7305657
10971148
14224291
7245306
14439172
3720774
14597246
14578058
7121260
14506144
7267079
14369385
7151673
14444646
3747570
7097480
7317653
6934077
3656604
14582133
7188823
14776159
3703219
14255480
14619587
3591359
7137438
14085567
3677330
14174241
14534869
3435538
7275426
14780326
3697510
14568040
14748518
7243734
6895670
7370227
7213001
3668985
7101050
14436524
7288039
14539546
14619394
7232615
6976587
10762216
14116909
3598525
14093293
14563070
3770727
14362551
7470275
14158867
7420524
6927034
3702611
7162100
3744024
7139379
14182334
3503303
7066410
14437508
3556294
6855831
14456127
3736430
7047269
14228907
14328108
7050075
14344632
7040332
6984068
3717211
7087408
14379425
14762568
7267162
14251414
14480032
3722499
6969292
3704005
7091456
14345725
3667188
14362869
7118031
14370085
3559815
3121131
10907817
10907313
14649264
7058110
14208191
3751213
7143051
14261216
7249593
14707924
7328434
14490052
14663029
7123048
14495299
3698379
14598430
7151514
14361047
10787896
3842307
7109315
7357349
7143140
14750248
6863611
14640737
6980594
14375429
3733006
7101776
14309488
7161315
14555649
3691564
7010157
6878274
7196074
10800764
14005446
7374539
14585511
3744983
14670964
10843092
14748686
7129035
14463288
14652083
7201512
6841619
7365961
7219096
3702826
6993023
14215413
14633724
7388776
3708751
3629413
7219700
10460390
3730337
7216376
3559725
7104641
3747976
7048209
14374686
7237508
14531852
11088396
14785915
7412691
14385418
10972337
14315139
3489781
14576953
7106736
14464569
3741102
14368562
14950097
7158454
14258921
11171787
14445234
14326517
3666637
6815610
3698189
14413809
7370904
3800974
14646303
6913791
14585750
3724536
7205882
3790183
7251342
14421285
3744346
3674564
7170403
6875075
14744412
7133717
7088777
7021472
14608896
7221116
14633772
14739200
7101955
3674507
14565218
14637559
7198332
14499569
11081496
14923095
7291265
6872216
3711467
7084509
3664624
7121788
14296324
3790273
14488103
3599519
7155884
11033159
14394296
3654598
7049222
14134315
7406510
14445096
3727927
14356305
6910478
14311357
3732634
14267344
14485843
14527485
7197946
14241660
3668144
10697868
3588956
7424775
24625775
6701455
27728484
14296640
13225942
28825834
14368932
28276156
28283823
28554032
28078807
28682518
13523441
28183719
29428374
7100019
14216684
21664870
28161146
14720171
29472453
7029397
27913197
14526842
28995997
22461594
27237831
6966176
28346328
14682542
13771207
28959754
28502254
29703121
12941111
14115243
22024910
27596376
28622683
6901599
7910434
28685925
13203585
7949810
28658493
27458232
27715848
22188330
7147666
14602211
15494713
14237986
7222090
13794913
21591051
28955538
29646563
12949521
27957809
14299258
29434417
7708208
28336776
28540962
7031845
14272326
22322152
27883473
13863260
28977049
13629348
28145176
7959740
14011215
7187835
14055315
7160103
14118302
29631817
14728840
28846323
21894323
28668936
13923299
29423906
14012500
29406037
29989740
7101646
14282725
15503813
14313621
7242796
14150663
14516820
14228751
14656832
14628791
7296653
14041012
21393507
14292801
29572126
21094891
14268417
29173021
7240472
15005013
28763563
28847171
14553225
14392306
29109436
6963272
28025328
29641110
30270608
14260203
27825634
7225937
29248049
28558749
13883482
29646614
14618089
13503124
6967252
28716169
7441688
14058630
7098419
14063540
7212316
6722205
21901972
14778793
14700536
7720487
14795676
29610074
27918476
13880757
21635672
6978418
14041410
28721617
21752936
13133600
14316786
7680919
14223077
28539534
28920629
14018252
14264618
15279167
14208714
7070818
13855451
22204771
29129522
7363256
28424789
7236699
14180300
14975314
30193665
7180884
26657218
13386178
28159677
22580850
27626279
28535355
14144792
28821285
29945030
28748393
14094848
29206365
29309411
7311615
28785797
7179219
14200647
14838449
29450810
28821020
14357189
29132995
7135789
13958737
7189933
14182039
29698905
28535004
14588153
29261119
14186053
28974285
7211739
14444212
7384382
30433215
7204068
28001717
7058569
14073358
7188999
14584773
22194299
29626488
14029816
29311703
7119958
14163389
28837010
14630344
30059340
14271483
29445490
7768090
30206051
7614775
14297054
28657549
14225055
29632393
7241218
21921951
14975746
29142927
14304939
29162398
14893438
14861764
7621143
14011654
21587959
28298897
14408101
30031992
7262019
28588051
14549266
29552923
14488765
13926714
28957297
29846745
29236350
14274742
14097606
7197148
14377332
29817017
29208088
28954667
14963340
29339977
22753055
7525258
14384046
7230691
15297420
29316536
14645297
29900867
14276158
30049702
7384507
14543803
23292084
7604469
14357459
7255198
14176358
7246145
14183802
14242066
15130708
28571237
7110466
14574094
21579451
29466397
7331690
28848334
13950739
29525514
7401903
14018231
7092856
14532520
7566616
14327331
29044857
15175537
29104886
14386210
28778005
29874731
15285392
28561148
29985969
28933635
21954528
14647228
14625184
7613605
15001893
27704015
6992912
28372759
7200170
14430228
7541934
7091917
7712536
14670881
13923632
7098142
14032929
29361410
7226804
28933277
29170454
14212784
28316994
30019997
14962265
29925333
7484609
14072305
29010010
14297472
29276078
30330141
14310071
7080559
29075284
14982188
28974750
13933430
29719974
28696535
21710765
14223534
29941963
28833978
14663276
29142594
7247871
14190254
22663433
7289806
14251327
29535366
28760995
7153049
14026354
22031567
7127154
14373384
14924581
14700403
30331970
13732831
28934716
14022343
29474323
7643055
7016320
28488678
7152707
29133631
14290281
29085652
7249938
28968970
14221463
29100064
7069433
13880165
28938625
7315406
14532915
23175507
7642880
14065079
30310314
30099851
14941542
28727054
7119609
14095963
7231863
14562291
7295074
14044630
29912282
14499717
28515113
14939662
28701121
14612864
29111847
7321415
29719893
14075613
28607875
30013290
29823308
7333712
28800402
13947839
29606687
14455570
6595539
7138009
14061550
28573236
14581662
30691279
14686099
28390475
7284548
14659435
7273629
30341025
14333310
28654748
21826300
22558217
7172294
28936441
7277168
14414419
7700740
14182009
29365472
29345468
30126708
6872106
13863400
29005884
7214885
29380344
14434109
28773282
29174811
6924174
7349072
29031052
29868142
28361122
13792999
13868071
7278864
14431430
22783682
28943724
14119035
29141319
7247160
29409187
29195142
28885272
14535952
30171668
7391058
13999441
7048470
14063744
14403283
14466495
15453236
13977661
29168814
14112487
29549687
7482073
14839622
28904319
29972785
6767446
7245617
29088982
7324644
15269091
7337488
14038410
7202034
14153167
29053331
29220115
14982707
29693100
7393428
14128492
14542257
14698460
30158755
28841788
13874384
14472122
22275055
28553776
7105253
14487386
28304390
14508504
28606658
29264684
15149340
28800713
14305038
29160576
14481497
29585684
29132934
15086432
29000001
15023412
29916235
28662950
14199716
6747530
29579484
13672725
28914714
29637068
30213157
13686980
28571703
13143120
29302432
22167670
13682896
29379797
14241991
28686652
29000179
14789796
29029267
13781626
14180221
22052087
7299601
14697264
29880950
14302538
28978289
7267194
29122647
7468159
14768625
28502461
14183096
29353356
29676276
15252761
27913980
14109793
28872248
29755770
29233791
13837228
7800558
22098900
7019864
28468328
7117293
14248108
7887182
14578531
29011415
13937473
14855047
14632740
29995757
14282233
14651559
14185938
29176968
14669038
30013400
7328748
14065697
29305426
14026307
29315170
7554365
14721968
28393129
14395838
28596444
7287843
29457690
13752688
13704853
14269977
7267253
14673800
21306445
28918805
14433338
29577342
14425444
28951730
14788407
28671635
13968872
14251057
15287683
28894296
14237271
29391839
28626400
29099418
22337041
29419603
7592177
28467073
23206569
28935423
29440117
14411665
29658485
29847142
14004713
13722200
22022342
22294330
7494058
14667339
7212615
13985860
14412081
14643198
14108104
7223382
14130102
7731832
14507015
28889253
14277937
29304186
7297760
7577509
14899427
7493165
15055589
7224146
13925301
28727251
29429557
14182906
29726580
23065663
7333151
14024938
29054811
13944751
6658481
29484572
13696956
28784654
7284732
14392289
15065677
14437180
28995688
15278176
29217084
14299144
28934882
30056227
30079425
14299316
29818979
14391774
28465912
14158422
28784397
14467501
29664142
14392520
28860047
22098951
7434799
14644903
14556166
14052112
7223728
14243565
22308135
14508519
7541389
14553506
14469052
13964351
21915403
28692512
15339997
28534839
13760594
29100485
29573489
13127102
28951942
14028883
29461725
15015408
28599299
7087143
14410896
30188412
7110538
14420217
7191282
14197924
7256431
14395993
29518176
7069793
28207701
13936949
14049918
7351271
14630051
29249780
7037127
28644778
7336315
14136945
7241637
14122459
22604349
28241102
14713143
29212966
29451556
14035008
28868237
14596253
29284416
22489175
28258556
7020515
14089661
22236668
21649172
14133321
14416513
14664212
14143336
7243162
14726213
29835755
7225850
29852847
14243616
28551109
14277636
29259831
14616737
29686385
29711386
14370414
28556702
21906318
22524257
7463913
14046308
7115674
14064636
22048144
7595767
14320581
14604777
14310927
7287043
14350766
30136654
29303755
14797795
14430149
28985166
28840993
14374170
28661923
7161160
28943775
29627198
14338769
28456358
13886953
29212006
7267618
14099637
22106870
7313661
14385402
29526310
15096670
29784318
14147144
30147314
7142149
14054780
29404646
7237904
14819528
23038639
28318517
14655760
29661700
29689352
13875319
29949479
29259284
28922790
29760757
13359688
29473378
29729082
29287717
28955584
14086249
28948437
7058508
29758161
31153457
13845237
22376352
14358746
28466517
7179930
6718321
30147922
14073918
28733150
14191340
7003327
23255887
7174173
14552607
29739300
13898429
29333989
22731750
7407517
14233862
29296749
14076241
29517556
14601742
13957637
14333753
14044344
14478442
14213560
7309621
14583018
30282622
13763286
29694737
13971419
28844060
7902199
14296033
13971752
14158932
7319570
14280820
29455572
30067828
13992918
28599851
7192277
8229512
29606789
22982136
21381815
14468300
14960182
7402783
14217890
29456156
14087958
29245269
7558009
15019355
29288387
13768792
28932239
7671277
14164683
28844624
14346514
30201367
13840237
28776886
7179398
13954662
14414697
14162595
29799879
14623483
13986003
13769262
28906710
13995635
29724905
6924926
15047910
30559310
14546384
15152945
14221720
14913204
29318949
29987031
14483772
28959869
14352648
29162437
29815907
13990626
13766984
7685841
14378736
7286232
14142301
28900668
7572543
28549009
7185491
14178979
29571329
29867889
14487409
7099803
14092992
14055640
7417254
14713184
29122660
14242977
22233549
14516442
28316030
14608683
29776240
7629496
29124192
7043770
14664338
8027796
14409045
7803087
14796145
29532918
14474600
29528513
14645852
29632568
14034734
13790993
7174581
14096469
29142366
7691240
29519311
21721988
21285219
14312258
14076532
7442842
14666670
15871843
15730489
22037752
7065378
14058506
7141087
14163549
6831439
30130822
14953561
28609607
29371926
29051576
7193865
29110783
14405789
14530751
7846998
14086743
28291507
14745655
14187139
13918756
29022497
14694269
28163602
15006019
28553288
14262960
29195313
30455374
14442757
29240379
28590542
29249747
15038747
14572349
28802518
22890328
7473443
28770248
6889123
7335289
29339243
21945267
7295397
14743688
7498361
14279246
29139087
14431962
30370963
14216422
30423126
29201540
13840437
29069918
7244383
29353117
28920198
28760980
14152171
14345829
14386387
14008129
7168467
14639551
21746225
14041424
29299507
28626801
7123505
29923768
13310765
28734968
7696221
30548690
22034111
7228097
14207778
29887213
13979569
29967788
13862229
13848912
7223898
14250774
22322971
27950919
14228601
29594415
7194760
28853397
14037745
14287254
29222021
14102049
29257631
14139583
14970941
13786841
28762840
7160607
29731854
13999615
29173957
7452744
14162590
30368009
14841473
28514946
29062548
14525175
7764164
14505836
28655658
14463739
29124803
7388072
15484837
29312871
28483979
14494450
29703635
7704090
29273063
28877692
13814962
29099444
14303923
29486496
28701624
13950153
13820434
14739067
14469888
29956833
13798576
28951404
28948963
14135574
28802311
14653839
29548087
7833367
28514799
6958740
13952795
28443524
7334939
28587336
21682188
29333741
13902716
28621401
14297688
29652597
28522735
14285867
29200325
14196998
29382184
7333949
14215511
14640995
14263601
15178993
6833607
29437657
7631280
28718899
14640059
29549574
21894767
30058901
15415790
29741292
21813748
29566650
7236197
28920618
29420561
29761816
14623892
28290032
7103364
14130426
29619817
14460104
14592302
13808796
28739863
14475148
6669095
22476724
15129066
28995397
14361637
21458543
29652647
28412093
14717147
28724411
7149678
14174713
7743283
14315383
7256043
14192711
30256891
7331498
30032211
14158038
28970367
21969366
7254259
14485577
7517794
15452986
7449723
13937451
27811876
14279641
29341402
7171682
29426460
13770188
29799635
7214471
14130914
21897616
7244755
14572456
14715528
14482325
29836829
13849131
29792487
7678688
14122893
13917726
14087163
7290535
14243587
29418556
29595909
14054892
28725059
14091523
29594998
7200848
13755716
28585256
13963794
29611415
7513484
14012089
28342418
15030418
29178784
14137998
14336881
7482957
14771009
7188063
7215202
13903928
30087536
13892274
29354510
7328972
7729403
30135483
21976249
15215610
14199025
21947558
29353164
14220913
29658353
7087627
28601859
22106787
7361626
14616930
7564022
14616160
28409752
14126335
29169412
15062562
29139955
7613927
29055478
14647443
29168459
14734998
29614269
13996005
6350524
28870108
14857109
28639523
14507880
7017015
14566849
14258541
15132689
14104718
14304651
14098206
22048014
29702637
7555586
14039242
7096332
14042811
7198533
14715796
28889418
8292358
28710761
7165936
14169091
14554020
14313917
22673655
28731319
21906233
29413725
7195036
28887013
6529087
7427598
14636362
14833983
14274885
7800742
14367589
6813240
7236175
14478475
28841658
7174466
29444277
7150563
13908092
28887386
15141372
6821115
21905280
7073110
14449945
29427979
13932287
29985110
29772233
30061386
7319834
14053550
28705429
14255388
30103051
21788217
29308108
14199909
14373666
7107616
14029169
7210545
14242814
21628595
29821496
14960235
29811723
7044789
29311723
13947397
28957572
22399445
14398125
14121817
15472526
29444185
28562234
29324557
28716281
14376451
29321648
13982834
29915569
7582510
29533199
7189703
14118429
7221750
14286238
7246118
14319779
29605333
14133504
28850574
14033083
29238457
7190779
14166169
7420076
14578882
28529043
29373484
13830598
14570071
29462860
13916192
29337796
14554829
30087233
14953853
29748223
8177820
22410084
7386097
14155661
29882467
14413242
29120447
7202833
29721428
7421085
13992456
7098272
14049867
7171895
14208746
29540732
29279227
29187932
14574820
28474288
13919544
28935189
29979456
14304073
28657960
7214160
14195580
7298616
14501780
22460749
13993445
14365750
29146222
14445825
29447331
7548626
28760909
7166164
28802831
15081328
14019769
7130167
14209886
29154216
30102910
14390356
27743914
7134543
15206904
7258504
14025740
28795088
14556395
14132820
30111127
7270060
28276126
28474449
29448483
14756156
28339569
13608605
29051857
30366642
14255300
29967764
14887876
28621153
29933615
14199698
28882985
28975375
14716596
14833945
14406566
13768439
21603708
28355313
14644883
30891564
27243957
28006837
14552166
28470097
14107504
28816217
22393554
7868412
14136137
7068889
13945093
6753982
7171600
14527731
29479379
14375933
29092941
21891436
7124028
14194128
28945990
7946678
28659670
7195161
29095265
29828450
15104514
26751466
6491979
13610464
28054288
29674659
15424714
13885374
22439246
29233101
27965545
29180129
13815735
29200116
7236544
29689206
7265655
14238697
14572237
29642686
14272397
28958744
13887677
14085796
30895943
28507108
28827168
14184169
28562443
13347166
14332071
14369040
14721227
7391914
14250973
7249349
14176910
29542428
29478297
14712931
28792617
14628350
22129129
29661346
13135466
29739425
14389481
29492634
30152483
6868567
7301829
13947939
14767063
14438095
30616014
28797431
14397958
29094798
14495843
29586510
7029877
28407616
7175541
14387763
29605435
14107155
28703026
7613520
28758998
14449686
29325296
14589716
28919127
7069857
7322353
14453086
7479810
14992236
29061184
6995237
14520336
29582270
29713867
14200667
28165246
13627594
26815151
12674652
12887039
6635528
13021335
26222133
26773378
26377764
13352013
26773947
13694145
27206989
6917731
26830638
13357802
26098479
6653484
26523475
6772657
26081095
6540135
13139443
13611254
26797179
6797217
13296119
13649022
13283102
20340860
26762865
13098096
12922103
26881699
13651436
26603738
13247617
27563598
6663857
25907557
20453450
13642855
13172491
6767548
13051207
13349349
12757794
7049288
13217589
27639614
13165635
26417664
27497772
27230612
13267120
27210791
7034734
6171500
20622511
27222891
12919203
6171674
12764874
13007044
13875840
13173698
26872476
13287114
27267669
13135005
20034091
13364181
12599680
26185055
12990127
26757596
20528046
6843926
13778105
13974350
12961558
27555842
25425767
6950032
13116576
27535959
26456515
12538460
12579612
6780348
12898665
27040887
6822829
26657353
6631310
13218401
6961751
6364137
6948349
6967306
13718625
26269034
6756511
26359946
13618947
26337438
6806658
27372622
6973046
13438054
20472744
13490162
12788404
6686289
13289044
26688309
6723433
25909299
7054469
13187956
6905714
13387854
6976945
13201312
26960133
13487403
25926623
6894103
26718510
6865896
13309291
13432275
6822317
27577317
6225724
26755011
25689948
13033263
13786768
27323672
25662847
6360059
6541789
12529623
26860355
6833434
13245492
13599749
26676273
26814176
13129982
26585964
25895792
13339353
26743626
27891690
13278355
27083918
13515403
27223910
20527832
6791014
26785914
6784906
26461524
26408236
13460556
13224303
20550171
26511779
27014796
26732877
26700510
6238595
13710481
27225158
13503002
6651467
20952115
20569158
26880326
12800804
27286277
13825244
26071376
28055439
13118283
26306629
7022124
13612984
26728337
6755425
26666007
27342404
13415106
25997105
7029838
27215476
6806454
13143280
13544766
12789681
6667643
27065067
13482220
26594142
20322892
7020927
13453580
27090894
12766047
12965751
13752672
6995179
13309800
26074396
13998773
12987493
26312544
6883209
27060334
7038335
13525085
26677375
26839833
26670740
12289781
27046884
6784415
12906495
6788026
13263109
6733314
13099048
27179404
13563032
26950149
13897660
27166595
13452252
26393626
21191579
6946780
13001386
26524097
12943645
27087348
26566590
13256649
26201611
13323412
26364103
26869511
13170266
26379263
13685863
26490173
13115482
27234906
6873829
26346881
12948845
26549758
12949919
13230695
7077857
13221864
13605902
13182033
6732449
6164389
6707037
26180718
12919483
27365422
6748234
13028009
13608057
13661228
6960487
13458942
27486782
14069794
26468724
14034552
25839163
27285390
13461958
26688464
6720878
6705177
26851126
7125160
13129258
6689001
12566746
6753741
13241286
26861259
6730097
26221512
6943605
13089186
6932365
13569791
13828431
13226111
6880213
13361260
26667305
6602415
27420637
27147317
27708522
13044102
26354049
6732732
26297125
12672271
27229412
27060212
13147365
13095840
13559633
13044503
13391004
13033685
6580870
13036814
26763618
27928353
13529376
26835263
6728590
13168276
6619100
12802022
6657237
12796519
27141720
13478938
25784119
6395259
27530285
27555334
13430943
27282663
13516204
13078208
13035012
26271224
6702628
13109373
6957049
13382941
6906749
13237712
26669026
6667163
26233324
13614299
12841686
6984508
13372726
27274072
27465191
13573481
26397179
13255760
27070069
6683625
26735363
19995080
20170971
6803607
13274924
27881818
13339889
27352782
12782845
12972370
7008114
13418405
26947113
26987869
12875800
27794206
26566003
13332715
12960819
20326723
13550786
13162129
26917539
6680163
13085671
26771646
27432235
12873750
27434701
13124877
26953353
6603963
13498052
7039267
27475264
6932554
13163957
7027407
27086929
7041407
13387687
20176675
6469923
12863045
27003325
13255456
26451013
13867228
27524753
13695136
26026923
12645348
12744353
20588783
13301590
6649404
13231966
20972423
13712009
27042148
20293450
26535061
27014902
13221552
26394071
12634584
26630387
13097485
26764253
27196528
13075875
13482685
14067389
12981776
27132511
13739618
12886211
6781793
13168639
13626997
26740821
12898550
26878577
6938388
13070866
13507595
13410161
6982944
13045718
13340567
13011058
27553763
6965324
12899656
6774961
13078510
6217904
13043043
12784439
6621916
13383711
27466491
27021228
27436218
13243044
26802575
7064144
13046271
6767694
13021093
6958247
13119083
27314250
27109968
13690092
26479524
27772948
13195761
27192492
6549694
7178456
27103432
6623812
12905732
6765273
6714168
13316534
27429476
13510522
13334703
6889195
6320910
6753191
26596462
13315908
27081034
26750272
13597667
27288379
13001610
26894043
27089405
6559794
13443937
20623449
13158945
27680310
12849736
26313304
13179819
26930834
19854962
27467648
13326047
26660259
6714974
6124065
26483888
13843035
26589710
13271903
26271492
26967989
13045372
13574467
6860733
12976670
7037137
13640390
20077691
13307223
26576881
6630649
12549081
13648729
12900088
7019708
13357871
6972564
27228678
13728889
13500604
13456909
12775885
13593220
13154985
6929201
13470005
28155376
13331898
27218867
27176911
13751731
26035517
6746057
13193042
13854299
13085588
27168618
14024537
13418247
6956182
13242116
26861606
13055863
12374304
6666469
26933126
27540120
13240272
12283758
6688310
13339102
26934507
13344554
27226862
27458337
13125080
26499347
13186424
25930595
6781027
25949987
12970580
26129508
13118535
26904140
6866516
13445067
6938745
13415688
6913128
12928253
5929920
12855968
13194427
27426387
13040762
13452210
6971728
13057882
6824314
12922087
27552580
6830109
26457759
13382576
26688010
13982703
26645512
13559018
27093996
6842401
13120846
13643726
12191336
6922793
13168632
27137901
13413695
27368116
13048079
26330325
6924321
27283328
12943603
27109668
13626013
13006324
6893842
27146603
6857581
13426514
27467355
12775923
26328751
6649900
13240616
26726281
27307649
6800482
13082745
26691698
27095130
13438692
27188624
6976718
13308979
6668484
13033459
20681679
27007080
13381617
12931858
26988403
13204134
26350222
13200202
27033540
6791556
26423450
13377697
13269333
26608228
6957395
13326222
6746490
26451753
13436095
26077175
20497090
26763452
20801006
13351583
27455027
13754597
13083451
13028106
12700562
6689645
12900707
6494182
12986747
26939173
13495771
27412018
27696827
12225511
25897876
13462516
27069201
20859889
28001081
13347905
27277407
6879124
13246493
6875440
13213531
6926828
13505704
12981223
13355488
12908540
13452189
12780001
27234338
27131205
26475190
6848355
6794157
13171376
27020875
13900071
13305639
13135223
12661850
6994826
13404667
20160043
26343357
6705008
26441474
13428521
26714581
27609683
13175282
26388311
7020496
26536764
26762646
13318099
11890372
25648401
13254522
26392702
6946157
27557391
13015401
12500893
6531855
12801938
26615420
13391511
26894204
19899104
6863272
13436425
13629759
12950400
6749215
12975553
6723773
12975339
26910075
6776688
25944888
12888087
25307260
25831688
13784142
26828845
12840640
27013345
20370351
20338923
6663966
12931260
6501184
13111590
27012932
13206993
26890426
6722590
26612563
7062020
12772382
13714553
27130087
26905018
13162032
26850013
27242666
13114986
26228468
26933728
12969281
26623996
13231698
27253414
26915538
13459210
26518563
27681300
26332224
13051415
12848331
14146954
12908551
7061094
13601911
27645614
13430390
27420791
6845781
13370533
27281768
20165944
12935412
26918608
12412076
27011359
26602455
13126198
12854026
6900114
13244726
6904707
6844470
13090344
6805709
13459930
26785033
27368192
26868611
12504448
26452849
27721368
13342997
26218733
7002759
13074408
27160535
27986945
13558961
13426773
6922098
13314543
27290590
27417913
6367263
6598016
26932619
13533788
26784743
13263192
26887231
20476484
6684423
12668244
20233297
12941557
13665047
13263380
20079430
26836903
27117310
13016300
26106919
20219280
6849714
13156022
6842139
13419160
6847270
13295547
27552719
13585286
27499500
6408846
26453411
27022862
13102971
13208666
6692147
12963103
26835614
6328366
12998802
27489480
6799493
19568583
12827230
27478147
6779369
13149369
6815294
13201518
27430501
6833092
26559190
5876696
12806606
27065445
13725713
27280918
6837879
26428871
6796900
13158447
20708982
6762146
13051940
26703367
13365010
27159602
20178424
27245838
12216924
13055664
20477506
26672229
6707386
27059472
20606213
26929629
6942544
19493401
6669829
26278952
6792196
26227875
13562228
26284752
26481997
13269313
13538854
27436193
26447118
13509993
12673850
27253651
13082664
27168050
27281784
27826260
13469768
27300080
13876788
27066958
13450782
27384916
6717674
26040509
6770219
6713999
12921203
6823326
26780944
6979693
13317796
20830843
26518157
20148554
6827325
19915773
26933288
26410662
20238269
13371428
13357675
26900961
6760975
13389869
13990715
27051941
13491213
26294700
6707578
26756583
27581136
13226087
26819586
27369941
12988321
26276294
26595672
13889242
27158199
12771756
27063541
27322931
6984571
13308849
13744832
13505132
13223296
12879428
26917671
13037960
12564572
6686192
12532898
27249432
12991053
6742267
7037649
12719339
25964295
13315393
27061189
6861876
13349476
25855930
26958209
26877944
12508874
26473636
12804367
26265334
6754690
13173318
6812201
13098323
20278487
12935866
13337561
26945871
6883267
13142046
20309750
13769768
13178152
13533255
12790116
13787233
6233934
6771872
6743892
13116927
6796407
13337462
27329528
27863146
27428425
13002553
26230429
12812623
26889192
13054716
26763109
20288139
12815350
12477721
26285168
13606693
26835205
27279704
13510960
26574364
12860349
27240041
13370522
26883716
6952744
26944698
20709174
26685696
13302096
20634355
13629773
13002042
6906995
13321065
13895001
13363305
6763873
13102930
27936497
26763021
13179203
26351380
12543982
12565280
21080114
13382772
27569871
13462677
12883303
26637328
13079544
26198999
13386313
26141411
13073703
6657779
20427105
13778038
13864395
12979790
20611637
20226447
26583353
12688826
19743816
13323596
13078760
6964181
13528427
27407338
26838988
12957512
12405138
26998372
13257416
26850433
13535542
12976756
6851696
12948415
6906297
13199972
26414164
6527978
26201731
6814533
13105317
27320974
13624577
26191627
13715580
26828064
13527302
12475809
26269563
6748962
13165077
13340359
13182258
27922257
13205357
26867752
13469071
13096970
26502240
13752079
27130385
26251583
13585168
27256005
13563781
13058879
20570724
20021264
25705310
13513141
26758402
19936409
27704328
13161936
27466031
20749794
27530849
12658904
13356199
6710958
12958767
26596436
6890083
6225748
27251258
12728839
26665502
6891643
20019952
6957686
13662091
26784196
6689663
26788662
13802692
26672410
12527218
26548475
6690197
26007562
6667907
12985143
6828667
13164413
20696458
13114878
6739611
13035453
6733424
12816280
26846910
27130066
13146925
12882718
13659956
13547992
13723248
13343516
6951925
6197386
20665016
6924962
13360775
19878489
20573983
27642093
13460921
12951681
6618130
6558936
6921982
27590834
6760593
25629815
27184466
27168149
13690425
25986293
6869423
13629476
6957279
13146807
6651114
13362915
27084278
13659919
25906823
6768201
27564062
6694260
12855931
27225485
27036094
13666964
26828401
6954064
26720823
26575199
26537878
13195137
27092920
13326912
27436741
27182668
13401049
26883345
13396784
26734578
27137712
13494566
26667012
13112885
26270294
13709963
26832299
12877356
27049800
20280142
26629412
6737753
27065655
6753491
13058590
13795294
13251644
6894497
12773739
13893087
27437564
26019134
13856257
26632448
13764463
27330824
13952378
6347412
6834650
26827484
26903306
6107153
13194596
12342227
20619948
6846281
13095774
6895640
13318691
26740984
13707549
13593226
13303126
12712247
6659415
12915867
25964664
13645301
12976333
27283121
20517587
27226636
12893183
26356499
6809091
13236869
7160067
12889984
27712737
20725069
13748889
27382942
12108065
27387157
6881699
26172103
6553491
12963807
20246273
19791063
12966196
26517172
12499506
26816586
6827645
26561012
12840361
26309396
13403887
13045634
27268635
13742469
26844843
6619863
26703099
27003905
12955654
12333668
13587484
13088276
6787357
13228942
6926956
13748730
13295477
6905620
13124106
6617181
13140533
6168867
26660921
12725697
26705853
13527012
26116937
13581621
27512501
26896729
12946183
26382309
26901085
27424261
13712968
25803545
13782992
26819997
6868635
27258542
7024283
13329829
13510964
13256754
6843381
12966824
6718373
26850927
6916086
13637827
6971506
13280068
27411738
13691450
26540019
12920582
13035288
25992709
27438997
26854856
12776711
25900563
26099674
26450294
25388020
26721444
14029881
12838501
20629669
20180305
26331017
27566174
12903941
26244355
13596396
26635545
6739745
27349494
13074520
26892145
13809236
26522712
6784835
13188429
7066566
12986776
6665958
6548889
12590097
27174037
26613700
13536478
13256056
27460881
27047133
13334474
26563797
6720785
12905306
6763554
13558735
27098357
13509313
13529176
20602482
25843659
13329352
26485500
26892712
27039106
25707646
12939886
26397624
6856363
26462824
7097052
12587173
12197801
27528919
26016490
6125056
6718929
25995382
6876458
26780289
13652961
26593099
27051719
13157497
6787975
13235010
12755062
25988505
6512698
27062548
27192412
26634756
12602026
27019120
6725727
12188542
26071196
13060631
27252544
6982117
27033008
21120741
6529277
13194816
27185144
26483963
20258034
26676212
12782455
6094141
12769713
12731785
6912723
13163924
6802321
13244705
26407655
13093851
26676038
20116255
13034651
26241524
26308279
13339839
27133161
27528231
12829820
26694713
13025005
26903805
6702685
26624808
6943787
13349297
13592249
13215195
6924874
12957601
6750358
13225741
26772012
13637378
27098383
12517073
27057467
13505879
26915041
6957833
13310885
13432596
13269565
13790777
6492044
27022659
6973731
26561529
26727775
13357493
26957139
7015621
26411891
6771743
12851657
6677884
12692209
6545952
13265826
26701046
7106678
26362543
26789006
13213318
13204472
6905377
13231715
27638666
13192906
26799856
27359795
6960001
6870422
13135544
6721073
12923358
26787850
13157322
27286997
6843411
27243270
13569478
6625610
26232304
20835250
25825144
6683346
12909003
13540382
13119483
6785968
12979514
6736311
12811860
26839550
27468784
27378031
13885252
19402872
26199821
20731115
7034420
13035438
6894636
13418965
26168041
6624789
26194386
6869099
13472004
6868263
27052598
7015819
12976539
6659618
12558414
25968382
26619544
20083596
13399449
13140607
19964170
13086209
26620546
6818226
26591962
26089888
13034802
27075297
14168626
26476590
26217517
12666446
26980779
20252382
13872234
12914214
27684463
13489339
26752017
6845993
12761305
27277125
7049620
26973050
13260142
13293585
6150227
13444312
27363566
12558069
26940479
7054381
26160255
6549797
12618725
6810634
6257106
6770754
6679387
13111928
26899206
13745822
27609086
6784685
27164929
27173424
13196770
12704488
6764584
13186774
26452556
26698998
13170729
27096165
20772458
26184752
13377283
26127660
27247283
13443135
26431501
13328632
26807106
26934930
12999368
26817764
27034065
13646826
26159789
6584249
27436173
20160269
6576435
12904516
20607168
6899880
13232405
27255056
13602614
26729193
6971401
27026107
13798971
26609149
20048249
26897060
6833125
12985856
6827057
27522593
7061778
13338310
7002778
6386804
6769730
26924948
6913331
26652689
27653964
7130418
26789373
26999770
6851206
13438300
25972977
12816956
27684765
6715768
12877219
13432058
13074790
7065768
13156058
27662741
13228986
13771082
13370336
26110215
26586691
26308487
13094288
26720080
27087352
25845810
13378962
26947807
6836654
6239271
6956015
26776548
27010894
6320924
6961865
27224924
12769100
26803437
12409513
6713806
13493414
12965042
7012627
13317737
20106776
13324832
26496402
6650177
12327968
6939799
13022207
6777796
26957517
6940760
13626429
27152886
13207742
27524676
13143315
26603468
27243249
13172477
26975521
20407949
13902491
13442195
6936976
13269996
26595465
13366862
27272204
13171242
26541749
6867784
13346526
7010331
13268848
13689017
6871942
26031265
13473309
27450009
13001156
26377094
13557437
26197459
13248575
26908498
6915406
13095199
6891479
27334973
13386560
27063361
20223870
13388348
12621108
6421847
12781137
20405643
13096093
26684733
12679086
12857832
20289075
20617279
6831785
13267959
27322628
13106520
27385807
6731464
26604533
6855813
13237200
6966848
13009606
20283653
12644171
13207341
26732283
13271164
27019836
6620355
26344674
27249960
12777868
26738118
27204553
12365705
27146969
6789837
12975036
6785561
12625053
6579446
13073637
26759192
13601639
26988475
13479715
27120985
14192702
26918826
20755910
27730964
12851952
28036513
14014552
27226185
27518650
6509235
20444792
13274562
12917084
6833035
13384443
26652924
13118398
26706612
6800797
27084377
6909244
13227232
6770789
13079284
6810996
13213233
26911427
13343059
27317934
6909693
27153279
13859852
13096921
12968967
26752257
5818987
7037313
13290517
25473079
26720652
13875545
13115279
26552924
26925892
10342435
19849020
15888278
12497296
6341576
11817605
6113233
11953448
4426868
9022756
3280479
12648327
5956280
13540547
20041062
18451409
18177927
3097990
13980150
11464058
4910020
22770962
17833264
12705550
15076294
4450986
6972738
12652748
6069381
2404543
7981434
3725636
11224127
21396121
16471654
14785104
16087806
7765271
7794916
4161332
7845136
4048164
8061651
16275209
8013994
16079963
7916314
16234342
4088575
7662521
16001756
7906983
16573339
8195159
8171180
7894291
3715000
7494542
11736209
15857422
7840696
16101202
8126508
16083593
4144562
15866255
8099583
16258931
4186176
16043829
4120079
7853390
16266769
7771951
15851528
7787702
16160834
4019452
7581594
3357957
15978543
7696180
16134995
4088183
15999840
7504580
16096360
4057019
7742742
12204800
15932763
15503273
16041407
4011879
7804730
3994647
7737008
16507518
12330959
4085009
8036889
4086494
7818533
16542126
8031598
15974603
7799230
16231712
16404689
16071448
8107694
7767320
4011790
7763532
15280830
15937227
15123473
15870218
15533300
4092164
16060930
8177383
15850051
12141352
15813644
16235212
8059211
15903281
7763211
7640687
4041830
8132419
16037336
8260178
16090013
16479112
3988804
4062076
16209105
3831987
15411950
16013251
15195467
15698581
7395959
15392168
12259857
7746943
7601770
16182059
15750422
7867935
16114201
16540424
7880190
15939454
4110211
12200226
7985506
15989878
7720214
16090938
7868977
7280454
7720405
7492843
15907449
15792656
7298399
16084224
4065876
15764945
4076764
8036335
12265134
16383941
7869331
16071736
7676940
16201372
12087218
4094433
16215778
4126840
7967903
4033847
7879195
4091427
7886070
16206852
8021998
3902218
7770737
7785130
15717644
16087891
7719676
15774286
7365700
15893900
3991000
7796305
12087454
11734771
7874561
15750154
16028333
7755212
15996635
4078243
15904131
4034866
7896080
15545322
16339211
7934591
16035245
7742401
16088960
15760564
7635757
15476961
7857039
15960780
16345220
7963028
16366584
7814509
16143678
8008499
15875553
15931446
7609970
16032104
7746233
16213207
8185672
16101143
4203649
15854689
7762771
16071758
16621274
15472864
7243759
15933045
11965068
16122635
8030500
15528292
7780872
16145096
4069215
11561319
7733203
15877000
7955143
15830516
12016359
8257495
15780556
16746526
4089639
15824645
7923380
15909703
4091073
7838485
4003278
7930785
15708489
15218725
7708900
7505070
11856819
15705034
16207429
15573361
4130191
7819630
8124781
8052356
4057920
15947145
8283775
7907246
4060903
7918112
8151881
16172499
4043922
7948512
16652840
16005832
7877095
16092239
8110340
4041341
16121139
7828117
15367675
7661598
16057051
15199853
15647286
16250241
7962636
16263707
7895533
16235976
4139787
16045218
4145571
15999315
4129729
7912430
4065033
7841330
4037824
15937470
16439239
7788813
15730991
16252885
16159140
7316732
15749228
16099417
16052518
3940786
7747347
15672252
16147395
16183903
15898634
8201926
16099639
4062233
7828620
12169074
16047547
4211096
7972677
4068412
7824352
8112717
7855623
4031658
7848239
16100853
4087836
15823331
16306935
14849023
3945593
7605974
15771885
16326230
7784972
16041344
7452351
7388317
4054068
16394310
7759338
15869661
4116181
8040972
15904750
4080338
7798643
4079614
7858269
4146257
7973089
16176622
7993685
16274393
7970663
16254649
16552260
15816784
7484776
15726595
16170485
7757045
16309058
16345408
7907567
15927176
3986870
7847106
12176500
4173059
7869510
4018928
7770475
12227200
7705335
4071341
7859201
12140039
15741841
8128071
16253261
8078720
15987454
8010120
16021054
15840761
7425614
7495702
11824142
15467849
15619985
15887910
7510765
15897965
4049739
16124157
8101946
15986745
16065965
16024356
8132550
7936925
8152260
7795285
12208539
15890267
8182830
16216795
7568874
7600252
8009407
7549302
15363411
7467048
16061914
12110110
15707330
7314378
15635605
7931036
15855776
4026641
7756596
16149784
8033686
7870099
8126789
7866478
12299786
15618716
15942357
4009348
7730548
8009518
7953368
8214146
7920068
16557551
7799621
15900338
3757646
7424973
11828920
15517590
7328868
16227009
7983112
15992130
7889180
8090193
16129118
7808367
16128365
8047144
16013240
7940982
4101370
15962981
8153581
7944804
4141311
7909530
8316591
8029825
4128149
8037952
16235379
7973940
12093524
16125194
7648106
15526192
15740946
7625949
7569601
12140640
4076401
11943524
11523602
16326873
16245731
8018468
15946932
8091354
16098219
4034205
7925376
12473682
15959145
4049536
7863725
4114850
7787348
15984314
16763134
7616143
15983502
7859463
15868687
4073655
16144078
3964711
7799793
15760771
7925306
16287638
4002568
15823999
7641909
7542721
3979035
3686099
4100634
4098073
7862163
16191795
7811850
15866840
16349866
8043359
16136017
4228648
16043405
4039344
15909111
16155223
8091043
16000174
4055247
7894888
16045723
7727177
15975387
12152752
15745249
16136337
3767569
4045221
16033475
16294004
3627604
7947588
16080498
12216378
8170346
7670361
7624431
16240518
4139083
11782837
4023095
8180708
15644681
8073734
15968597
8199699
16143631
8012126
16149480
15958988
7868686
15976019
4034472
7849003
12204092
15975559
4053986
7858061
4063085
7879246
16259046
15526624
16169496
16168451
7769107
7682836
12193506
15663152
4092921
7638124
8010252
12140518
15904038
7995441
15974117
4006233
16021213
4063186
7757744
8459644
7952974
4106767
7943737
12178277
15921941
8170524
7741916
15918888
4083330
15849462
8181676
16048000
3971286
7626717
15593796
7907481
16187778
4100968
4112206
4100390
7939286
15725068
8114993
16059262
16095452
15697611
8105682
7759378
15929594
16337090
4060900
15812527
4064323
7836249
4094816
7965139
4104042
7941846
16215527
4166729
15654229
4214082
7964609
4031205
7822549
8085519
7843518
4029989
7960843
16051964
8299350
15835813
16320015
7975146
15955257
4020832
8189257
16113179
8123024
15937485
16312725
7854794
15978480
3758891
4044678
15998542
4045720
7818742
12210957
8222412
15899424
4007666
15888356
7898207
16177282
4023527
16109586
4113748
7863599
16156759
4047766
7917317
15869949
16306732
15789000
4026840
7757105
15723228
7976303
16168819
7735813
16185519
3951253
7715751
16223779
8041181
16146308
4082052
8007738
12468826
8083975
16114081
12015624
16109094
7712633
7716417
4085884
8065691
12105667
15681395
7938548
11927560
16021033
4056014
16153366
4152219
7952029
8126367
7811309
8069491
8190881
4141866
16140027
8182680
16245371
4144121
7816507
8163394
16201539
16341955
8063419
16224330
4044972
16096755
4114354
15950272
4046344
7872348
4039898
7817300
16201972
12399148
4140140
7900416
15721894
7812286
16193772
4014219
16317113
4141967
7832029
8181492
7818134
16374638
8377418
8105950
4037606
8012522
16139063
8023012
16414373
8020727
7996530
4095327
8054714
16164813
16030925
11713502
15348995
7899967
15959644
8093132
16073196
7769796
16183095
4024419
7626083
4056903
16078208
8199300
16164054
16297779
7753270
15918844
7681304
8150677
16218764
8225247
16013687
12402818
16390964
7754429
16221786
4060881
15861926
8217909
15924365
4115043
7915134
4088189
7878931
16330761
16264515
7799759
7701068
12225087
15998665
8028436
7661772
12118474
7875922
16300682
7741478
16028643
8110838
16067253
7733911
15884763
4123787
7851456
4120142
7755133
16430898
7744789
16285155
16341082
8345865
15975905
7791278
16197375
12232824
8022466
16220409
8037070
15838614
12228438
4153848
7848199
4028636
7910730
16141640
8196366
16346298
4104242
7661125
15999397
7900831
16190060
12201914
4039213
7801789
4042713
7759868
16197597
8040456
16123073
8040646
16051177
16245090
15938873
7816255
15857048
4052343
16062244
7828102
7839531
16185496
7811427
16084791
7927704
16393610
8034823
15515247
16438949
3914887
4134346
15949465
3975874
7905820
4101595
8034104
8259040
7942339
3958442
7968617
16180918
8061948
16232766
7986408
15833527
4095977
15816614
16276033
7760992
16093093
16616512
7803244
15717334
3912256
4124234
15681379
15761578
4027051
16215387
14626716
3883320
15864026
15565876
15938973
15977836
15358196
15863373
15459948
12219406
16019256
15968216
4070077
7747525
4108125
7929280
16274455
4080854
15923275
16226556
7930022
16118253
16173815
7976814
15728766
15869023
7978636
15957853
4035889
8109394
4115725
7988810
4071778
7981544
16230649
4086883
7920955
12118184
4058370
16106007
16315660
7867721
16229247
3974682
16127214
7800744
7608600
4076699
7684177
16059651
8164144
16115854
15595632
15497729
15445374
15791618
7595633
7486995
8198292
7820356
8120798
7831582
4189041
8039058
4159365
7896597
15920415
8144968
7861533
11826719
7959995
7500414
4011602
7908253
8127075
7905548
4085399
7982197
8166438
7983347
16273612
8005431
16231663
4157717
16030386
7974422
15893391
4023667
15755586
4006772
7864065
7713428
7914278
7699697
16151502
7977826
7709595
16231939
7758783
8003829
15817342
7985931
11771604
15630571
4033138
16041103
4006615
7779453
7960175
16197204
3983083
7824125
4033089
7892898
8209419
7937218
16378180
7855579
16024685
12072835
7793949
7750760
4138749
7888556
16206976
7848400
16223772
12443779
7897525
7606104
8174066
7791214
12040188
8069145
4149755
7904382
4194712
7926174
15947173
7939608
16190727
12213425
3992380
16360155
7941195
15956169
4175183
7632823
12285033
4074510
7925461
16596342
16078725
16284840
15844545
16165847
15424521
7963181
15956870
4043644
15953576
4113531
7977378
12228856
16046382
8045833
7742706
4082804
7801273
8234758
7932831
4147104
7911860
12090579
4086730
8249300
12356246
4165467
7960694
16076155
8060940
16268561
8070569
15846213
16334984
7897704
16047438
8092307
16174295
4046355
3645350
15896504
16235411
7840052
16085350
3969025
16020514
16445032
8032065
16113546
3998429
12188630
4080178
7892902
8122273
7947770
4087621
8124195
16250556
4103172
15941162
16035259
16409083
7785939
16036118
8235158
7767413
16271732
8240067
7819127
7629290
7910614
4091759
8022694
12310514
15971028
4119763
15949405
4117916
7777039
15959797
8035723
15988148
4093777
15980557
16392297
7871365
15849532
16324794
8021086
16055932
12063929
7779786
15903850
16496003
7706654
16087345
8232722
15837737
15826685
8056292
15970473
15975689
7975761
16135220
4102334
15832131
16207841
15547602
4044983
16167453
8115822
15838107
4257557
16163461
4042247
16240035
12363960
8139827
7956888
8189772
16251420
4043931
3734440
4045869
16305334
7671471
12022949
7726994
8012983
4156984
15922041
4014025
3972341
7984077
16092110
4080171
16114713
15996358
8090480
15987064
15897299
7584561
15973710
15194421
7501943
16007446
4100052
15891233
4082991
7868687
4011621
7971235
16331924
7920730
16091694
8417917
16032149
4024990
7744800
3976812
3959246
8031580
4126076
7896933
16062272
8066932
16304757
16473529
3941097
16281370
16032824
11987952
7779028
15955609
16291698
16070977
7723040
16231399
8060791
15975380
7714698
15980504
4026892
7878491
16231032
15775230
16124235
7983704
15928049
8042926
15961774
16030001
8154601
15980911
7753106
7810057
16771358
7673103
11906094
8036828
7679403
8010880
16023552
8101433
15992679
4111408
7970888
4125410
7814833
4078775
16226351
4014378
15783355
16146313
15939722
16308404
7922176
15998064
16186795
8033817
7902898
16505835
15396966
12294690
15803706
7819170
3748314
12171309
3987566
7889072
4074689
8016987
8044751
7770334
16469606
4103387
16149687
12318871
16069007
7652934
7886114
4114190
7978488
4155336
7973865
16074207
16114689
16122096
15927730
15506094
15790531
7669560
16082980
7791364
16047444
8259827
15879554
7995256
16112674
12296648
4047953
7828533
16177740
4080214
15827277
4109064
7749984
12025662
16405067
7725675
3669940
4005436
7758021
15568764
16323089
4065048
7836137
4038875
7913123
15972623
4035914
16171705
8080909
7712618
12237792
7895117
4066982
7916296
16200041
8118371
16145818
7824026
15716548
4008393
7746381
4104671
7794069
4057003
7918238
16200583
4095473
3533020
16210709
15936917
7919123
16126954
7886130
16240823
12236290
7876250
7778440
4158273
7988797
16211610
16067694
7845705
7795693
4045153
7927068
3976813
7708390
15984494
4019355
8046410
8101110
7896122
12159484
4123715
7956537
16022228
8142813
16287523
4144390
15998497
4115263
7948005
7629234
7796795
16197360
7822407
16056144
7624743
15849290
7415090
3983807
8013711
7571145
4124092
7916044
11857681
8099596
16514325
12488467
16144051
8082937
7803619
3963233
7884646
16313813
7827816
16160947
8240079
16036517
3986792
15805836
16298576
7696762
15826318
3971916
7760453
7862029
11800881
7987475
15606984
8031032
4009495
16294839
7576796
16065352
7438433
3981712
7849991
7683395
7951292
8001406
12277277
4141981
16006197
7983212
16288421
4051288
8013687
16537531
8253330
8252762
3972084
7921784
16033859
4040562
15743461
4005228
7902910
4119898
7993333
12299900
8043437
4181419
7915214
12141669
16698347
7849923
16193382
4057631
16105332
4082121
7932513
4058214
7814011
4056225
8047656
16084353
3945747
7912053
16272468
4007630
11786167
7869338
7735694
16402705
7994534
16261464
16287702
15914679
8094469
7863058
4015303
7745294
15995808
8218308
15927346
16484561
7934350
16186991
4036061
7768002
4059270
7891504
16415941
15470622
16286765
7970328
16118696
4086485
7898218
4029120
7910258
8097126
4100279
15610026
8075944
7697674
7889035
7677585
16120758
4138088
15959827
16307899
16355750
7266211
7859987
12375230
15802340
7940282
16081176
4042117
15903633
12068375
15974869
7385772
16402538
15776462
12310758
15809834
16357670
7749351
15890560
8204671
15967601
4015844
16013873
16069116
16258709
15698471
7950324
15901969
3959400
15817637
4072121
7873448
4225747
7912358
16599600
16025737
12219754
4135638
8006341
4063597
7844729
4055052
7815299
16238663
16195728
7955148
7752564
16459903
12200691
15940395
4016956
7832191
4073187
7754302
4045611
7779642
15939563
8237855
16068171
16385793
7946766
15937406
7889726
8071691
16086712
4149522
7817716
12057476
15935026
4094538
15986227
8047373
16026781
12120753
4013338
7890902
4052668
7818722
4076919
7847000
16237705
8081095
16320189
4058554
7758763
15947356
7933846
3736157
16222892
7633874
15902473
4002838
7897688
12241335
12341703
16512688
7833801
15850627
8051426
7838796
7725923
7577586
16254708
16404878
7979560
16047463
16129947
16119093
15849902
7938356
8059417
4012653
7794631
4079482
7926281
15990022
8051314
16409014
7654818
16121263
16176950
7919494
15753034
4100425
7824791
15905598
7981660
16299273
16078497
16244097
7890287
16074708
16100256
7776105
7680637
8166125
7926522
16368033
15997264
4005855
7801457
15672153
7910757
15576388
11758985
3951711
7853647
15749296
4036889
15763045
4027840
8010841
4014956
7925843
8195636
7797090
16393264
16440960
4069715
15669459
15883799
7854791
15930102
12213531
5501886
4821937
2775918
5272972
10684238
2663765
10489519
10754553
10797167
5032520
10589035
5565635
10515482
11273395
5042735
5376377
8157783
2561430
5374014
2824859
5345209
11004275
2721597
10921091
2786731
5251374
2605352
11187921
10901397
5500066
5382719
11081626
10868797
5044774
10904763
2800257
11127286
2729568
5417727
5453047
5336738
10293994
5384925
10686746
10841659
5475367
10759397
10758127
5473326
10679067
11092547
5293170
5117403
2700246
5323557
10673144
2551446
10670923
10528181
10913932
8100483
2589555
5355420
2756710
5372860
11352145
5527026
10515823
5395388
10595519
5291764
10833712
5428492
11102382
2740129
10641859
5319235
10876990
2440620
10729216
2766603
5501154
2755615
5523423
5589936
5228069
8343864
10804931
11225692
5395771
10421473
5423876
11167229
2670960
10950997
2844229
5267673
11051866
11098469
5601758
5039709
2722190
2744663
5291741
10810584
2733755
10892972
5138695
10423226
2680310
10885206
2781600
10628054
2895591
5139183
2820130
5451832
11290051
5481881
10450603
11006008
5231424
11006270
2754576
11107390
2567969
10562900
5512674
10719400
5076625
5199633
5609436
5191978
2861731
5262519
11176235
5459073
10786639
8680211
10767755
5112551
10907828
2557936
5282297
11171926
5236779
10968563
5261580
10831443
7813233
10828566
2851945
10378409
5225076
11280976
5589703
5338669
5340041
10913816
2627240
4983482
5598358
11115089
2686155
5474699
2739094
5550273
7951304
10609145
2556040
4820036
11161240
11039394
5253509
5211432
2614396
5195365
2545625
5372932
10795960
5473416
10730027
2617842
10718987
5175801
10914582
11215870
10576451
2590900
10611617
2540100
5455185
2871862
5304114
8160124
5451976
2585526
5623644
10984919
10887850
5418900
5228467
10940805
5172163
10960769
2711716
2486996
10578414
5462964
11108470
5817612
5406099
2776299
5529697
10745508
10780109
2798993
11132634
5005650
8266062
11092451
10868641
2634161
5378406
5606366
5348175
2750735
5372008
10920336
5581245
11135714
2631163
10639574
5445169
10890573
5296194
2500786
2840121
5550469
5225266
8333502
10686880
2739776
5137979
8224951
8569884
5508418
10902433
2811096
5495587
11013817
2568064
10981162
2752107
5198734
5644612
5613268
2759755
5079199
2497285
5414560
10826307
2565007
10726200
10965539
5605278
5161916
11158674
5243761
5198122
5423743
5336347
5236187
5284164
2820674
5176404
2516424
8026502
11207623
8569617
8214965
2721103
5299166
11239100
10897931
10653498
10658899
10897578
5418380
5473187
11145929
5636657
10898827
2615816
10738421
5362869
10337713
2775813
5178047
10929967
11042887
5217108
5139239
2691603
5292214
5658858
5150736
2693591
5116429
11254558
5160029
11008867
2754783
10713809
5469198
10710433
10789743
8141260
5163850
2607432
10622754
10788076
5512679
5438800
2933684
5164311
10727100
5717282
10583710
5407463
11127318
11279251
5573754
10591103
5349456
11211243
10903743
4950158
5394164
11231500
2544737
10403228
2798380
11054971
10688018
5434338
10693092
5117888
5055316
10513063
11076617
5240260
10690845
2879263
5421032
10912030
5118180
10844456
5541898
11058322
2807264
8050868
10485444
5423636
10730236
5227628
10739961
2805362
5129989
8374177
10418579
2682128
10677055
10597165
2672913
11222425
2716754
5275633
2674221
2621589
5208329
10813971
2586035
5221670
10428235
2686342
5081734
11242145
2773833
11003752
2820558
5142849
2761196
5231832
5669268
5353302
2648402
5441213
10358504
5491122
10590533
2845416
10798162
5474076
10603199
5540627
11123238
5174788
10954279
10931355
2609183
8200401
10378317
5186938
2724647
11322131
8495940
8313804
2752421
4935484
10919954
10928486
4997545
5197739
10552183
2707462
5171092
2791301
5074120
2822360
5234989
10962935
5722201
11016756
2719543
11071046
11086356
5201044
5240835
11157072
5304871
10908098
2648983
10889459
2891311
5284374
10999980
5450704
11122621
5590104
10519800
2913847
5534867
2695056
5378060
2741987
5442463
2690867
5564111
5001830
2753774
5333295
10491988
10840902
10927522
5115439
10815855
5311507
10897590
11161768
5111372
10688254
8368264
5407271
11032001
5343089
10705018
2742284
5459747
11037343
5234414
10783480
5356526
5306436
11040611
2631410
5552322
2870906
5007025
10890409
5527438
10810660
8209744
11294251
2261795
5034213
5477007
8071672
2833590
5424116
10845414
2866976
10714410
2641632
5326194
5515638
5169312
5326756
5271056
2754047
10617770
8270255
10873206
5203676
5425364
10715912
5428853
11110371
5292173
8314139
2589450
5394700
10624713
5398060
10591279
5376132
5360586
2672177
5391418
5561246
5432560
2668958
5542803
11119445
5260610
10784513
10452719
11042622
2590497
2626837
5024312
10694410
5307858
10871551
2729114
10641973
8224739
10843980
10706845
11285586
5354983
11231468
4977491
8212937
10762386
10302350
8225948
10702408
10988699
2665061
5453949
5630270
5269308
2609036
5276613
2738068
5370768
10952234
2804671
12122957
