33082
278
106917
324752
104813
368149
267469
319856
380859
83770
200065
462489
226690
274787
393417
159958
318615
232990
169718
104569
436360
316567
205566
513869
319886
172012
394404
974628
462154
835848
387240
817481
186668
971189
438362
963966
963670
375260
975825
774213
736195
158431
460524
453004
416965
458748
502586
926044
977380
418522
1012385
506894
788068
681098
380182
1110151
474231
834050
950255
949579
944501
501845
334584
635289
853766
923405
978687
537844
863572
191783
976270
261975
533843
869422
460565
934674
223754
450297
231419
409461
510687
531655
395302
339875
792616
768774
516038
383044
397062
853996
208666
426202
426848
940254
840481
758259
454853
882276
203368
176374
709954
164328
354786
262456
409108
566658
850879
232775
1065780
289657
811172
299471
462054
181066
320243
209839
485225
704998
161516
826820
284899
380397
993716
396463
912915
524792
846760
406861
958153
245712
967473
160641
394843
188039
362485
182114
171123
200381
831019
966971
410593
475213
280611
466058
834320
466526
849881
790286
946293
459428
987184
274764
446154
804480
261409
1075144
693677
734115
775150
882515
818671
405049
1024436
253873
1007803
489694
926044
711691
927639
508872
1142383
236331
503977
721306
755063
368567
902707
705687
848558
1001282
633403
189867
791358
178521
456651
973962
527152
857220
292243
924170
229047
479898
240558
364729
221887
423943
822386
434317
470806
922569
562618
219149
446508
545065
261698
876238
203903
463656
971209
911854
957578
870430
192770
507734
313778
396875
413927
376788
646856
508481
750964
842686
847080
1032507
466489
560093
265986
975830
398360
891645
194159
418479
215487
460395
1036523
887961
491961
773853
333056
487397
1012697
143797
467385
838947
160892
863403
654819
1012188
182890
725223
229874
360807
491511
376742
217406
390348
186238
425634
1056918
405302
796142
852665
703644
465435
930593
355889
975297
238208
478261
371130
1032081
165024
474205
156003
367900
766730
524493
480494
336106
919595
534578
840134
505451
834662
205959
319255
221954
456484
445924
445946
350613
414603
291918
411274
764887
426722
659947
380324
1033062
227028
842556
825201
878610
467781
810543
293352
536304
750996
525856
813397
182912
815996
919734
359461
170800
191118
428204
762212
256676
865871
515919
217656
466797
851617
538452
1015303
824017
852281
503813
537824
278529
406728
499935
322019
265629
329193
698629
470991
818217
503351
977813
401426
897628
268986
719243
1009967
464145
1063225
433249
361308
834689
396271
813124
291665
713442
212015
448819
922594
349247
949307
1035826
484565
482025
792299
371251
916633
773168
436842
892992
271895
939620
250858
449997
670794
220595
340160
883413
481259
771011
424386
542897
278358
469340
488082
490659
389394
857215
844652
907167
474230
489117
236734
420723
952390
429761
840305
809387
509278
962593
170768
935284
580212
978677
755860
366353
891374
298834
322560
759359
347422
337493
579604
921233
546933
777851
188906
338790
598998
825900
548765
959885
296055
444797
842922
412856
849945
283130
926808
909532
440846
946182
1066152
420845
946168
749576
370677
977119
251203
422278
1077003
189997
381163
876000
396949
901292
642732
494268
484398
264619
337466
954400
170250
924727
538954
889016
730209
257003
512599
188627
429920
910663
689937
382196
895128
167559
464963
861097
967086
402346
799432
284810
908849
161416
469012
182753
536748
740057
330662
944305
263067
431911
435263
820453
445010
498288
573310
477417
195836
414806
229000
564370
860301
318669
775523
691654
381229
1093384
411542
481834
558506
536395
170252
402244
874890
352300
849573
259927
375730
850820
281107
454237
987816
473067
753505
439940
256663
862519
703516
444825
178172
492263
520161
197319
468821
596617
902902
417620
896119
742745
346987
1016838
439072
815301
174959
727673
432409
987807
285542
833388
876046
387180
992617
837230
728865
324476
891140
464680
175696
439730
365360
645432
468088
209797
479391
1056676
387816
409105
158676
203356
419205
306765
490573
494702
473281
211179
445548
834502
455015
906325
308102
976374
773795
309653
737225
262646
357731
468909
423633
490302
899556
282748
947493
245034
431435
491054
901634
476488
534972
420918
428826
510845
469147
832758
341117
934289
489176
284591
357319
162961
352097
899814
382982
964792
980877
780531
414794
397770
158933
541298
943956
370775
789545
813262
352144
439853
188484
418612
841837
912834
444164
636732
521366
697343
714335
197209
440092
278223
466819
834799
143008
663905
507483
1056585
385379
292784
273258
499070
936005
810430
374448
399341
999490
330520
817139
403485
339028
216030
469275
938313
465677
784553
257318
966635
757517
365075
856363
543987
621331
424970
384029
1017919
428207
529514
356328
392570
470381
950170
990098
803578
432061
813508
310401
951198
373889
451673
215558
457465
939858
500787
898146
535958
906042
442190
969516
507008
972366
383558
678349
536286
518857
280180
523701
524887
741148
295124
905678
318890
497525
491665
495608
295798
439577
158512
162659
858946
247944
386026
264738
967889
243594
972643
464990
535225
1078876
935597
950906
480025
541653
892361
834928
880291
520637
1059499
247695
729949
227843
448144
270096
712180
189713
521196
469320
293072
411695
442320
813586
157385
407349
842803
160042
450116
791074
602898
353313
379840
235894
495278
994566
985497
803683
467492
912128
773605
729471
423785
900381
737616
228905
348844
1046181
359286
465120
487067
371448
260762
431885
1063544
928769
456413
924792
419709
837595
729377
285788
947018
862762
560493
923456
249781
643072
221763
438795
194705
1025067
1018149
367869
832122
438014
922511
338365
790939
284254
455539
247052
512579
182675
481561
752840
377493
925057
844721
650269
336625
388078
405169
783551
209762
917744
255448
472016
817152
362534
957591
178787
856718
784514
957571
387136
807158
679296
838185
226404
993629
722837
830123
404770
870419
232250
802431
817538
1014449
205696
247058
811157
1056573
374631
948630
248735
883545
811425
442331
913421
786401
351106
820687
170152
173781
975658
518812
422714
248331
326874
717134
444017
840622
543825
1079331
1013897
441318
830062
494037
705865
158700
352749
241037
1006321
263337
470478
256512
508097
450897
908320
515139
458605
288131
448543
1008792
427016
671561
476439
925986
533314
799568
635691
802084
455807
1091598
224041
828923
1041807
421758
976760
918860
457397
477193
176964
457985
622026
202958
450493
238754
805066
166392
426386
1021479
407725
851695
842088
881373
408753
772264
492278
818057
842240
317026
402010
207578
369436
764119
328802
241023
501936
526863
848237
941181
355472
1066575
688853
265264
439402
199506
876983
209677
516123
218350
922727
212340
490497
774663
340052
859402
277779
413513
156188
188552
430805
154204
365251
277057
232614
257611
787584
380800
796752
425428
795732
903979
449095
919065
177618
174831
384753
191933
417443
957982
410422
872954
346818
720099
191367
528791
433664
469732
649229
842755
760753
234401
849373
434636
1003883
476909
274753
664963
188871
476424
173229
402498
855507
505178
730644
488155
342321
803861
504549
240976
572381
199762
491422
781916
850010
923417
813089
825794
172218
915529
770160
412587
1032224
1009265
525679
546068
641606
570035
901511
403900
756606
472760
793768
470662
367850
491540
832113
989996
956335
388887
552482
183473
447840
809055
233813
875740
993779
945943
362088
426126
281197
361198
973595
452301
451798
840385
927006
564692
755112
148811
205604
925922
448180
919403
228761
451833
1077104
375941
792954
1095065
375927
660056
275147
851845
185137
462509
218020
372797
959154
419101
1103676
832821
416726
871298
855046
358383
1083238
174765
732489
564544
1031980
468074
761380
416880
850875
244886
576826
425958
162752
205551
227684
479048
859019
582946
705422
256421
846101
504074
753526
189830
457905
232136
518708
447629
467223
331443
442257
354649
433120
165236
492182
1015262
385446
823190
490554
825993
172905
707306
440886
811357
540392
993362
375352
194154
529340
826298
231329
347914
950923
238674
782707
688832
720621
373838
776122
972533
912076
341190
839962
804742
609758
382679
927218
223682
700762
395528
1066091
255038
531464
278935
370194
182420
432687
192342
821623
503092
829404
790958
756301
375632
341010
405532
625606
272586
460402
648349
518134
1006525
162399
471859
367121
401680
174021
445752
210590
1014665
379355
379559
221936
397104
912351
365806
1017262
488030
802223
207028
1056018
507562
941871
1072477
461058
345304
725529
430580
885966
875759
456565
553831
847869
754963
518715
918097
841959
425051
735401
645219
166655
377255
434825
379346
311242
824067
175371
395935
458323
488642
212746
863741
301920
475490
351313
369067
414893
517468
243487
923087
207877
182019
1029577
509828
266579
283620
483548
946064
370536
825781
148468
428023
247096
477125
755947
327964
389401
334327
524213
992573
910295
251555
508872
401058
953863
249721
490394
831158
779168
743074
437398
476028
250335
403655
233613
409929
907825
228824
835638
195018
148100
656641
248186
853109
185111
307396
809767
352404
767483
259948
420885
290364
535849
429530
328656
534825
371292
970604
339876
250470
852183
171956
452248
794251
1038409
568041
851297
632626
836892
291832
500007
527221
416350
245399
528541
1071701
881800
467064
1034562
835006
376075
817117
390594
921397
925909
374781
432135
241551
434220
200468
868401
492754
524690
839768
307957
948394
237618
355787
156235
472916
951087
428663
909486
964553
589732
681516
345029
343899
242043
477561
959553
794025
1012123
244329
991659
191418
602096
484994
438074
172689
318995
271666
492588
388796
184136
386233
1040821
547106
908893
870061
543295
324802
661194
998226
463332
758795
931039
438393
790222
235667
350997
177220
914945
183113
384201
547191
352736
858248
428353
238862
1025842
365530
935457
180810
937830
209356
443586
204958
555144
894930
950582
469264
784686
1015234
951983
333520
505500
951090
811047
956895
558268
872490
1046057
370927
921655
196447
912138
373799
993092
256817
328564
244362
250429
485424
392019
413370
394395
438609
190687
468359
238933
760358
185540
347380
474988
850663
238607
988097
337954
397033
956907
805131
1052467
374743
716794
265335
961737
192701
1014605
260883
407701
754152
900074
469549
675728
946851
817769
267113
286526
311297
507171
511325
468229
885641
356320
827988
786471
371178
536982
572772
419344
515594
400007
942686
813497
877942
503068
1061490
749476
340946
429954
863334
261988
455233
314404
370014
265199
409019
702903
564891
774306
511666
860382
1102043
508734
760554
802237
891375
830626
258449
487384
792727
202908
595460
519205
358260
320403
462686
184197
407015
258507
379092
781965
221632
924286
473512
894338
1026535
779289
297469
391270
192104
337336
256492
1025495
846660
214087
394556
780299
476461
963826
491087
364005
536057
930192
466871
412947
241438
180504
208188
702830
342345
902779
443411
877553
546432
835052
654763
565082
1040447
633374
457600
1024050
971545
455287
892999
358767
991569
273429
355812
385858
466714
592401
340346
239091
253883
464754
289609
446868
257064
986519
1041716
349050
927488
212593
437672
618834
878490
271964
238802
807516
651491
185528
473627
972546
242873
909751
146892
367982
795546
542969
867661
786311
380409
497601
833810
1083854
949447
189658
332944
237975
833115
799883
176601
883019
720580
844874
838943
793774
399323
471277
1032792
488852
930322
289305
966211
775824
922275
179795
290354
416288
225295
861217
666379
1094691
385011
882931
183941
713404
399032
956997
258124
504610
166339
381220
921775
490855
905988
579443
264663
422258
457173
353962
247903
501857
274939
511562
422139
353896
464096
530419
178422
836913
788707
704788
791787
800932
580782
376379
694420
872576
407472
795163
894018
506709
909015
861436
917316
471760
377547
270998
445418
179628
411469
660960
527771
963921
644135
250840
215671
274401
207106
431240
882716
509215
928327
493605
832166
325284
933937
200307
906308
923391
403919
230444
912889
390397
1013179
753682
818867
815922
964611
844168
796704
898470
509914
818519
495793
543202
424505
164211
870057
469202
552338
207360
502266
346084
451243
296419
524541
826702
201919
760696
873500
397547
831192
891066
424660
388537
194788
452356
291748
344061
796496
207381
846972
440875
329097
204034
228879
607851
263225
535044
260715
220933
275277
809885
915706
491095
872696
363256
952294
203521
377748
648735
213758
493630
818559
863789
349921
693537
237113
415729
162019
494235
497960
414322
220061
411295
613314
368037
347382
495935
813880
427453
933656
242694
461176
1116973
1012354
308287
828314
233020
446835
752968
551336
763988
184056
737384
263039
498067
751877
878483
733790
1015656
830347
1019151
881335
328570
449498
266633
419558
397924
423432
230018
511443
806409
243104
908867
167414
400252
393441
1013758
996574
498250
781027
919924
461283
158154
427198
838340
430947
385041
486585
839518
521857
182165
468909
638930
151251
386115
360326
399231
279253
379316
894853
239245
810400
211793
433541
411815
489208
400990
399994
174643
712829
190072
550744
224034
168277
280074
224540
516100
815272
796733
976740
1027653
215701
152794
677358
946059
810930
938499
350296
829105
479297
967489
842067
327703
409091
519753
798870
169173
466874
851148
443613
846180
452277
775161
164730
473484
563103
394940
278189
534815
843258
517051
476144
448237
690135
445025
517765
276159
397215
918299
351859
212063
869201
337479
891572
203859
800621
481301
840300
209532
939832
368186
1052200
752708
232531
608427
446108
892446
1835232
945399
1852137
463483
1833723
905674
912951
1919316
1839097
904171
1866863
460115
443259
1395405
470588
913503
1839152
483240
1793291
914368
1816162
1880650
1845243
919713
1844157
460852
1879419
478265
1854823
913750
1864946
961133
1776050
925392
1829297
463576
423093
1371413
1928562
894110
442464
925353
886599
457119
1824219
939271
433601
1369097
928606
1831253
913794
1823238
910083
1880495
486346
1877320
1419111
1866109
469271
1795166
965343
1873799
1915464
902907
1841471
910007
1857913
1889085
949608
460475
925412
1803829
443232
910523
927264
901148
478445
1892275
902230
437062
1393849
1872469
887086
401891
1919348
1413862
1911162
920978
1911158
1889556
901745
1831640
1857160
905250
868513
1862852
906472
1849416
445134
1799210
444524
878492
468485
889326
907954
892811
1844741
917697
1900023
1862028
930542
1389059
897974
889100
496990
903414
1928854
928312
1880634
1908415
904316
942657
475648
945292
1392865
1364056
931788
1865032
1429582
1841800
943079
935074
478070
945810
484420
917586
1880469
1829251
880233
887569
477573
886738
1847537
887551
1873898
463962
1861393
1388157
929774
881814
461516
417281
467239
1874094
894481
1938538
450034
1861663
902517
1848541
1449484
1846386
1819281
875425
900063
1873210
1824536
953488
896427
488240
915101
1856933
900260
1854165
888533
915437
930314
1857275
509764
903211
456709
1837830
489794
922152
472070
888743
907785
1900040
445719
939971
923409
911790
1857393
901426
1832386
1861708
912060
906514
467012
921064
445503
925726
1881106
977179
1798328
479149
1851083
452633
911680
472913
879766
1822737
952758
1826980
469202
1828425
492427
882135
1886153
895309
1834806
1894724
1840587
425517
918149
1873737
497536
1852001
470276
900956
967021
920689
491762
910161
457630
887789
1824640
954769
1773069
486784
1847960
934620
1909627
464029
920988
1881497
1902660
460094
1881403
886942
1825844
1426869
1831168
1820290
475163
453403
1844677
456066
909833
1905300
1397844
1838462
938769
1854811
472074
890907
1840442
1908738
926823
952640
1848702
488727
893133
1862433
476520
1771597
1388292
1871552
919613
444429
1811584
466306
1819546
469456
918379
1859065
917311
1850729
905765
1856308
936033
1846466
905810
880464
957318
898944
1930098
1783093
1872136
920222
1857340
489858
1877086
1863317
920392
886122
1882352
473529
1836987
458055
1842106
917989
1819653
918288
1819127
470810
1917495
960058
1424771
461111
1905462
942096
1851711
942234
1862203
1393806
929689
909925
1848313
906758
1829474
476087
1822218
1397159
1901942
899469
1876966
1872908
470159
921123
468304
917673
1897069
445865
1855968
1857340
1379189
1882020
928570
1845747
926369
1830390
475311
1878792
1390295
1817649
945799
1834273
1387014
1906574
1850655
924595
1873743
943743
1867818
467328
940038
465277
893568
1387679
916904
1883685
941033
462191
922878
889857
492525
907397
1858037
457507
933965
1860727
468160
1375759
488527
907444
1793073
899485
1869556
1415843
959545
1855383
468765
888437
960690
894553
477804
912153
943043
917096
470104
931194
1835505
1877212
917562
875431
1406270
881766
941688
894309
482259
886779
449083
933055
1412194
932631
1793875
1431317
1938695
497389
1813161
1902885
914128
1817924
1897294
1848185
1869347
1857647
1849379
1847017
926583
1846684
1437011
1882012
944138
906607
1916378
880551
1803392
967081
1835889
491304
900451
463701
1862477
1864699
894392
1846722
475210
908355
1881853
454911
1820199
1906542
894741
442820
1900917
971057
1853631
461637
894187
475906
880875
1896368
925839
1853831
472161
1846205
1851380
1870262
470100
892639
929012
878984
1878965
944917
1881559
937529
1893831
454425
1803385
1864959
911664
1841374
1391873
460958
935364
470528
914136
1853982
930272
1870001
1394136
886928
927007
1840689
477666
899250
931590
922130
470304
898638
1887199
1838966
470645
1376910
1409581
478067
466095
908419
929423
1851533
464229
897764
937399
1880260
948691
1377568
1866655
1861996
471764
917402
1844607
1890048
1870383
932754
907062
494525
903853
1849640
475675
1796218
1853068
1900093
1899464
894531
1828572
893874
1843777
470806
903730
1840299
1790374
475423
1879513
929088
1844186
1368098
934877
940143
924892
1868895
904272
1898151
479679
1842482
1865457
1847910
929507
1854051
894336
1837617
461209
931110
1407659
909149
902541
469936
933387
1412036
487432
928076
476658
911053
456428
894774
1881040
925322
1854177
459861
959664
961674
899858
468759
904831
900822
457378
900482
922912
912423
469591
908594
1821823
905127
1901239
1366764
460447
918932
1910985
916392
1862067
1399179
1887942
920784
1841717
1394650
468901
1377447
1898633
1822645
934207
1846664
902024
1886472
479452
428080
1842569
1827216
435311
476191
1846098
1895224
917895
1829214
916485
1845809
1857530
1876114
1807448
896563
1865406
460532
921867
477750
923621
1868048
930272
884175
1822649
926609
1834334
450087
922448
1431018
493222
940806
457569
926305
1949490
1815325
1379860
468536
1872776
1872304
908834
1850180
450923
934570
1811855
896826
1887972
468672
944219
938955
959834
1374991
912277
461715
929907
1859425
460305
1839261
954212
1860899
946410
1852245
1420140
920104
1841279
1866303
435280
1876982
865019
1879788
457048
906420
1890725
923381
1870489
862475
868885
464662
894744
926286
880480
1925201
921195
1860702
470182
918972
919082
894980
948288
912294
477965
910365
1841453
469528
1830386
483505
914106
1835233
948583
1870198
459024
1900052
1899708
1853586
948199
1834213
935192
921470
477129
911045
462013
904383
1857889
461249
1843103
1404947
1864277
460400
1831494
457906
944235
946819
888036
467312
918772
462395
927922
1841424
921537
1851614
473481
1811472
469037
911363
452180
935898
1874348
936204
1828989
478134
893764
931350
891551
1884180
885357
1857698
456712
1852174
483795
1844871
471133
919021
1878918
1846628
887587
1882745
492942
1847688
1392659
456557
914175
1380526
902064
513108
911149
478517
924016
1828405
916269
1849204
929487
1844855
927744
1872589
897056
1833087
444236
1903906
477633
915613
468184
1878937
468223
881202
1954983
900143
1869636
1366819
1855624
493504
1843312
892272
1870657
916747
887831
457902
886774
1824063
892186
1870548
480237
495443
925751
894875
507582
910672
1401194
1859722
914271
897200
465206
918169
920030
1875253
916774
1833115
493151
1819108
1843713
936766
903700
458228
898792
1851005
904017
1841187
892969
1849507
458565
884728
475633
919584
1429791
1831495
955242
1845849
1843762
1817560
465469
879445
1838007
3383
1453113
926549
427660
467749
1845450
465497
906541
474383
1830981
899068
1834369
1902463
924497
1830082
1894599
469479
920841
1768438
451478
1819745
920741
1838787
947677
913972
460402
951241
1807734
1884383
470389
898728
1827832
1890886
1876579
1866762
902693
896426
913911
1877530
476887
938363
476788
1908662
476264
875071
464984
905734
1900872
892024
1865497
929967
1867587
955870
1784660
464490
1832644
912454
864953
470686
903745
1821608
1852374
920026
427808
1913361
958678
882444
924476
885344
1886280
471657
898275
1804808
912209
1854469
499554
910467
893038
909676
1418048
1807543
917738
1885975
464485
1816478
1888556
897387
1827295
879791
1892160
899474
1844843
460592
912109
948157
933965
475415
1825619
965902
1824281
469963
1869750
1851113
484397
902927
1828837
467450
1841506
1904498
432328
921611
1822002
467222
1824448
1824813
881581
901544
941218
885331
477195
912090
1844841
911147
1865748
1883937
929502
927350
1452464
1830652
482365
1864130
1854815
453928
1849582
919101
1806873
927869
862464
460198
899660
461932
903266
1886470
460326
912293
1879768
496383
947569
1838463
453190
911252
1869858
1900009
950161
1851737
914502
887293
468766
907742
1857178
1857239
917067
1872739
1871806
461288
923599
467391
909683
1862831
468589
1812039
912418
1890144
491685
407538
1429111
1433606
1889727
906567
1889519
454941
900845
1799651
920591
1837901
940820
1839723
1882386
901577
1760627
468844
1815893
932836
1860383
1452784
444699
911062
940806
901914
1865678
981059
1802663
928379
1893503
461504
914440
1867900
936257
1856291
467775
913217
940590
932310
1441700
1837757
896542
1866101
462322
1801237
1442306
1865264
896834
1834338
1849592
890976
912303
939346
886525
469491
925754
1880184
1847753
895751
464143
474663
926521
1346632
460556
928720
493901
912520
459081
922817
1854406
917540
1866036
1398123
1856869
900468
1854497
1424448
1858505
499556
1817792
907108
1881208
460314
1850969
1829479
894843
1873992
1382992
1915247
1867640
467265
959984
467424
1848671
936656
442091
1847119
900571
1859339
460151
959658
454089
886568
1846709
460905
466312
934672
910236
1870626
899627
912487
880863
1854193
928440
1848503
1872276
906026
472031
1820814
1850293
887095
1832918
1403964
1844959
914349
910038
468166
910794
466692
910034
1869966
449995
1790634
484363
891851
1403505
1850852
468812
919986
1821441
931797
1805572
458602
1855236
941732
1904125
463740
1876278
1875399
1902849
892821
1920436
469267
1380261
486197
489112
281285
80573
275401
148370
155772
320350
115392
320516
327441
326927
261597
327573
159438
323773
274975
72360
159092
254441
325901
172342
276668
71879
319292
164600
323894
185536
305035
83493
322790
142934
123527
327741
328532
269082
154131
167555
186699
315792
328357
78718
55737
285392
155465
48985
292637
315923
318900
186345
72720
126625
113829
147670
83353
162792
246089
326188
275837
153530
324392
161944
338554
75876
275937
333752
82929
164262
205964
268535
171878
269980
161479
332955
63712
117368
74591
159195
83395
160780
259896
147527
279702
257279
331930
163440
275640
159156
269598
270252
74179
164101
116062
145369
84190
162730
164344
158744
165906
127449
61755
143731
244570
162599
274383
248797
165814
280115
69008
117161
309985
337528
167833
165562
265458
82387
332769
343993
302648
132435
325583
75611
281293
336789
160209
339169
122361
139353
81704
322346
55963
148913
83078
169310
85863
78564
254550
169344
169729
92000
127983
262694
322979
160892
182759
75469
162009
283528
213844
152767
162439
66139
123688
327037
330824
161300
161896
166373
113893
76086
159737
239607
240289
75282
331022
86483
164743
129153
236012
81432
310007
156785
323495
235798
284628
334420
162091
245143
245014
324772
159116
280249
297140
70982
325113
83464
163662
116575
311677
326020
162019
271839
77292
163915
84475
164680
287867
326421
167879
271613
167357
334491
83848
165924
86517
320128
65511
318630
84789
161872
82827
112979
213723
306579
167669
268470
85511
167050
326608
155278
240910
163426
271868
57993
247555
52559
141644
322318
163315
280528
76192
225917
133817
335117
165082
326217
166937
174465
45425
136454
249751
328548
167577
298826
65248
310962
167785
283680
152843
164177
331429
334261
272245
169442
164762
83999
161412
307949
285872
325771
111083
269388
205580
66759
155867
87483
112417
332430
116594
269284
136414
279271
76669
146982
186934
63217
149156
84837
164695
83431
160208
157650
155038
330634
84388
114373
238885
279495
72371
322675
158809
310560
58365
150791
84544
141548
61025
146233
333143
109027
314129
163875
322886
344009
145874
280791
269179
332152
248821
167598
164556
88826
107834
295727
81302
321816
82825
163011
85322
81356
78885
120259
150035
85315
165019
279789
75795
294768
298370
164452
320728
338346
180242
233766
60935
143930
333148
163763
332576
323071
129064
76577
331076
139339
297171
163109
267368
333549
248679
166464
328177
287814
131355
297909
84760
162972
189418
81415
165151
335532
261943
78231
164124
254945
82852
163178
168579
170089
288302
147748
328649
159102
328156
82777
41166
301817
84157
321408
120489
325335
83806
326380
162545
261300
83090
163865
332884
85841
169162
268531
48440
137985
232062
273664
121550
323158
85090
163392
84465
123403
69300
151320
267418
169688
329399
121376
322064
170926
332920
84913
276754
155001
334017
242790
271328
79052
334698
163464
277916
153378
78683
85986
166033
330820
169882
282376
113931
314655
75823
116115
75526
308702
133050
335430
254799
191375
77233
332935
85256
160322
48834
142834
346145
335436
285108
67702
149821
328947
82534
268419
153778
281272
320056
80368
85478
330494
286072
320236
162175
159973
83215
165685
260460
256095
155522
332574
83816
264956
323052
325880
164313
309021
61533
150827
87158
167647
170851
161440
116693
145546
338867
162157
333881
88172
156215
294867
260849
77806
83921
291481
68405
111729
72016
152161
83732
164502
326001
266700
115888
269035
76240
161959
168229
115667
276259
331762
161624
166110
197253
331841
83600
137468
288984
172255
332189
337866
179530
265732
170962
276843
166940
274777
287894
127994
289722
134342
255221
331162
163264
78135
275408
158435
341186
338280
312005
129854
326952
151933
334350
195539
153974
276979
162292
334807
329381
169601
260190
156250
161814
249783
82177
157936
221998
144144
328757
83331
328870
84670
104959
308852
161925
329876
334470
144636
284344
163562
325044
334992
271341
162156
55646
201923
83521
335204
83736
151262
51557
118865
329611
162838
115460
157203
283365
153785
124187
159761
342059
168683
260950
61465
144846
328782
160013
328976
86829
121402
309894
169407
323326
84043
273943
145626
157625
164068
83248
114326
230386
337980
164050
328778
115995
291469
143519
329831
162013
163264
128654
296241
165327
261571
331215
334776
186359
252894
62177
317074
170467
308807
334103
161146
334957
275424
162917
161584
257334
257554
87291
120000
71046
151345
141193
140636
162281
87869
166008
73492
114956
318328
164613
334272
84311
86742
167567
48510
108600
73351
151951
330774
264563
167136
311919
178502
72257
154599
336366
159996
75631
272098
161280
335929
83886
165124
174309
109693
320998
94686
281336
163561
324751
337660
281721
140030
254914
171745
335378
119580
318627
173512
269620
166121
331040
247888
83398
119874
141400
157521
84411
162713
250542
165334
86823
111974
157048
165483
256511
325628
161665
269209
162556
321688
275730
153463
328310
160428
336132
141701
294285
85540
159209
269981
86893
173571
86063
166817
84840
167163
268947
75120
324849
159704
159761
84285
166821
270954
82377
284125
79249
164359
89039
166704
205012
308497
136686
307994
279071
166884
338524
166923
332284
208307
325418
85305
165222
251514
185296
162327
111662
157447
165634
84411
125102
248894
80614
297655
131540
321908
165044
332642
145636
243101
297749
149340
337494
256596
239845
53230
145141
83753
166611
252113
64004
116438
156940
163645
84885
163708
297649
299886
139618
132635
339261
334673
122348
307519
85637
331130
332566
118292
326902
165747
277145
76360
157734
254055
85112
162862
279883
110185
267466
148147
267876
82733
163213
334004
82848
170034
222840
295594
150664
277835
278823
164421
262120
282565
333986
290185
140518
278932
277231
314878
334250
158022
258293
77445
269517
243937
155637
189813
151705
324444
83705
76976
275313
153793
337815
122383
68036
189302
75767
131251
295852
160491
281559
192682
70659
151124
339863
163013
339636
164057
108874
156200
165886
169459
165055
84779
123244
269631
160495
271861
161318
329843
47529
136118
157326
161647
84089
160948
327645
279345
158962
336985
84779
47404
238256
190202
238846
171961
135994
60823
144377
334846
160565
329145
86364
166466
288803
165162
324326
49783
137418
323571
163039
287794
138596
273732
83146
167918
172268
166524
343598
136634
133809
159196
338378
159445
288537
71930
126656
245226
149694
112418
150692
125190
285822
299115
143912
329780
163923
329999
271794
159347
160492
67950
122719
80390
165159
335408
62959
282547
85448
166705
340621
241196
123710
55793
147896
165579
76136
115156
322054
162307
186022
161779
322960
164794
333478
90239
265801
83439
129389
51052
138104
77724
108676
275929
146507
305439
140435
281398
148593
164083
84804
162295
323765
48788
249474
250704
248070
163696
159865
84365
171083
151754
101430
199680
81742
163916
83195
162141
78117
339121
136556
301945
271923
339917
84342
329950
159951
169714
79322
120738
325780
121280
151580
166256
337306
156840
272067
119028
310158
149972
278998
278849
136683
299942
331459
329310
173232
120241
272877
186135
70976
321893
79468
84298
256844
250558
84204
132810
61348
145868
331998
164002
246949
141253
228582
313918
161424
331759
84225
265670
330701
330391
165127
103433
146410
160383
84538
124317
222231
164493
277442
311339
83423
284335
146587
333749
58938
213007
239479
88490
169025
289880
149157
276849
164304
163454
84767
163842
199941
322146
168467
274036
75610
328093
160053
122445
312766
166835
338856
163789
170973
150021
339396
85086
273470
145315
294936
64900
151039
293103
134627
289497
294666
161093
52324
147935
333077
168772
275048
70557
95921
303060
325584
163740
339267
93078
273573
337100
161141
332596
114452
258112
307545
160497
158735
167603
164720
271939
155265
333989
268134
162786
333787
167529
338166
67794
283796
84041
164589
324082
83216
268417
256496
276667
152511
336330
165507
256267
327896
164100
268147
152837
269870
75101
159580
168144
162122
116323
67967
306241
58224
308401
168468
294210
222419
274479
116955
264410
250130
263571
82500
335804
335775
350533
115143
317042
84703
163196
333647
165741
111861
144533
335269
171308
78047
261059
177936
259442
168285
247356
263109
324027
148666
275611
82403
163642
56461
134981
80684
166704
285124
72170
231511
149842
336803
250288
82574
163859
87823
146164
54922
141779
329058
154318
282613
85157
276226
158492
282770
85979
167835
254426
84635
145306
131697
135813
287601
160155
291699
51100
141937
162468
165196
87290
165467
339589
275350
154633
327806
160456
288538
75050
157507
335380
161485
332953
50308
140919
324346
113259
320094
160078
163233
85979
127642
62231
72034
154444
275100
162061
293084
45305
61509
251805
252558
119873
144067
252742
334063
161689
269210
78476
335633
253150
84794
164042
86621
126617
305392
165606
333994
110578
291302
58190
313704
169469
331589
113123
264292
149499
74859
338276
112304
311739
170617
81507
166918
162130
126035
139478
168271
165128
253891
320382
54231
145645
83861
164993
84164
113016
325852
56449
280179
83562
162255
166669
160713
237033
270471
249155
284096
87189
337508
74977
79408
93541
137422
146873
53548
143241
75909
84226
167124
325392
82369
302445
61579
148252
338960
127871
53111
231386
82402
113189
312584
161399
231132
304666
268603
61417
143991
324479
162067
226525
230712
344707
134576
138606
79840
168475
86586
165593
248808
336432
109201
254072
80915
271066
156391
335559
195738
160812
164625
135489
310222
336923
262945
317182
164322
268057
165703
263457
74537
277386
86694
165643
86026
166674
85423
167914
288891
147087
336202
160785
259033
82153
163971
77574
120240
327730
284390
161121
124320
322647
164020
275994
172659
244496
138129
279530
57061
199446
78126
162171
270671
161076
333715
83120
308324
57202
144341
82226
163538
83994
162311
261089
331257
326762
112936
315997
163862
328455
230464
151297
340008
85046
163331
83020
165035
196552
141050
163869
330880
129331
277732
57949
321901
86030
334109
117575
149375
84774
166300
327603
303155
104108
308649
83770
105718
72025
152311
328590
165331
161164
304901
61532
318225
329288
332630
116597
307381
164732
339714
319228
125910
269632
136980
324715
272087
164062
332612
332324
172173
143733
138283
158250
254852
326022
168134
297689
292917
324059
121231
294488
166409
328391
250463
52522
135975
79394
165037
77069
83566
165060
270711
158193
262677
252424
82606
162786
253394
50071
285995
83252
332784
338449
125271
284105
78379
158736
324592
351082
97310
143299
200105
327837
322912
263403
166043
280020
80447
268654
86404
167721
171598
255115
162465
329744
156199
157178
304545
284466
262862
152985
324645
147185
118212
160333
122758
72033
155053
84103
162614
271274
346009
120906
307329
169699
235570
267086
152397
265882
169847
284439
262843
78320
83508
160841
151763
116346
244434
326966
163785
326832
165630
256970
81340
326285
82882
161765
284974
150850
337807
63352
288072
170331
272588
172424
334404
80685
83181
164030
87175
179749
269944
82039
158338
281605
269749
164892
277751
142891
347559
182436
163670
91485
157024
353560
356635
437253
143647
256490
145229
264317
64340
354833
161046
379442
86250
331410
94738
434601
125341
148070
129626
299288
69625
96951
136817
153439
293589
347447
198757
199980
263765
153156
359797
200841
279260
117410
414041
224794
128447
164610
97721
202307
205029
231481
63985
107844
267264
184582
452583
260440
272346
137550
351790
48693
67070
243268
305114
182965
95943
205037
185159
171558
193667
416712
127613
336213
201474
186371
173900
194790
470965
138325
335475
220473
67646
142391
174768
166840
271317
371819
82724
152549
304416
403248
235295
172592
77273
156475
250873
74062
306670
113366
151173
61510
64513
65306
85310
174849
310449
71296
317075
194212
425530
113834
252557
81491
156647
288855
205457
227510
115234
136855
335251
110824
444475
50185
100756
62092
147332
70533
154176
319620
189669
385676
55507
263488
76476
174107
103686
72965
315292
94643
345720
347820
181656
106998
351233
355605
109314
101498
165837
270700
71347
157063
204032
283092
396121
144244
367786
458077
144651
271798
277572
149913
319406
118079
293465
192118
75502
373611
67952
315451
440588
172686
155886
292367
375900
364138
404414
260905
60092
176906
321451
134344
75358
223002
231177
274510
151888
311091
136502
340273
291249
190790
425463
61847
140693
313900
60703
279462
303438
135069
348166
57520
274680
89320
187517
213756
201120
118157
264745
143345
321180
282930
69432
171600
382904
139218
117673
123223
62009
180636
382903
124390
163896
256010
73018
360438
52770
131339
383018
360312
383393
177124
315334
61409
135485
78306
130175
81419
182726
340357
173651
249322
160308
312310
140761
330631
159844
88270
180210
392431
125795
304793
316641
177045
361047
226210
302729
277309
162407
323533
127912
283372
145398
277091
94510
325920
164026
440691
144212
98813
40941
116566
142985
161075
112183
84054
74616
371122
204149
247901
65736
157841
210163
99784
66201
129057
274915
156285
272088
161834
340855
238700
155597
352910
81389
71723
251320
74926
187984
85837
213926
101143
153787
390030
95930
380696
52545
137128
67279
102076
137497
127888
81176
185952
324288
65055
293891
298393
241155
151827
314881
98967
408100
209669
234468
297238
161015
116618
173658
155876
199810
204460
126689
136699
270145
260257
131726
368890
82617
161995
96594
182156
96398
211673
299596
198124
430155
135105
312775
333143
116078
296425
196242
201796
244443
338273
86755
167039
50780
127995
65804
141192
296928
81042
256456
142971
109500
58731
145548
322055
266351
179837
294563
119629
360787
81573
283680
278910
217772
56378
165873
324479
134791
284843
142095
174744
48865
127525
345406
357432
198550
295191
387087
236717
166892
170164
138263
148166
320281
92740
207457
268178
312266
134760
246210
143410
322150
100661
115826
66021
295810
84134
144123
46213
319397
55358
168608
297153
122370
204499
343050
210261
438683
109526
237542
148737
391705
197393
109041
223862
147026
93267
119296
171023
133285
375463
242867
309641
313374
199670
359565
181892
273957
132789
377129
275764
129170
133670
179946
183827
270404
99592
131819
76071
164072
157665
338825
210237
361329
66520
139254
151918
97022
78180
183274
156382
127894
317141
90760
151357
74645
139000
82895
197582
205374
102922
126464
263586
362138
297107
185198
307211
91357
197327
101681
115361
59962
132531
297744
299276
153080
279877
304607
180002
257284
73845
53633
335333
77918
129699
68109
61853
162377
332094
134966
154981
79526
78216
98266
263516
147275
377271
287020
149539
313320
183092
330690
408883
112510
187187
191961
125504
335195
161691
367835
154320
393926
322334
282051
131696
360794
110425
91780
377475
122354
280978
139577
364089
279684
131869
144792
81889
162826
52978
100958
207528
154194
400074
121454
239312
136954
152242
59349
123505
76678
327589
131237
134856
192572
141427
130233
134914
85815
142888
268721
136871
315030
251729
161228
400196
113967
186643
172295
150621
242591
120371
141734
74660
127765
363689
201802
218967
80451
238237
326611
187786
179501
106903
168442
212974
149894
368077
221223
120759
339218
205984
412880
76466
311768
172355
400874
239973
243585
73065
141283
65422
122867
99836
180503
87307
225456
202549
268550
135334
131054
53703
123708
93669
157092
260531
76978
368190
119704
259154
175592
339911
124533
365133
69475
123627
172891
178236
67507
165846
316312
195411
329254
198179
431948
75198
226767
127636
372732
106747
122348
72012
260156
72968
151641
335866
132764
382696
105629
175588
361341
329115
96042
192787
451790
234866
147313
272184
69562
148575
105736
138810
168469
272704
117311
123921
283519
184175
419220
204047
284527
85282
380429
227966
146617
240370
80011
115469
79918
349122
227727
385322
210728
277287
243232
140436
252095
150333
134454
161459
179708
112991
190970
118967
196765
229726
133984
275390
291103
165081
452729
128589
240773
226823
276164
143628
322495
58855
107053
68504
126500
67760
172422
196183
132914
141861
195253
199946
349424
406268
363199
58764
75341
125083
261721
155309
128136
160391
143557
55518
127954
260182
311955
108556
349098
133860
275399
333571
111573
348581
48492
301846
348486
189449
204276
377312
128848
372512
72569
352486
188550
231685
117684
147962
298829
153698
398970
312002
101666
100173
142161
146167
70369
165522
91981
204931
252595
65196
323758
195676
413509
392766
152590
385977
199135
326614
242541
266664
111249
202103
125859
168225
249536
182612
312301
71460
289491
96387
187607
160090
306434
264339
161922
289253
282589
190643
322047
350569
124183
321390
132148
314485
303147
166877
379251
352426
321100
129368
134294
173832
165360
50715
109859
265287
148479
323976
68431
122999
308610
311803
243701
330629
156707
277163
342421
228190
140735
56393
152529
77300
65442
170340
77804
93772
348723
229653
304398
159840
375334
324662
197915
445862
52311
124481
245395
246719
123719
132820
73476
135707
273902
308285
83865
86372
311786
187851
258762
142132
308325
256332
90747
195183
227494
115423
158813
180943
247499
348554
327444
177405
435670
268656
70865
126005
81161
135899
80693
117750
278362
118797
323219
121547
310951
355016
149001
189539
107134
211275
367954
54286
117205
294923
85812
202813
169640
264865
103579
156272
84102
185841
360626
83932
406323
106278
226323
253623
139198
228727
89728
293699
65088
134736
292535
80849
133412
284239
120560
300437
277173
288993
181555
154544
192814
297744
98473
260696
174790
292219
104180
251503
84458
237741
63906
311993
196945
410194
263161
137917
111736
312320
358661
167727
179838
290021
134588
274983
310569
275357
147082
314499
108333
323107
113272
323629
101572
480165
64251
78978
164714
97095
336876
56938
121096
242237
345639
255893
77120
247997
412957
334591
292410
199762
179731
239770
70904
141468
115918
292490
221126
304835
89474
306254
331966
170807
239994
379540
143563
375483
443973
110867
335703
198341
368076
239420
53388
113675
159935
176863
185473
150338
326123
186528
192601
107210
242690
272508
141853
88098
95286
155310
348515
141141
254943
67876
161590
398255
338123
283782
151768
316172
190274
447613
94359
122081
65469
132990
239384
172270
220020
367021
91562
194901
276937
170752
185341
204613
204579
111610
65252
61109
73898
165806
105236
149216
248662
268527
268229
164218
338841
206443
319075
128094
350764
259290
185107
179588
418172
102222
287742
336782
171131
402079
235848
230088
118050
340187
55142
284776
243845
252176
153910
149666
147956
136269
71739
174696
102776
167741
95014
161278
285305
337054
212633
379500
111295
158769
175881
149489
316313
121275
181059
305320
194368
293918
201617
397727
180784
50579
199392
126872
136321
125948
273672
270464
382736
200554
216832
135721
128815
62369
115089
298892
363764
183407
182351
358401
113331
295107
209680
164822
98105
171809
87689
161743
406132
118544
319954
65624
140844
280817
159053
401980
158646
337036
207704
232345
331448
85213
163980
105503
136311
234177
150187
367731
163939
151266
376426
148982
385355
420467
120360
267299
122688
126706
265523
263664
356403
154075
381108
339059
255592
146428
261533
195901
360624
148240
153557
74926
174791
337993
83089
73073
342650
211375
379505
57600
185147
61212
135397
295714
85643
277534
130418
259120
157483
368763
95118
376361
113364
167501
60224
152460
226143
146853
81518
151086
94327
207592
341024
376105
217379
253972
140634
109028
136632
151499
71561
78483
217592
54104
189576
257483
316415
365863
206542
221742
121159
48395
48615
277178
103916
397370
336506
256590
152365
391409
81015
113876
93124
182443
115288
127444
293444
179105
443709
93970
294026
100954
184503
396613
231429
132780
270039
63784
324709
329738
364794
124996
261438
134705
308650
200632
146246
364401
161408
290979
327048
107449
377510
237010
380015
140204
389019
193782
322556
196619
296576
87865
281308
97444
175223
157405
200806
91541
197282
148099
386602
443400
110615
272197
149784
266019
146583
76367
87989
266076
359729
97744
204592
246291
201023
61966
140592
60908
147299
262160
169346
168199
125883
156029
92380
196095
456658
143182
144012
236712
232087
358604
183635
281744
73417
150182
92221
192126
255533
236098
120568
341146
181831
275058
100048
422335
124557
184063
261506
234586
149667
414712
229339
297684
65103
333869
207710
417461
143067
122179
344420
128671
316527
92509
347266
378162
201126
228813
159023
124840
70665
150171
59951
121225
151826
78048
194013
99856
144553
75368
357951
207857
285030
167731
401046
241412
243312
414456
239729
266493
345324
336749
198569
386421
191094
238506
64293
266076
73555
158025
157561
153255
94378
183308
106554
323794
111495
155783
87973
188257
267949
178111
430393
223078
141587
325250
238276
275024
153468
418701
351825
366250
351174
261736
176804
180028
188345
283424
394982
351267
204982
362416
136284
297640
104417
340231
184375
415318
96814
271152
78784
128326
69243
209133
94354
94761
233693
329721
317657
144856
108394
298148
304221
128281
378855
100918
195032
118498
109043
265998
95960
133190
251470
347670
154268
412622
334356
308842
408440
255452
289532
87045
372950
58551
143762
144403
299127
356218
107772
110547
367141
68699
296897
198285
417132
270043
145168
72766
169947
183451
424457
119265
239407
280736
375299
185403
324346
108258
199089
410193
130239
306453
87300
260368
259595
109109
129788
257296
288972
275445
310463
202871
100859
223306
203883
64729
125640
71196
151179
327649
210551
392547
224869
175760
426526
336960
133538
247383
320313
194167
290911
147226
395829
97112
372051
57570
112175
131133
145402
79623
202954
85925
141127
247625
128264
375472
211745
275356
145468
310504
46733
162405
185626
104852
145434
48980
251990
78190
360876
331567
125232
276959
83929
305106
94114
204399
101277
225740
128233
115586
279432
94164
313594
392046
233661
197816
66294
126451
325472
121392
274350
276154
83825
99059
187658
79154
164256
366930
123704
291586
84666
257588
182568
96013
417718
258699
332159
91767
166217
135669
167389
88537
197969
101190
206819
308048
305450
229054
114444
271719
267776
217937
82806
174721
63352
138079
356235
99507
296252
63852
118188
64588
252389
83948
186200
97142
224470
404403
347612
222546
163020
191563
346457
209780
279172
85591
381982
434095
88966
268949
183625
321699
380128
221929
250123
213588
175724
170939
242859
165051
353638
92514
195866
303155
66991
255823
151414
146717
78248
130543
318233
159886
359340
64082
382897
108056
232891
102693
63134
71674
85805
168195
326479
137201
310787
96203
253110
345576
104225
131721
75991
153269
349302
334075
185535
321960
229314
368828
216694
371249
280768
163140
325600
220296
328585
407685
234564
313214
231793
151774
405803
118856
286447
291866
103551
231096
198197
60158
126997
274045
179771
255858
75546
312394
111309
357954
313296
324997
67713
142363
72967
294202
54562
149682
70599
60335
85701
285058
63797
245645
350103
54949
261125
312540
60940
144092
355644
194026
302167
103829
181113
236385
181910
43904
114595
325674
115837
141005
112587
283881
360815
462523
126791
275623
321428
456023
92377
287413
107197
80061
75552
317896
427669
107157
71537
334740
175570
415825
127885
70958
159543
149293
60153
134980
178878
141655
389218
119345
250652
65491
144590
63962
248813
90359
171518
287942
124652
338444
177102
299301
372355
193566
343155
187304
109294
128936
63329
144421
379722
167328
269455
145272
372553
70798
112125
54400
136673
152022
92128
336721
136766
298454
193205
254320
185035
422186
152298
283558
71900
178184
56090
305568
170465
253987
240304
155697
192084
113925
172574
203120
136303
383570
220095
228761
223217
177336
62356
146054
369075
128616
271668
82914
332455
99922
150722
76661
157631
313881
230284
189399
305523
115164
355503
95631
288465
298427
214687
298627
316987
187900
288504
99199
189781
107855
234583
130334
128534
256700
125785
249063
175466
279573
99208
263052
199229
314448
193105
267280
129410
255939
381523
64447
229949
182776
181668
110862
148087
375249
212994
375137
71295
239830
72523
138899
89976
211016
76362
152224
282841
126258
266348
62644
287460
116310
182625
180960
389293
37637
76880
193976
424999
352443
152300
184937
403626
289890
195132
88235
203523
429725
207012
433323
139569
257263
168803
622459
114609
311916
143873
480298
161637
261938
423209
195280
454306
354609
361688
343714
470281
84614
354547
130750
256926
345246
159436
109928
561269
147016
170802
336157
819191
806232
920891
469154
397573
214431
464584
242692
446756
938563
479639
933641
457509
873733
257380
480357
943919
442695
926330
481641
474585
446466
256155
446029
703321
934948
468116
972048
468121
894093
237259
945515
464303
884712
189187
960612
256271
486914
961701
441101
946345
449350
939936
244420
473951
217659
982630
473443
992354
242146
1009759
446121
901633
235041
394795
702788
987876
846744
943791
256558
529525
235695
506023
919371
708988
234000
424391
240306
489723
910542
452488
940463
453322
870173
937633
992425
471407
508547
248615
457165
895592
895366
972441
971490
926142
236212
876951
449024
978614
752221
983596
992945
468233
961633
473022
464766
233769
414876
945119
468535
985482
1018916
222237
249056
925415
224128
872790
924591
939833
906348
442262
1023094
710827
454362
431600
961214
993906
491926
900153
972567
452038
956327
250504
729997
488732
967687
490992
927013
442272
435051
464559
459651
966945
980236
495595
918151
234251
980968
246673
466826
741920
978666
469070
998765
488117
997973
788455
235735
925941
244291
454408
238522
453021
239085
489826
966048
471637
201504
469284
436167
906621
940132
463942
954336
408663
943558
241909
487926
749856
704812
468958
947578
1028881
467539
904764
235763
991863
232143
433814
972599
926201
460333
904573
438460
970376
982829
405462
916046
464967
938415
897649
455662
883062
464505
887009
501252
952562
892338
471881
1016822
466953
1011954
371161
984915
239941
958524
475709
965043
945423
909347
429252
947421
674001
963808
472412
939254
571511
973595
238889
666182
471048
940814
503423
970349
728687
465100
1013630
983648
249372
957241
468924
1067480
235082
475704
271331
495505
870699
971381
472185
491246
760616
990282
975028
914155
236008
466153
464540
446010
260618
956436
479202
462302
277645
469037
493668
962746
257109
416429
900836
934944
468472
924878
456411
247497
1034020
470207
909590
444866
932246
917029
941654
954671
516704
944503
484235
974047
231428
934469
213864
975967
231964
463090
234554
481152
262147
971501
967327
485944
990580
939148
924548
434526
909164
927741
954246
254336
443574
930603
940293
954083
940358
420563
925789
236419
491395
730790
969018
255242
451374
241130
463879
487947
471092
262046
488662
1062408
237413
981274
965282
929500
236562
469016
939071
885268
415096
926630
449918
473902
238062
931254
472796
946384
224872
476581
972891
249638
469410
243651
458719
236424
460444
984166
482802
982465
500872
956278
899316
958049
441567
909122
918049
490609
894800
972337
475343
985335
265948
468659
685667
208734
474529
259514
497157
690314
376859
236928
482226
720246
969177
474588
956155
493958
991352
469063
949380
945380
464036
444823
634080
947363
982895
965356
452598
996087
274582
994371
436139
961478
1027727
959774
480595
481088
482319
477378
765801
1000499
462988
934672
344136
428271
474896
427108
904865
452263
913043
741198
910745
422404
942597
474656
944152
243544
488232
928267
471551
410066
487534
450460
766358
943984
1015568
239439
541465
507445
456946
472023
467081
867395
478672
994871
238379
428431
725602
968410
449044
937651
434293
953373
407162
452966
957566
461711
978068
440441
988754
424073
226303
874820
469674
450282
231736
424038
438003
450467
226374
470517
951197
468194
741490
827795
467115
882379
1009524
487462
480594
687380
252383
729006
726070
972034
845783
413622
945530
490791
908523
247301
464953
704034
954115
252605
454262
210993
472015
970806
958948
483369
930774
521269
990673
244915
972968
232602
424128
888040
459441
932058
250974
979255
455104
461403
259803
216839
210803
219796
470019
1000308
485473
1072460
983145
456746
1004425
223486
939798
274640
944134
992460
449415
966911
251199
479710
1063252
464174
933776
734864
991764
936533
256423
246264
896912
992352
230938
492010
999030
675923
454989
511033
445393
907836
241581
739978
249262
470654
959943
465276
1024112
459995
914593
476497
909024
956279
459805
981535
219638
449061
777970
970202
241477
464787
233479
468415
972868
971515
969655
962690
485990
458816
715079
943033
251459
454683
496321
735253
976233
490887
999018
260017
919818
263895
494156
413156
462188
244471
446738
760883
971549
485095
486464
1017202
255951
966075
438228
871989
233025
471119
977775
495808
905690
226950
224851
226825
509387
984466
424918
937299
922310
933088
462774
441606
912703
932488
210938
922297
217940
467856
232051
425301
188506
465605
949212
242855
1005533
228468
459849
243359
485125
539296
453623
262267
451709
1006882
473431
1006954
935714
444768
927238
242008
402423
911115
474897
966896
963791
447672
986071
228968
251808
976201
236227
494115
721015
449061
928598
253025
1003553
488969
915382
242036
913519
242673
485152
995196
244364
488090
939434
1108114
1009732
251831
475162
951934
453698
953243
467980
965710
257213
485011
961848
475920
1017569
270393
463623
681085
493131
937539
775815
935907
495802
433329
244556
393804
745699
1033694
457643
745532
933888
240719
884271
221589
379888
506172
497170
500756
435626
249868
924391
473966
893479
241386
478166
467758
903731
966357
479465
958527
249825
944909
230121
925894
234436
485311
257256
500340
954733
718288
216650
477061
955024
507831
879507
270313
942457
249069
471857
488940
510614
935149
485552
443971
243520
451616
985916
497085
908243
473697
493665
251970
468124
965869
987670
711030
955652
475835
928683
483283
933085
456150
1018641
241731
490033
239583
926881
459922
903480
1025048
464451
920618
469059
483045
923242
474349
960136
680616
881513
442503
874816
248099
947017
446269
978170
229159
440995
237425
460286
1023829
1007780
447385
387812
759937
933936
482652
524313
727601
473295
976066
468035
983317
554875
902400
458083
1005847
238651
461526
233321
476096
1024681
501018
1003233
997168
465749
932013
480407
944583
746486
508573
876254
472708
1035565
716105
232946
477885
266770
454467
920670
479757
911213
238056
500646
902226
467616
901211
701758
243862
500302
244613
495320
932168
443503
1002070
478903
952624
986196
955426
460956
978113
235549
929685
417447
460238
977189
462965
928524
475864
963977
526771
927658
972732
229602
245919
976064
276792
479233
241915
481147
451549
464398
270800
459767
935538
468397
967337
472014
1011741
227449
998091
990519
478984
897169
904001
453435
911526
236586
234472
985834
939608
233954
969693
890116
223821
896527
839038
960560
955691
957668
991345
971658
710268
932337
961355
201742
457418
230447
479148
963974
236216
893203
1050947
437424
965146
902956
455824
979617
970923
527274
947051
257061
419383
254468
454014
236083
421186
942146
244074
485083
741055
243831
973752
1007303
397198
967363
256848
940596
472226
449489
245063
504850
981043
489269
777213
907113
961604
1004290
976282
506407
493473
478748
483423
502309
457106
215034
396556
188217
473437
969770
459663
473652
780184
483586
481962
238330
439667
483446
493446
249028
479087
482455
427555
938293
437852
981467
204982
934729
465177
1004001
265412
972700
251435
464039
458956
490478
489939
971235
418125
467078
983907
510592
441168
999502
437788
721755
940973
235258
893841
249086
447699
486949
1005969
268803
477373
230967
473920
516132
468324
979885
442460
1009863
774596
474619
442021
242997
446962
957943
487740
949685
628984
431708
461189
458875
457248
775312
438150
197316
496497
217100
465675
1002646
473229
982148
749457
289457
994689
486984
942704
239850
506001
716014
244648
468832
848850
1000283
962932
929654
1026727
949806
471478
974530
265566
912613
237742
450819
751238
924508
431632
509413
240489
486111
504132
478052
259507
502909
688191
225993
363082
725143
245404
477821
940341
436653
922134
493025
1022374
1007660
470057
943503
487061
945004
259864
252665
946320
952556
440484
1003965
245480
1028172
1052826
526787
996934
275284
726752
240423
467762
467405
442372
233511
464135
909727
199034
891596
990329
884963
484223
985688
432517
482019
899454
450522
453234
511895
571573
245405
462435
698389
924208
275343
882090
206377
457541
1012647
469597
992289
235491
899333
954885
485281
975208
920541
467230
927472
775824
472100
1058133
960440
496691
991960
483467
974990
939636
430648
937380
934529
467701
900365
239792
985415
975797
966883
228038
927669
473552
991733
240484
982274
261638
1013982
774841
506458
497528
501014
953549
234668
213299
240554
958445
484616
703896
480673
479045
230794
935420
237938
259646
510228
967900
237228
928852
965234
458768
957737
929924
458670
955148
961600
461791
888486
230932
945638
223173
446335
262182
433261
984917
450967
999183
413648
961972
256587
523011
321537
254521
481181
243474
411510
1016128
463257
901016
964763
221417
981590
969706
689527
473617
937665
967321
949956
482102
928074
522979
966911
498715
1015994
241747
476199
981935
977506
941691
491408
1005703
492085
982285
950026
465474
941443
492341
492830
909976
507376
694630
489809
462398
525208
955303
472389
983359
253768
488745
251094
470451
253327
994980
247029
984659
967731
948164
964042
441683
970116
998803
446131
417095
1021078
921650
661716
865502
480907
231749
721720
258776
452456
257045
380682
510974
510791
928927
255257
933295
701327
932935
490871
417701
210725
478262
246128
426051
1026394
935802
990376
944321
879819
864363
525407
958077
402270
968644
468884
944429
400712
938444
717955
241244
494218
895604
235254
913767
245221
471220
777541
942682
491502
227042
258186
449220
977190
880919
208382
473834
243959
434405
915557
248043
887689
406436
437902
756641
457372
252399
476015
963481
429623
982712
443478
1023155
245068
492378
223473
480000
227434
431909
962272
279095
267655
973270
983874
467985
863473
451452
968308
714693
485618
464266
247885
485547
947970
1003957
430259
442500
247300
443085
232641
444496
942138
236269
469451
472680
483673
691317
241367
408864
981702
464496
959488
246248
955415
232227
448462
509906
471479
985942
465556
999384
494782
952755
455567
240571
475476
455904
217418
412586
739401
440060
932329
711778
945439
507287
485150
254460
451486
951642
479890
934928
460022
947599
263898
968090
949726
474345
961391
250138
472681
450880
788972
484924
955495
475628
251718
903285
469208
994433
407399
244428
502522
445828
528457
423070
678007
249135
1026645
514395
885023
268866
463818
900948
480215
466602
254723
453127
956739
254145
1051928
261190
486511
255847
461328
722348
474975
233280
469154
762079
883631
457361
979876
259328
925321
234418
462848
240526
496265
267353
475039
976353
233041
470249
959603
254611
703105
490198
486473
957921
462638
915333
966081
993001
478056
438316
233732
475430
970996
478230
889623
949855
495505
971987
252149
487173
231929
460394
993882
1025148
961903
396329
853554
253663
475664
261120
496272
460406
234425
967385
516944
482357
467239
463714
984130
220259
977413
944287
932387
445888
512647
691782
862526
445217
1001924
252038
945131
733573
935301
448464
915498
981430
710108
987499
976134
469224
1021900
503362
956687
244149
983543
986732
953530
949271
426129
964675
262465
984353
254480
473243
229154
418089
909429
856016
736722
248812
444809
251454
478178
238078
517558
1009200
987813
430611
463961
860581
780151
983434
235471
463057
230879
502231
263226
488892
1045129
473130
1019421
958872
461052
965983
503241
493857
879113
209165
442479
751616
951182
236505
991217
492170
978668
785725
266671
456179
250490
474801
241777
486022
920468
469401
908747
254251
468000
1024513
396152
199000
1028792
486383
989236
268829
488133
693627
701403
920943
471250
968522
471369
491455
465475
470493
979277
974553
478071
941573
972298
957428
799158
433127
478973
246181
462984
237646
471244
958115
474220
977457
479055
934216
946015
454204
988142
229042
488672
986532
486175
1001585
956430
964733
485606
963992
976205
487699
458142
459372
450805
967143
944938
250126
482993
903098
520093
934289
740110
257334
477793
989406
249558
957740
241904
437879
249075
501781
470246
475876
948262
1007464
236088
925468
943697
468278
902862
1230863
889815
1050865
435867
956966
1990852
486392
1906680
2027609
1958633
1018946
1954637
953972
2003033
1945077
965426
982696
1482011
507833
938829
457669
956505
1958121
477696
1878687
475398
979450
492561
2005114
1896824
958290
949952
1942100
2030103
988362
1941311
452720
1913674
498297
958679
1008022
979839
2143257
916965
1994428
2028045
912326
1962293
2019760
940185
1976340
1938158
1014280
998625
473822
971056
2011845
516971
1936469
1984598
1911316
1499700
509913
961217
481671
962344
1902348
950387
2051988
990520
2010558
932236
1947567
979258
1963995
489723
1998380
990836
1970863
548017
1970664
491556
961058
484110
930006
981717
999451
1486596
1912692
1938550
974845
1984114
913026
1945950
486978
1930848
447663
981195
1948162
1948821
965849
1016848
435695
467461
967850
1915088
484683
1904029
1034252
2037546
479392
1970733
479879
2007382
457296
1005411
479006
945429
1960754
937670
2065400
1997757
989968
1941018
485094
1939139
521545
1995225
982612
1993838
978339
984619
966746
998786
461628
985674
1976902
963245
1970968
1399841
2075006
937727
1939088
510986
981402
1964595
957835
1930824
1025552
1971124
1580635
1979036
470795
2045822
956964
1922315
972995
928302
934501
2023103
461426
995543
953616
1982224
481793
984337
478067
930593
1516426
1979240
481602
916121
1930829
1996760
985707
946239
500181
986152
517647
957238
1980864
948626
2036691
508846
1990330
1047230
1913508
1965744
1935474
507934
2004766
522984
948042
456763
974039
1510860
944896
514029
924453
2007238
1988396
977279
985614
1958375
953533
1964419
493161
471375
1998068
898496
1921599
929276
867158
471378
923801
2059598
1896804
471321
1925971
992853
1439709
1981537
1961430
479984
962641
955760
988966
474256
963130
1975330
942460
1925361
507501
2006274
912218
1997737
935073
479426
446754
922484
986365
1484747
1987101
476087
1007982
1504121
1454710
953226
2023280
454714
976167
1886750
515621
1879839
468320
982149
961425
925369
480325
1014548
530067
961749
2004810
513601
1916743
1989362
933287
999749
1916997
917607
950302
981992
963212
1030571
977860
470074
1004747
534288
1478616
1901711
1451207
1508374
489058
962727
1960411
1937938
1970637
1915135
1978303
981710
946451
1926973
909866
1952703
506055
1994819
1011343
2041235
467865
992202
1967117
1952785
1027029
1008914
494190
987111
961743
1002311
482240
1000062
1916497
1012383
1986593
481980
1994479
995233
1975189
2037279
1498684
946672
433641
1973746
1986048
989763
959211
440774
990646
2007399
955246
1954832
1012887
1916597
1964455
917568
2003751
949776
1939401
1985417
1076991
948453
1937337
526008
2030219
464104
1915934
1982248
962688
1952626
1019452
922008
1924190
1972364
971031
1973387
448736
948148
2020865
953505
1960406
989701
1920276
447866
1436399
2011085
981917
2039610
951702
1987318
466559
993997
1477450
1995786
499069
1925169
2053255
493329
1891076
463509
971162
483465
470347
979711
1985504
454506
972390
2081737
481825
994855
1960304
468225
1947265
471109
1012030
471494
967350
950705
966802
509529
945279
2091888
940592
2068884
467956
1985570
993450
1994102
990491
1910585
971382
1982821
2016820
462048
1522502
1990016
924048
461068
1934006
1430277
1492706
472306
1027126
1889779
2003316
939613
943176
2005735
480160
987151
472063
1008528
463250
978579
1974853
918640
1967484
490485
1927069
1963732
931422
945853
1972580
959490
1992455
503020
1957765
447552
971814
2008765
896941
1917381
968215
1926453
446387
925775
482593
958732
480744
945674
445348
924282
1026290
467136
960015
1976982
1970235
1954179
927177
1953810
912958
1980755
1957016
964833
1987389
1484970
972433
1954327
964955
1974804
468382
940166
2006327
957286
1978397
928057
970906
1995877
484110
963543
447073
1024996
1964738
982772
1895160
1464165
1946086
486094
868633
968743
1526252
458085
949684
1956919
463568
1949483
501619
974071
972962
1002410
1012368
972446
480659
2039030
1493733
1955549
939881
910174
2052935
898822
1904745
941706
1440904
487598
998001
2055864
926216
2034995
912608
917673
487418
954003
962328
934044
496059
930418
1978219
962947
2006814
2021193
1952947
484871
468896
1029725
1999790
974306
1978520
476917
1993579
1500797
1957116
1979560
1942019
1009553
1899310
1002472
1454774
2016806
1941335
1457707
1941081
1953841
485587
949314
944127
997712
505479
975477
478537
971440
1963931
466025
1668903
