4220
39
8173
36091
11028
38617
103284
123684
45947
26117
60199
120728
42961
31799
93096
61288
42537
28564
29066
13027
77207
104532
73647
65552
32134
8294
10378
14112
6295
11902
6247
9096
2668
7479
5530
8087
15396
9724
11304
9682
8919
1802
5844
5361
3913
4527
3294
6489
5839
5471
5333
3800
7679
6988
4397
5786
2851
9639
7106
9426
7382
7449
10032
10656
9228
10712
8635
2628
7925
2975
7347
2974
2926
9220
4254
7772
2923
4980
2601
5003
6708
3936
5154
2142
8813
7193
3471
5530
4457
8182
4045
10362
8236
10443
10387
7988
5120
7879
2266
2003
5808
2432
2083
2993
4827
3355
7723
2418
4808
1152
7838
2680
4279
2302
2386
2146
5070
5103
1385
9381
2352
5133
6784
10175
13146
7100
10717
5869
9818
1946
7106
2950
4709
1687
1827
1089
684
525
5129
8362
5784
3921
2154
4692
7730
4318
7496
5160
9307
3737
7310
1632
4396
18221
4053
5334
4708
11100
7279
10591
10996
5890
6224
1702
3854
2310
7198
5359
6736
3426
2631
1134
2185
6649
7585
2680
9491
14651
12373
7825
9122
2954
6730
1700
4512
8153
2734
8704
2728
9004
2545
3825
1720
4286
2669
4807
5825
5409
4648
8661
6832
3356
5284
6329
2819
8141
3432
10971
14246
10043
9619
11207
2904
4561
1154
4291
4869
4960
15425
4002
10222
10097
9075
7529
4642
2346
2108
11239
6449
9699
2558
5433
2680
4507
6843
17646
6948
13279
5770
5098
7374
2688
6360
9551
2219
9341
6467
6383
2869
4553
1553
3204
4701
3343
2066
4199
1402
4797
3223
4025
7414
8802
4714
6952
16847
8206
10398
2910
5043
5913
7254
3506
5000
3469
4544
8563
5168
6046
3596
9040
4510
8274
4468
9084
2496
2363
1196
5034
5117
3235
4336
2263
1883
4754
4527
4907
9930
9137
8040
2063
11498
10082
9174
6016
9558
3116
2725
7656
4305
7344
2111
7870
9247
3815
1316
1315
2947
7977
2761
8842
2796
1426
4946
7470
6305
14054
17130
13610
4806
2986
1302
6517
6206
3761
3164
3663
3931
4403
8720
4133
8815
5473
7509
2009
5561
8101
5208
5949
5920
4617
19672
7999
19588
3702
11272
3691
5917
10970
4382
9597
5927
3666
5098
9450
4235
7230
8438
4444
8827
1960
9032
2494
4658
7004
2462
4254
6796
4119
6036
3883
8841
3182
6969
8169
2399
2098
11674
9490
10468
4583
2316
2155
4358
8980
4900
8883
9218
4657
7569
1914
6839
1638
6163
8114
4726
9619
2114
6617
16378
3583
2039
9637
9717
2957
10904
1838
2965
4944
10922
4549
7756
1458
4698
8695
4634
8686
2584
8201
8908
4665
8573
6499
5722
8090
13884
8744
10730
2167
7324
6521
2306
6062
10363
3669
9253
7381
4257
3721
1947
5135
7674
2796
9391
3518
8286
6101
2166
2814
3320
3292
5817
5392
4753
15152
2942
7097
12429
6606
5460
9541
3190
9165
2852
4646
2856
3859
5672
2020
6314
1969
4888
5529
8962
5176
2520
2628
3406
3639
5439
2813
3319
7286
4232
14106
11366
6882
7255
6738
4975
3532
1736
3710
3809
7667
4177
8298
2962
4256
7321
1653
3084
8421
3253
6013
5272
955
9079
5415
5882
1766
4939
2614
2862
4977
4765
8542
4764
8461
5249
3370
7991
5730
8495
1705
4265
4292
8303
2106
9628
9405
4931
6999
8899
5206
2396
8907
5349
2611
4629
4229
7413
3821
2554
4863
6343
4323
5413
2887
1107
4069
1954
4166
5460
4221
3421
4839
7714
5161
8182
4737
8881
6320
1886
4004
3594
3466
4787
4152
4904
6735
1765
8074
1841
4870
4193
6465
4522
3919
2707
3337
4611
3854
7168
2676
8949
3646
1984
3640
1840
2488
7295
3486
6986
8142
6425
4452
5107
2284
4215
6603
3677
5896
4330
6476
5452
2301
5125
6919
8458
5375
5991
4381
6662
7238
2423
4733
1370
3905
6528
1660
3692
5590
5204
4667
2046
2975
3433
8006
8499
4167
5216
7116
5790
8955
5274
1956
2197
4535
6618
5011
6078
2283
7872
5950
4629
7826
4969
8615
6223
5122
7493
4339
3951
4950
2193
5560
7049
7549
8324
5257
8140
1692
9336
4329
4915
2194
3024
6764
3096
7645
4320
8101
4418
8310
3751
6881
3715
4135
5527
2144
1544
2572
6722
6673
2961
7831
1674
3293
3579
1874
1182
4243
2294
1883
5067
1491
4692
2626
4145
1216
7633
5311
2521
4682
9110
8546
4539
1803
9619
8072
9792
4392
4256
2689
8357
3178
4899
2393
6689
2837
3027
4615
3816
2940
5024
7968
2117
4556
7629
2190
5547
9614
5637
3590
3682
2996
5169
4310
5999
9279
4999
7645
6052
6518
5131
12727
7383
3299
3945
8060
5067
5889
5733
4266
3416
4704
5886
8132
5297
6624
5416
9280
4534
3027
7945
9377
2533
8260
2416
4705
2117
5611
2646
7257
5795
4337
8406
4651
9466
3736
3535
2364
5035
2189
2354
3023
4639
3585
5063
6973
9564
7050
3778
3981
4408
7545
2232
9025
2705
4532
9514
4149
9241
2452
7490
8397
8028
4771
8178
7312
7399
2020
6559
6530
9325
4996
8531
2113
3911
8707
8069
2748
2770
8176
7120
5184
8235
1595
7611
7242
5136
8528
5713
1798
6944
1513
1863
10096
4835
5661
3143
3788
2233
5286
8821
4600
4125
3346
4732
9036
3918
7090
2523
2047
2084
5901
1646
3010
1703
3398
4524
8064
4044
2844
1496
5545
3922
3637
4277
5745
7976
3600
10747
7263
8097
4280
3818
1838
10009
7836
5574
8349
7581
4789
5519
2979
5006
7150
2450
4706
1981
9398
2062
4000
8473
4183
7181
8626
8285
5184
5435
4434
8367
9013
3320
3134
3236
3702
7061
3442
2558
3701
5635
3327
8041
4299
6687
6095
2475
3098
2727
7005
2406
4032
2787
8145
1452
3928
7876
2762
9638
2195
4873
1358
1003
3922
1641
2267
2577
2772
2383
6250
4141
5819
5755
6512
7995
5697
9347
2537
2960
3101
1460
5155
7212
5375
7540
3362
2648
930
5758
5172
3922
5702
6998
6299
1231
7747
5112
6093
2988
1526
7508
2046
5028
2739
4059
7266
4722
5815
5722
3691
6356
1685
1732
1522
885
2058
6386
6651
8445
10756
10444
3250
10018
9896
3816
8552
5603
3459
2212
8388
2674
9356
4945
6360
5054
8691
4673
4640
3867
7315
7702
8575
5908
3407
3153
4302
7218
2380
9016
8112
9167
4786
4850
1674
4498
6867
4180
5273
9314
10976
3694
7152
1585
1746
9567
4961
7618
2283
4978
4877
4400
7621
6585
5060
4865
3320
8064
2023
4810
2559
3732
9051
3719
5406
7138
5429
8818
8105
4464
6523
3660
4878
6266
7905
4794
5557
4666
9304
2498
1347
4160
2346
1072
2616
4065
7139
3319
5998
2815
8269
3974
7965
1662
4825
2012
3329
5255
3696
4746
4464
2582
4441
2197
4179
5314
4541
6806
4356
8024
1887
4588
5835
8092
3770
6814
4593
1600
4916
2997
3062
3845
6164
1823
8918
7530
4987
2368
6411
7749
8371
3876
8492
6839
6671
4880
8862
1571
3764
4175
4889
1654
2518
1401
4867
2269
4463
1709
9351
3631
6892
8811
5805
5808
2814
2823
7337
2701
3615
5329
4449
5999
2433
4680
3544
4519
1745
4741
1706
6200
4287
2535
2551
4086
7920
3061
7808
3462
8606
2549
5926
2725
7018
5675
5133
4531
5931
5544
11181
7876
4339
2396
9978
6739
5132
7217
8694
5718
5769
6963
3464
4462
4605
3811
3123
8296
2185
3799
4235
3813
2740
7221
2386
3599
4191
1385
3262
4349
1368
8346
2352
1559
7429
4391
2336
1150
3438
7284
4968
8843
1772
4400
2148
4024
5651
4026
4188
2583
4917
10987
9147
3216
4297
6196
7193
2757
3588
3352
7133
6867
4690
2203
2243
5762
2522
4982
6925
2019
7770
1227
2244
6565
2612
5983
1378
2640
7633
5499
7214
2322
4012
1276
3643
4444
2755
2687
3126
7530
4469
2001
10295
2531
4547
5562
6379
1785
10557
7343
4520
1300
1744
1957
5335
2660
2613
2395
6998
4032
4859
8429
5016
8970
5345
8334
8175
4472
4090
2763
5165
3105
8759
4497
2608
7799
3025
8248
2483
2810
1482
5068
8294
4043
8188
6355
6847
7645
3872
2824
3318
3972
6252
8938
8204
2178
9243
3245
6913
5994
5180
2934
3382
2768
4023
4868
2020
4581
5568
2249
7931
7467
3969
4253
7532
5524
4539
4893
6395
5428
8552
2245
4463
1695
8304
1765
3116
4716
4114
7931
4549
2479
6078
4030
8328
3191
8617
2350
4205
1793
2717
6884
7582
5742
10543
7518
8695
5201
4253
10536
8989
9156
4364
7293
6900
5218
9398
1983
7585
4833
6679
1810
4294
2215
2961
3622
4259
3642
2347
4875
1795
3701
2689
5788
1526
1452
4706
6719
2590
4533
4665
4417
7623
7897
6635
4683
4740
2914
7658
2029
6866
1539
4683
4847
7234
5499
4544
8164
10146
2345
1370
1862
2777
2612
3762
8648
3914
7955
9165
5143
4712
8667
4293
3976
4674
7455
8172
9013
3583
4874
6315
2750
4171
9100
2279
2600
844
5204
2490
3321
3892
3829
6454
4601
9415
5095
2706
7913
8090
9403
9878
2794
3819
9663
2437
5694
5087
4301
3336
5282
2157
3275
3083
3466
5724
1653
8681
4385
7875
6654
8586
2150
4720
2159
2790
2985
5060
8329
1208
4172
6157
5427
7704
3950
5345
4035
9503
3990
4098
2420
1784
865
3435
4342
8575
5951
8434
3104
7166
6276
3713
4616
8218
5303
6869
8362
5436
6672
5122
7366
1844
4455
3088
4454
2367
4495
1952
2839
3715
2067
3563
1591
6174
5887
4266
8113
2687
4164
7375
8494
2176
2051
7289
7069
2544
4314
6117
1675
7511
2215
1786
5485
3653
7644
6416
4671
5750
5050
6896
9057
3089
2711
3132
8295
7071
3189
8679
6603
8178
7411
7072
4947
4040
4524
2402
8855
1997
6088
9633
9149
2660
2076
4692
2802
7494
6460
6330
3495
9106
2017
6340
2095
7233
1668
3172
2588
4176
8121
2925
6875
5812
2610
3388
4898
2593
2437
3595
1022
3269
4709
4840
4027
6189
1595
7728
6043
6003
8092
8049
2920
5023
4744
9194
5002
7268
7382
3858
8226
9034
9351
5301
4990
2883
2946
3085
4202
5351
3147
8565
7630
2158
1946
1402
2943
5068
7374
4401
9164
4390
7992
3288
7353
3094
9923
8529
5369
2343
8278
3266
12966
18405
9626
8257
10704
10996
11036
11420
3402
8983
5658
1928
6187
1841
8029
4051
1583
3611
4320
4920
4880
1728
2731
6784
1250
9191
8035
5300
8954
8236
5800
5019
2810
4579
2508
4693
6282
2114
9323
5165
2467
2314
2900
5751
2805
3087
2049
2214
1409
11229
11261
6263
8581
4071
8316
2224
2903
7752
2759
4144
7741
8265
3811
2965
2316
5226
1705
4655
5507
3890
2706
3328
5919
1616
2644
4992
8333
5239
7279
2682
4129
4115
5238
6110
9878
2571
5171
6027
3408
6693
2090
7674
2708
3665
8629
9045
6513
6630
4552
5445
10173
4112
6245
2491
5683
5242
5233
2874
3651
5531
2838
8181
2919
4295
5089
6094
7730
4659
10161
8311
5830
2456
5564
8622
4622
3790
5235
8579
3764
996
4943
5987
1547
1547
3126
3288
2956
4791
6828
1798
6929
2098
3679
2696
4382
4187
1501
1340
2688
1973
4724
3023
2178
2761
1875
2719
8450
5142
7867
7398
2736
2861
7166
9818
9356
8477
4579
8295
3630
7167
9526
4953
4404
5051
9201
2227
5010
7311
5298
8794
4922
6985
2340
5328
4750
3825
2616
2806
7273
3492
6112
4405
7532
5629
4181
2288
5807
7870
5030
2042
9919
4061
8284
2862
7207
4060
8379
2871
7545
3239
6462
3523
1457
11337
1127
251
296
349
237
120
184
403
100
283
229
156
198
130
292
147
120
87
143
73
180
125
181
180
382
247
247
114
117
566
498
242
187
264
209
146
181
101
48
140
233
243
106
112
92
117
189
148
50
131
153
159
111
176
105
142
77
217
123
117
73
151
131
139
143
89
113
125
208
190
158
108
155
150
110
78
136
103
101
114
129
164
192
182
156
67
162
147
210
188
214
170
103
181
159
97
71
154
74
123
64
125
52
63
60
49
114
74
97
320
159
173
109
139
96
67
66
70
170
85
128
129
148
81
148
102
269
128
159
168
189
162
152
79
50
95
64
63
72
161
151
75
81
82
128
82
148
82
152
151
112
64
56
21
35
93
69
104
68
115
73
116
86
142
155
120
71
162
134
107
70
84
78
148
83
129
95
62
86
142
71
67
55
116
48
119
63
77
99
155
130
83
201
100
171
117
185
193
160
68
119
91
103
79
94
87
114
50
97
52
61
100
76
128
117
183
90
158
95
76
158
115
151
151
179
86
114
158
75
139
69
76
132
52
53
96
63
63
77
72
155
80
170
133
134
75
85
148
130
73
107
142
152
172
141
123
46
46
142
74
61
137
122
123
151
139
95
78
85
361
190
95
161
56
88
109
140
193
145
140
92
73
102
70
112
38
65
98
84
142
80
151
124
150
475
138
256
77
143
152
150
110
136
78
144
129
130
101
107
60
198
134
166
96
154
134
169
60
553
558
259
126
126
174
134
108
120
141
175
78
180
104
165
92
163
126
132
107
173
163
103
79
82
68
85
54
158
140
142
179
122
123
111
133
73
124
160
132
109
159
96
129
161
90
125
119
122
66
74
55
69
126
84
141
95
59
106
74
61
56
97
41
71
108
70
121
76
76
145
81
131
82
116
131
65
65
109
54
51
59
127
44
69
69
72
132
107
85
178
83
112
82
70
78
122
103
87
121
169
140
147
78
152
141
110
138
138
141
122
362
214
209
128
112
114
122
108
69
142
100
136
142
133
68
71
80
172
145
120
131
94
74
148
209
195
158
87
63
122
110
227
86
58
83
82
87
89
133
59
137
126
134
76
59
127
79
155
92
161
98
134
66
133
199
98
156
138
96
68
96
74
85
83
131
158
98
71
142
57
61
107
55
66
98
111
130
110
133
191
123
24
65
119
134
56
59
67
175
189
82
152
348
163
89
141
172
216
97
90
83
70
157
45
140
113
160
159
85
135
101
122
54
68
148
134
54
123
105
135
115
63
138
78
97
97
155
75
124
110
136
80
129
85
147
67
63
82
102
64
57
56
71
53
60
47
58
52
65
77
74
119
35
46
119
61
67
68
64
43
69
246
81
84
64
83
74
122
76
59
60
105
78
122
256
156
117
157
87
85
83
119
115
70
122
76
125
70
28
137
165
68
49
160
175
109
159
116
146
161
159
143
94
137
57
68
91
85
101
166
102
129
95
148
73
71
115
73
78
72
70
176
161
166
74
143
155
99
118
67
89
129
100
132
79
72
94
47
101
62
86
67
112
38
123
152
109
100
120
119
69
132
112
64
111
107
154
104
82
110
111
131
199
96
131
97
144
60
208
184
222
110
92
153
67
110
69
62
63
83
50
186
134
101
138
126
163
71
156
160
130
81
153
117
66
68
65
69
59
80
39
126
123
113
50
121
62
70
97
69
53
71
48
66
76
70
112
121
175
103
98
107
98
173
124
180
119
83
148
82
162
107
178
100
167
128
174
105
94
184
167
117
161
84
126
105
62
65
163
87
76
56
57
61
121
78
124
107
114
124
136
150
166
106
164
90
77
94
132
80
76
440
221
175
211
161
101
168
160
167
163
93
87
84
102
96
157
101
87
96
76
72
57
95
145
117
80
85
85
260
206
97
132
72
152
161
153
76
113
92
101
121
153
139
181
103
74
112
83
141
114
119
214
241
179
114
138
197
17
142
125
43
57
147
64
72
100
107
111
138
162
113
139
158
61
72
107
50
161
133
153
149
88
103
76
103
138
88
92
149
116
138
147
83
91
62
117
125
80
61
112
83
89
95
90
208
92
145
152
150
243
178
93
125
111
72
72
74
101
127
110
65
131
104
120
86
93
149
67
91
130
86
132
67
82
110
59
103
81
69
120
62
115
281
153
162
134
130
107
131
75
73
132
77
90
148
87
118
64
153
134
55
67
101
64
174
153
46
69
140
87
155
151
120
74
104
64
58
59
89
73
123
141
173
96
195
127
82
178
253
130
182
190
211
150
91
105
58
76
70
96
46
91
131
94
133
149
639
176
283
175
188
176
169
106
113
79
83
161
130
197
148
103
71
93
77
88
66
156
101
162
115
61
118
103
149
131
143
95
95
103
113
142
129
132
173
206
202
93
140
149
168
99
65
55
105
65
148
83
107
116
166
62
61
77
91
122
66
69
137
61
293
130
124
156
112
164
113
158
157
173
185
148
105
162
76
70
70
91
169
156
84
90
75
104
68
79
70
66
75
61
85
95
146
108
123
123
147
148
150
74
131
96
137
68
138
131
111
194
140
173
146
100
69
105
178
139
52
141
114
184
105
75
118
80
127
75
88
143
102
178
90
138
73
123
91
148
153
109
96
158
143
78
117
115
95
97
65
71
62
55
70
111
48
137
75
70
113
117
96
77
117
127
170
109
183
115
169
108
176
190
188
106
176
130
121
56
16441
18899
5476
11403
4513
3680
10807
4380
6781
7887
10215
10182
9857
6253
10522
9485
3218
4086
6900
7314
3985
8080
3261
8846
5466
9707
10515
9880
4279
10311
6093
4384
8511
7671
8689
7180
4637
5798
5477
7984
3363
3265
8920
8746
3454
7348
10709
10140
8362
2993
3524
2433
2216
2519
4174
6805
6482
7597
12937
10946
5934
8014
2963
9999
10239
4192
4682
8582
6648
5810
5491
4309
6991
3613
4741
3019
4054
3107
4078
8598
5104
4800
5907
9729
4375
8448
5342
6546
9741
3684
4223
4584
2837
2587
3684
5152
4136
5259
3599
2962
3847
5123
5174
6815
7105
5335
9846
2666
3161
5353
8901
5920
3783
9142
3505
7702
7508
8901
5790
10863
3918
5434
7339
5287
6185
6269
4138
3719
8908
2489
2564
2490
3200
2557
2197
5980
4757
2379
1548
5053
6066
14048
7526
9381
3847
4678
8837
6378
7101
4216
4019
3479
5885
8497
6256
3310
4936
4831
3353
4591
7470
4104
1641
5864
2659
4019
4978
3219
2513
18962
7930
11143
7270
9584
10360
6384
8386
4419
7318
4977
5042
7229
2286
6091
3148
4310
5728
5073
7477
5208
7974
2875
3687
2765
3433
7170
6842
5582
4314
4439
6891
3235
3656
2848
6930
3098
8981
3392
4021
3228
4688
5262
2725
5195
6279
2716
3257
7020
5879
5786
4845
7252
1551
4285
1230
1825
5987
4904
7427
2281
5304
3718
5673
5006
7669
4603
3071
3427
4624
7456
7335
5120
6736
2788
7714
4652
7709
4551
3924
6808
7441
8492
6008
3804
3441
3920
6992
9330
10279
5618
6444
3559
985
1716
1982
4179
7195
3804
3944
2522
4982
1885
2296
3068
1445
2265
2195
3479
2925
4202
4212
5223
8286
4370
3881
5328
7500
2109
6320
5583
9409
3182
3621
2997
3875
1702
2333
5456
3784
5977
4164
9558
8919
5421
10559
6701
8233
7800
6139
3203
2121
7275
9640
4192
9381
3715
3374
1817
1111
2284
4986
4210
3136
4111
6315
2390
6211
4678
4611
7697
6738
2658
8088
2272
3703
8934
5582
7244
6671
5228
3018
8720
5588
7869
5984
4919
7573
6784
4491
6510
8528
5022
4852
2488
3689
3881
2080
2589
6735
8401
3064
3787
6400
4107
4163
4506
2770
7958
5155
8094
5429
6536
2368
2364
7523
3113
7495
3914
5972
2678
7809
4646
8128
3542
4889
7562
2960
2655
5165
3055
4287
4159
4021
2713
6075
3263
4140
3121
4470
2280
3434
4308
4722
8539
5046
6571
4411
7165
3257
8838
5442
8512
7539
4948
1813
6091
4928
8187
4745
2555
3362
4066
6711
4450
9617
3307
8093
3294
2087
1859
6256
3409
7750
7708
7333
2923
6742
3045
3927
2033
2760
6222
8146
8012
2836
4524
7498
3143
7699
4605
6713
5601
2716
1962
7545
8190
7882
5704
3698
2837
3424
4214
7212
5207
7146
3195
7696
7497
7185
4301
6619
3101
4249
3446
4195
6027
4571
6539
4315
8543
4675
7590
2421
3517
9190
8867
3336
2443
8743
2141
4043
2232
3950
2789
3995
7470
8540
3897
4146
1480
2547
4224
2355
3538
4868
5415
3764
7014
7156
3448
4049
5263
4570
7506
8742
3782
8798
5295
7025
4175
4229
7031
3829
7344
4383
3758
6409
5246
3018
7227
5507
8387
8400
8145
4607
9155
6237
8889
7718
5289
6471
3978
7647
8623
3839
8921
5493
3567
6473
3035
4128
5926
4073
7749
3027
8382
2589
5378
7822
5805
8058
6796
4919
8404
5544
8194
8634
10260
6286
5277
5632
3520
8653
3497
4363
2540
3332
8301
4838
3633
2922
4570
3168
1726
2490
6286
5070
9187
2741
3669
7611
4741
7300
2108
5037
7845
5672
8900
3415
8100
5831
3980
3596
3097
4909
5166
8458
4470
7151
5266
8195
2936
6607
5142
3761
6830
8662
7215
5000
8038
8862
6039
3630
1564
6410
4729
4829
7311
5039
6129
8263
5715
3886
6331
5691
1920
4182
2369
4029
3145
3032
2825
2431
3767
4253
3960
5931
5222
7976
3173
1487
2827
3234
3129
2252
4654
7308
7226
4680
8623
5843
1855
3645
9051
5417
2787
7593
5686
7719
3071
3736
3789
4451
8171
3196
4797
4180
8007
7163
9967
5204
4127
4595
9508
6031
6807
4882
8780
4937
7235
6975
2489
4131
4234
3505
2697
3374
5649
2835
1814
4604
4313
3684
6102
6361
4459
8613
6168
9080
8020
5822
7499
5365
5729
4059
8647
3346
4883
5927
3160
3313
3037
4160
3185
3681
7353
3554
8432
5781
3505
2943
2523
7519
3761
7485
1812
2746
2283
3630
7132
5909
4371
4529
5736
3518
6950
5286
6585
6856
8529
3796
4303
7234
6057
5618
1922
3149
2932
2620
3427
2892
2348
10684
5577
8630
5116
7422
4385
6591
8235
3822
7793
7503
7962
3096
4152
2945
3804
6063
3006
2973
3886
2740
2440
3139
7386
6767
5610
3380
7083
8453
5646
6732
2806
6739
7429
4111
7445
5256
7544
2343
3169
4874
2438
3227
6563
2710
4975
3393
4135
3306
4208
8873
3901
3341
6449
8926
6065
4902
6203
4722
6520
6943
5159
8133
4477
5945
6210
5680
8869
5594
9168
3468
9742
5159
4700
4830
3968
7410
3617
2690
8902
5930
10279
6239
2100
4342
2730
3321
4689
4833
8824
4721
1351
2694
6878
4503
7242
4519
4727
5600
3846
5326
3775
2905
4430
6813
5040
5544
4170
7922
2378
2852
4283
3192
2335
3253
6073
7885
5750
8078
3220
2723
4996
3386
4629
5169
3414
2208
2688
5927
4349
7241
1877
2923
8773
5422
9831
2589
3434
5942
4625
9771
6231
6440
2376
3816
5234
4136
8382
5080
4822
5183
8239
5661
9585
2797
4350
3746
2473
3110
3287
5328
5045
6534
3557
5744
4740
7975
8509
5505
3954
2671
2982
1953
2994
6531
3115
6625
2827
3336
7726
7858
2995
1041
3139
3441
2932
1983
3917
5030
4341
4241
6918
4839
6470
2037
9591
3432
3846
1435
2071
3033
2887
5437
2687
5731
2506
5132
4179
3637
3230
4731
8505
2682
5469
6538
6733
5787
3997
2586
3039
5425
5066
7296
3494
4550
3390
3937
1896
5766
4835
8272
6198
6455
3132
7168
3975
2354
2203
4420
7494
4361
4089
4218
7616
7187
8350
6599
8334
7119
6450
4997
4260
4343
8834
9519
4342
5725
7471
3211
1427
6260
2930
2255
5956
5027
2384
2938
1822
2338
4695
4236
6802
4928
5899
6772
5186
9090
3520
8318
8281
8120
5240
5092
5166
3875
2978
3687
6633
3635
7571
7557
3348
6566
4639
6852
2691
3612
3937
2345
3153
7991
3683
4115
4715
3745
3103
4180
7355
6658
4891
6700
2598
6011
4994
3657
6582
3799
7618
5972
3717
5283
9189
3587
11650
6525
9744
2567
3631
8062
4317
7389
5369
4599
1430
2828
5472
5612
8718
2682
3443
6350
9247
4307
6902
1880
9103
8958
5355
7630
5754
6903
6954
5269
3612
4572
2644
8401
5114
8885
8698
4538
7254
4853
6165
2994
8108
4119
4360
7444
3828
8017
7253
7903
4740
7101
4971
9667
8898
5494
8531
4738
5798
1940
2757
4037
3532
3890
1323
6490
1904
6836
4218
9099
6344
5238
3405
5949
6969
7043
2860
7194
9896
6629
5928
8851
3476
4157
8581
3662
5241
5032
9261
6176
2928
5353
3224
8714
5500
6282
7655
7596
5982
6743
3209
3669
2189
2274
2085
2674
8801
2556
5517
3230
6881
7001
3260
3468
1994
5363
3902
5037
9050
5981
6178
2729
4765
4876
4281
2379
3302
6731
3430
4781
4841
3277
5322
5155
8663
2322
3029
4916
3362
2524
3658
5875
7940
5412
7580
4600
7698
2818
4917
8254
5813
8411
3373
3959
7386
3497
5865
5725
3797
2314
4843
3364
2188
4426
6118
4169
8061
1534
1378
4367
5799
4617
2622
5610
8531
4582
8697
3416
8104
6658
2858
3044
1964
4796
6875
5224
7439
4346
6361
1431
4342
4117
6707
5886
7070
4081
1992
8157
5730
6556
4256
2106
5103
3946
6398
4035
5544
4184
7186
8447
3306
4504
3297
4365
3101
3135
4577
3158
6946
3230
3920
5395
3780
5889
8199
6909
5048
2700
6925
3857
2866
3549
3352
3441
1468
2228
1382
2530
3347
6427
4018
8011
3131
4428
8974
7994
2885
6426
3373
3345
5799
4645
5122
5956
6659
2373
3919
7808
5731
7089
5597
7153
5862
3060
3081
3445
2841
3329
5945
8244
4866
9039
3690
6186
4485
8065
6463
4918
3308
7132
7004
8704
8656
7227
4575
5887
3727
4633
2209
3145
2671
3370
2933
3832
3173
3730
6981
5121
7881
5675
6101
2758
3157
2943
2578
5563
7236
4682
2903
5531
4759
6162
3897
4075
2020
4313
2405
5693
1571
2570
4490
3508
7487
3296
9879
3556
4315
3299
4086
3165
3917
6777
7142
8438
5629
7901
5646
7698
7916
4149
7338
3282
3768
3158
3357
6814
3717
4924
7068
5013
7817
2075
6566
3305
8599
5614
3734
3133
3616
6232
8236
5200
7983
3747
5120
2485
4093
6902
5473
4678
8256
3622
9351
9906
7874
5073
8086
6406
8733
8130
5420
8562
3752
7813
7159
4979
7465
9306
5109
4210
5858
4843
7732
7872
4578
11275
12931
10246
8505
8678
5567
8745
7054
3830
4646
3470
4265
2065
3242
3770
8137
5345
5395
5629
3555
3758
7391
1706
5737
2841
6411
7210
6569
18698
7314
6938
10154
8355
6031
4350
6344
7432
9743
8243
5183
6710
2370
3654
2016
2790
4337
11611
6015
8570
6646
3668
10207
11118
7623
4750
8713
6039
3702
5071
2932
1726
2375
2265
3361
4307
5865
5137
5955
4214
6854
7842
5809
8087
5407
8279
5036
2975
1997
3362
4943
2939
5325
6800
4539
7951
3679
11087
3728
10066
3588
3878
7266
5115
9197
3090
7461
4754
5399
3694
6922
4202
2598
3538
2438
2627
8722
3722
5368
5265
5107
4672
12438
13808
35498
17642
8874
7192
11926
26706
23628
28372
11365
26952
18629
21834
5163
28189
9536
24691
7100
17497
6182
31483
11503
10394
11347
22593
4887
7721
11427
13515
25423
21387
14604
17687
21563
11257
21408
14608
17734
7731
30075
14730
8687
7183
6144
12203
15043
18399
4651
10417
15609
12677
28422
21615
20708
11311
34685
4606
4387
18434
18536
12157
6425
15272
12675
8144
9310
27200
7033
19891
14737
10143
10485
12924
36568
9483
25584
16156
5043
12189
16830
16425
20983
31090
4825
9634
16704
25691
19180
12071
4496
12363
21707
4756
26796
10983
7909
4637
4405
5345
6845
16315
21809
5760
19669
12669
30164
8180
14328
4269
5413
16345
13929
17704
8434
6150
19494
7003
33742
4007
8683
4903
11612
6399
15337
16528
11440
27798
4298
21467
7614
12511
6542
4833
24542
8910
22152
25746
18917
8248
24157
28512
9277
8854
17562
23373
6420
14684
22346
19266
28585
8413
22256
34248
11331
24348
22588
12216
29635
9068
22627
16542
5868
30933
4670
20526
32450
13550
6313
16200
23515
18008
26011
21122
6303
16826
26389
8106
5245
18009
16897
18434
13761
26835
11242
27241
19179
12657
27318
3233
7965
19348
6219
24995
26534
10372
25684
3879
16313
4596
9380
13101
14038
10332
19869
13411
19391
19150
3719
7524
21530
10598
11095
9793
4822
11272
25061
8172
9444
21122
6848
33470
4001
9063
25607
19229
21772
12737
22726
5540
10974
7131
12319
4208
10003
14307
9575
18637
14554
27644
9920
23836
13157
6388
12337
27972
10677
27073
27216
10520
26041
17827
24489
26772
13811
20364
10904
21407
15160
21194
6262
16526
11664
32438
12324
4929
2970
10297
12390
15070
10742
5855
3699
21107
15143
21688
6379
14047
19531
5766
4584
6625
15508
13739
23497
11753
27419
20797
14870
28446
4913
7133
16368
5995
11147
6738
14585
7003
7780
20105
6880
28309
5506
11120
6667
11773
9566
9647
7106
15726
17070
4127
24995
23847
18766
13424
21597
6268
27729
19189
17004
26864
15308
8173
10747
10255
14168
15431
11253
11025
19882
19776
9799
30913
4894
8748
6287
12752
7564
17381
19983
12327
30358
11218
11715
17154
8186
14241
11353
14213
18140
23207
6582
13570
4874
8372
5508
11872
20410
5569
21225
11470
7450
5359
9749
28010
20081
14190
18418
11249
35153
7343
21308
21329
16471
6844
14539
27378
5894
18919
13455
17326
4343
9360
24257
20081
13900
17778
23768
15869
9266
18750
15154
16435
20593
7103
15473
21393
29979
10835
16907
10154
26676
9031
6835
3951
22177
8889
9950
4474
21113
3863
10078
19408
8978
14266
14931
12704
32844
10855
20184
10596
27031
15845
10441
19559
14603
11153
8456
12046
9491
28587
13862
22246
24926
18095
19966
13231
23169
12956
34882
15576
10259
11769
17001
17171
20139
9185
10121
5783
14373
8200
21689
14566
29179
4966
11533
14523
7973
5153
11773
12235
8566
28655
10429
12952
4845
10942
6365
14509
19374
9247
7511
13798
21805
17214
12361
18884
4850
11492
6268
10078
3816
8698
25841
26476
11984
20738
26912
19484
19293
5286
3668
19030
5564
11116
6197
6122
14855
29624
11025
12251
4920
3996
5140
20591
11503
33357
19536
10801
19709
13291
15685
25501
8980
14166
16648
12260
28562
10446
25505
8873
23270
25165
22071
9850
21188
7224
6864
27896
10732
25371
9882
25702
22602
11717
13937
9239
15864
4071
6541
11417
10340
27204
8869
17617
9077
11086
3962
8313
6226
30322
9349
10415
13575
12274
10350
11487
7719
14014
15841
11170
22825
15743
10760
25974
7601
8449
8059
8328
18493
6589
9746
6554
10062
20443
14475
17332
8626
20271
17308
12060
12772
8163
12585
14739
12654
31984
14510
7260
21568
15586
29617
4823
19212
10775
26364
20735
19852
6560
15102
5045
8943
6008
11949
6225
16112
11612
19412
10368
12457
4740
10374
7130
12917
18455
4650
21386
11137
22663
16890
22864
9886
33400
5372
8216
12676
12907
4102
9567
13165
10971
15730
11239
31820
5633
16311
10658
29957
7873
8642
5010
15339
5313
12769
28808
10185
28441
10865
12369
17596
17656
5565
11233
33047
20009
14442
20211
4976
10556
6339
10559
15684
21064
7576
10537
19014
11549
29448
16239
17910
5636
25299
19286
12376
15714
5360
10199
4329
23095
16856
28701
18009
20276
22122
13798
19452
13237
7767
8422
11825
7239
14396
10534
15614
20119
8804
23487
20388
12010
30479
9626
18214
19907
19913
9210
27434
3597
7948
4774
9350
6077
14789
17425
8527
10858
14213
15651
20892
25270
27313
6176
6075
12366
24121
10586
12013
17650
9440
4395
6585
17321
15625
6515
23885
9250
23137
31235
8754
25766
5421
21003
30532
20786
18841
35786
9476
24540
3382
20179
14161
16440
9056
9558
22625
8317
22928
24471
6990
8357
13053
13786
4794
8990
5903
13051
21560
5261
26286
16800
33649
31430
8174
21036
14696
26402
15240
17371
7529
14738
11820
12089
14675
12526
24063
5674
25306
9183
14080
9193
22514
22843
14981
21041
21869
18487
19652
26158
8223
20423
12582
29788
24962
12448
30193
16920
22113
10486
13177
18298
15792
3991
7101
15546
11798
29560
4337
11036
17456
22278
20540
20891
13061
24863
23051
15902
11408
5175
12061
7341
6741
17548
5104
8704
24128
21349
25837
8634
23500
16423
11892
32033
4795
10798
17567
17878
9051
9275
5564
12723
22028
23064
7200
7317
17469
12439
20258
11771
23409
16352
6955
13741
16744
11448
14423
17024
18017
24388
20752
10756
30258
20854
5656
11554
7760
12748
5141
9355
22353
8839
26795
12179
17768
21498
10953
12191
7643
15463
29052
3149
9991
25133
10482
15640
10603
16447
6299
8938
4792
9857
18616
5097
24530
8273
18177
21601
9370
18129
5402
20511
4938
12153
28441
6335
8291
22034
10738
28330
22167
15690
12335
12356
15523
27568
10177
19036
15313
25876
10053
17963
5047
19479
6125
19401
11842
29380
20424
11761
10383
25007
25940
12606
12932
28990
11177
16328
29057
19676
11381
28002
10280
22890
6743
20350
6558
30371
4218
4987
11067
6755
26561
4195
9926
21475
23806
16817
4904
14243
29328
16975
17765
14707
12265
19493
6873
13134
9471
23167
19644
17852
6708
24298
21219
11957
20218
30182
7512
23781
36287
7348
20166
13305
24426
22719
3990
10358
13464
16140
15239
8414
19865
12358
13463
8078
20832
22091
12932
8564
9603
14786
19122
10882
19462
5163
11844
27810
24114
25222
17962
18503
12572
34162
6763
10272
5679
11832
14404
11879
15013
24099
4197
10902
17324
8637
9875
13050
14993
9733
4533
5934
6465
15182
10385
7617
12395
16046
19521
8692
22532
14725
27327
10655
31329
15520
12483
13042
34527
9192
24301
25174
11554
28334
20299
18177
8108
23161
5923
24121
21859
16894
12724
10217
10345
11119
7215
15988
7209
10221
6636
11399
14914
19192
14197
30463
10804
12514
14111
11408
28070
8810
11275
26444
16022
14335
11092
28006
14011
4176
18261
11465
8748
10889
23860
15333
25760
16773
21030
11531
12909
6210
8405
21882
23096
11325
12208
30541
9866
25481
17634
6968
5514
9991
3707
8500
25706
9743
28025
5721
12683
24095
11167
27195
9595
19884
14403
18056
22367
6539
12802
9670
10241
17102
12281
26353
10078
7175
23490
8948
19872
30402
9014
22577
10467
11466
23529
17374
22594
8499
22869
25727
15989
9628
22142
14054
30964
10478
7482
5720
12054
18745
4094
3434
19264
14715
31388
4888
15615
3977
10751
27168
6765
20884
11711
22398
15054
24236
6403
27534
9377
13561
4927
11666
21485
11151
4526
10986
6450
14466
23405
23120
16382
20249
9745
6107
10200
12460
6974
8548
16832
4707
12158
20708
21897
17058
13492
16660
10445
2927
4765
14450
6004
28078
22331
19895
10698
26535
5551
6819
5569
10970
6827
7728
13502
11159
32667
7462
16993
6555
12529
24629
25055
16306
22692
4984
30949
23640
27021
9835
19339
8704
27355
16752
11942
30550
8846
17195
21787
7481
22571
16401
22435
6340
20015
13424
22555
16727
21873
5590
16652
6072
11905
8519
8682
6363
12506
7112
19302
32501
10633
24193
13091
17458
13460
7847
9811
20162
21489
6782
15056
21123
15844
5843
13058
4630
6948
18249
15065
9881
8062
10904
5948
14017
32291
9560
11835
18428
18712
24150
11733
20246
6335
13438
9263
18571
14812
18609
10507
21145
13839
17791
6002
27151
9203
8984
16190
15104
9451
27650
19906
23298
6245
18977
13173
32712
10500
10867
33690
10360
22393
7431
26140
20145
13889
18863
11801
10958
6194
14918
4492
9897
11137
7252
18139
7498
7458
5162
27115
19272
21740
10295
25859
14275
14628
25158
16858
18424
17997
17311
9762
25348
13852
18965
4028
19274
6822
15898
13827
6681
4991
11015
6690
17247
4793
5182
3090
8105
15520
9630
26759
19914
8553
26158
18175
19471
11272
33954
28848
20511
24074
22910
17506
18662
14533
20103
33294
16416
12496
30132
10372
26382
10811
17329
11677
27707
8160
22214
7638
8418
5452
12515
6966
7254
15793
21397
20184
10872
8049
24391
26076
9496
21759
6662
14333
9292
6983
21288
8910
9663
21291
21538
11256
30387
31015
19224
30118
21063
19497
7447
31520
3757
8380
10507
18159
23887
8285
9245
28276
5759
18732
11110
29305
20479
13753
4796
10845
11666
39230
11726
19332
21701
24561
13147
19046
7157
13366
32231
10587
28655
7997
17358
21906
12704
9391
17610
25538
23920
19864
13605
6909
18855
15712
5158
10684
6522
10101
20004
14617
31075
11586
11633
29696
26983
11938
19489
26124
16300
18976
8628
23351
7416
27273
5524
9515
10535
12192
7384
19418
5323
8021
16896
6315
22542
15851
21056
13169
26777
4249
10402
13797
8897
11064
2344
20466
7358
29994
22477
10723
25107
8594
21863
6389
13649
8083
18685
10543
9170
23711
9149
23050
25287
18912
14671
5629
10860
29392
7510
17280
23409
7926
9835
14382
4430
10290
26547
9934
24503
9044
19750
12644
6978
30040
26252
24695
6235
13089
10451
9017
5100
12637
7422
15553
23597
14199
17494
9731
17728
22129
20115
8352
18192
3868
8911
24703
9144
27155
4702
7402
5104
18876
4763
12113
7211
15776
21590
25367
17517
12373
12845
26955
16558
19017
4686
23216
33467
7856
24534
18881
20093
26842
19671
18813
17323
16594
12819
16697
12829
23042
5956
11870
23014
4926
18179
12637
14889
9750
10894
21255
13372
27124
4898
24530
8490
16310
6377
4339
4520
6390
12953
23455
8126
24924
10183
18270
17152
8860
9994
6663
14212
25503
23129
16799
24665
10951
19672
14368
28342
24820
13188
23200
15307
18856
25388
19273
23768
15747
10302
26722
8212
17069
18237
7762
14421
15936
6502
12826
25736
9403
18202
6556
29773
8530
19697
21570
23917
6514
12305
7669
23449
4575
10738
6816
6209
8590
20004
4484
21050
32349
3267
19413
27061
4033
10640
25682
16192
16685
6066
12477
15032
9832
5963
11431
17684
8187
11842
6496
17655
24645
36354
10558
25075
21122
36843
8670
20333
6138
5113
5355
16288
29641
10526
3053
18566
12506
25627
9850
6018
15287
14467
3778
8432
13105
10117
27686
8955
20030
4705
9241
5748
19531
7659
16679
21861
8820
28509
12415
17847
20549
13063
23492
15780
8272
7742
4784
11895
26925
9621
17929
12662
29739
4228
8271
4263
9254
12838
7551
20350
8264
23800
21364
19906
13665
35051
12972
22856
7258
18232
4318
19130
13472
19469
19314
14447
17620
10473
13498
18553
8390
27642
17652
18060
15554
14330
5552
12801
30573
8269
18616
6955
19356
6708
9267
3120
11212
20983
16853
14102
22618
9320
23093
6873
25011
27306
20370
18179
19079
13064
18147
5699
12254
7858
16911
8928
8582
14015
8276
16801
9841
16596
7471
20182
13718
26592
18565
15136
10734
17582
30489
3951
15343
13432
16853
10728
7879
19638
14210
28337
5890
18702
4723
11643
7889
18822
4019
8168
20280
9394
20820
4944
24215
10231
12335
13544
26129
3259
4847
12411
26514
20983
8005
9920
27142
27107
17580
15485
51908
46030
21946
47276
40742
93751
56346
114986
29060
100435
40196
99400
46106
59123
60166
36133
116456
93267
59898
55455
65536
12727
47884
36766
66152
102024
43972
28884
99203
40368
29051
50074
33922
20032
10782
7167
6036
3107
5094
2471
4395
8007
3896
9366
4137
7614
2058
5313
8095
3946
7657
4452
5526
4502
6385
8646
8254
13127
5424
9775
4908
8955
2095
8287
5076
8899
2452
8296
2108
4152
8568
4686
8753
4729
7088
2628
6160
2289
7814
5886
10513
2369
7559
10567
11001
3060
7459
8336
8203
11785
8881
2748
6077
2842
5001
7819
6192
2740
3924
2171
4685
6361
4592
8396
5012
6937
7964
9138
5121
3761
2771
5512
14438
12725
14536
12460
8931
2692
9388
4537
8820
7257
8358
8441
4718
8746
5317
5020
2710
4718
7169
4895
8672
8908
1950
2843
7179
5507
14191
12634
12690
11094
5347
11202
7421
5679
5565
9727
8929
5082
9624
8828
4364
8164
2979
6285
3651
10768
6107
6993
5619
10748
9572
8014
12599
10301
6974
8727
2884
10307
2685
4688
5777
8194
4611
8058
5460
9981
8792
2285
7330
2082
4338
2816
3745
2253
4470
7057
4451
2403
4674
5270
17832
12287
6396
9826
5511
9037
2738
5089
7524
6926
5567
7019
9524
4688
8549
2619
7711
2946
4887
7683
7398
5725
8163
5520
7986
8811
10840
13633
5760
8369
8856
5152
8745
6499
7933
5656
9274
9415
4525
9223
5385
6946
4685
7555
2808
9662
5345
9074
7074
10806
10584
10619
9243
10164
6094
9870
5678
7293
2602
8559
4867
9481
5346
9218
7921
3396
9281
7852
2452
9209
4943
9124
2239
3943
2489
3384
15962
14712
5792
4950
9176
11064
8896
8075
3030
3924
5292
3323
2225
8172
4853
4532
2983
3486
4375
6266
2748
4032
7450
9051
4978
7935
5223
2182
10475
4549
18241
7589
9308
12379
10420
8424
5343
7874
4853
8349
1925
7223
2728
7962
2490
4116
2705
4279
2266
7762
8677
6009
9687
8555
9007
10205
13070
12505
11411
3257
5854
7984
9759
9801
9668
5431
8859
2359
3992
6737
7995
2136
4560
3032
3683
4803
4334
3066
4216
7075
2649
8975
9091
18476
4174
7539
11084
10177
5698
8425
5801
6062
3467
7599
3854
8962
2062
4584
8295
1796
4735
2140
4399
1904
3409
5386
4225
6349
4007
5265
7871
10914
10204
13773
10616
5947
9044
7373
5697
7466
3160
4483
7301
2096
4736
3066
4588
7464
3229
2646
4957
7012
7173
3530
7436
4261
6113
5588
7335
8967
8631
6157
12341
12258
9375
7598
5360
9202
3295
6335
5690
8092
9850
7817
4989
2643
3825
4376
6544
8619
4490
7435
5784
5064
5754
4404
18944
8088
11041
7500
12363
6268
9919
5580
9759
2598
5210
9572
5275
4403
5286
4167
7354
7407
8653
2843
5095
5464
4237
4201
3531
8351
4289
8578
6265
8663
11001
11408
4685
9699
4541
9185
5102
4757
9971
4152
8126
4771
10062
4278
2801
10104
5190
5207
2210
4836
4195
4368
2455
3809
5251
4566
6454
11854
10020
14121
10698
5783
4641
7795
1620
9347
6048
7569
7953
5356
8079
5066
8566
2553
4508
4622
9936
2633
4712
2569
4417
6990
6050
3903
9733
5388
8107
1826
8528
3676
5223
7666
4813
7205
2724
9810
6743
4501
3104
2690
2476
2857
3776
5945
5733
9937
7868
4823
5757
1493
8208
2530
7918
8858
5392
8291
2608
4213
9760
4739
8317
7717
7784
8402
3213
2558
9021
9843
2908
4805
8862
6994
5103
4482
4463
8188
2220
6763
3119
4974
7062
3773
9707
4673
7785
4062
6505
10091
5466
9184
3351
4304
7494
8802
2290
3903
2611
4174
7932
9231
9212
9154
4178
3649
6778
7133
1928
4432
4607
6472
4875
3424
8634
2684
8955
1832
4611
4473
3615
2053
3517
5913
5939
3606
4921
8385
1757
8530
4713
8511
3241
5811
7526
5313
8761
2476
2076
2118
5127
6374
4794
8527
7870
12028
5831
5256
10916
8216
3269
8966
3027
4191
2490
3977
3089
3456
7394
2071
8929
2463
5333
3097
4783
5750
3858
2441
3918
5989
3206
7986
6839
3615
8776
2600
5313
8421
4541
8450
7225
4442
7126
2389
2554
8313
2416
4716
5351
4285
9387
2757
8240
3973
9275
2584
7764
2231
3688
7859
2332
4666
6674
8894
10127
2501
4839
7545
4943
7921
5312
7661
3139
5257
6705
5463
7607
1751
3048
5232
5360
6927
7047
7395
4761
4516
2456
3914
6823
7943
4785
5708
8118
2261
8913
2273
5139
3982
4401
5408
3727
2044
7455
4580
6205
1545
3467
4483
8658
7184
3974
7274
2607
7796
2488
8685
2850
3996
2463
3820
8816
7225
2527
4655
6504
5831
8970
2599
6339
1607
4410
3831
4472
7948
4838
3918
2678
3631
6866
4302
7664
4261
3873
3123
2746
8755
8220
8089
10969
5536
9626
4924
7087
5043
8477
2524
5491
2578
8606
4251
8355
8757
4729
8834
5580
5512
7179
4763
6872
6078
8660
5119
8040
2014
9760
4900
8385
2313
4039
2085
3668
8187
9280
5234
4697
5456
8025
5615
5875
7693
3468
8501
4726
7840
5132
7603
5515
9365
2547
4240
1627
5299
8912
5231
8263
6565
4418
6123
4484
8881
5068
4890
7906
3541
8629
7046
2217
4067
2565
3925
7319
4086
7809
2461
5351
8910
4768
8939
6973
2529
4195
2560
4479
7400
4708
8188
4351
7601
8355
9908
4477
7601
2574
8672
5215
5198
8897
4758
9800
5163
7466
5009
8837
8755
2488
2226
8521
3293
4022
2498
3620
4609
3143
2749
4275
5647
4228
8207
4638
8918
2412
9208
7307
4495
8248
7500
5256
7845
1812
1860
11976
10844
3139
7810
21014
4482
16112
11108
12503
11071
10122
11348
8499
8241
7518
8905
3311
5588
2156
4697
7200
2664
8702
9667
3789
7354
7201
4108
9096
8382
4547
9218
3038
3267
1600
3568
2703
4016
6492
2436
4361
6464
2471
6116
8598
6671
7023
3255
9849
5446
4482
2048
5154
6125
4395
9891
9092
10549
9642
9386
6717
5254
4553
4413
4169
4969
2272
4027
2811
3308
7487
5201
4805
7438
4527
5399
2562
4310
5026
3946
2384
3306
4474
4324
8572
3068
7269
2329
8143
3937
9143
2189
9222
3060
3816
4858
4479
4636
9636
6033
3806
7924
4740
4831
8963
4567
7190
7904
2623
9161
2977
4773
5764
7929
2796
3795
2795
3428
4638
3468
7696
4588
7511
7282
4591
4040
1820
4990
7903
5456
7381
6900
4533
5456
4785
5320
7779
2913
2683
2924
2074
4236
7295
4431
7386
6148
3221
8796
5129
9791
2116
5392
7255
2179
4474
9289
8920
6849
9337
10477
10809
4263
9153
2092
9215
2612
3754
5843
7691
5392
4378
2186
4613
3872
4089
2258
4082
5202
2601
4663
5586
2629
3374
6713
4151
8078
4614
7584
7575
4954
8199
5457
7401
2200
2568
9559
9162
4604
9371
3343
8662
7988
5618
7831
2575
8632
3212
4824
5460
4132
2576
3303
6984
2977
8694
10717
7883
5187
9542
4698
5132
7957
4741
4055
6019
5105
2549
3632
7671
6685
2768
8837
3027
4754
8068
4610
8353
2583
8575
8099
3471
8103
8231
5030
9964
6687
5331
10257
8364
4761
8124
4621
8590
9265
5013
8383
8707
4779
8909
2040
8197
8437
8772
2636
7226
3976
8556
2059
7634
2882
8135
5468
4209
2896
4645
7602
2790
2159
1916
9193
5866
5947
5070
3324
1866
9327
2696
2839
6630
7392
2069
9563
9361
4214
9350
8864
5367
9174
10829
4418
9362
2485
9063
2734
4324
2749
4533
7386
3947
7985
3931
7178
2935
5031
3545
3062
3969
2003
4987
6833
4894
8379
7745
2273
7896
8308
5689
4563
8162
8668
8315
4752
5846
4939
8748
5902
9410
2821
3073
8974
8976
8244
4730
7746
5132
6894
9622
4153
7107
5033
4118
5479
4769
6288
4469
5114
5538
7453
4200
8276
1971
4687
2201
4055
2721
5438
2722
8479
8964
8272
7893
4067
7941
8561
4304
5381
7888
10028
6551
8802
4717
1747
6786
2720
4505
2006
4706
5120
3942
7230
1633
6599
5342
7246
5434
4584
3329
3244
2401
4498
7168
8508
8588
9471
10548
9486
6321
9977
6326
9021
4479
8715
5163
8367
5228
2504
3955
6993
2186
8001
1911
4820
6691
7624
4162
2235
2715
4420
7004
8126
3086
3655
2686
4441
7042
2725
9471
5148
4652
6916
2882
1838
2965
8243
3517
8470
4585
10395
2944
4859
2487
3923
2507
4497
7660
2542
3060
9253
6697
4745
9138
4237
6498
5888
3854
4459
1785
2517
6402
6953
4522
2717
3060
4421
3850
5979
9522
3252
4435
6522
4450
7473
2000
4398
7510
3433
7060
2916
8300
2349
3947
5464
4742
8390
4184
7519
5317
9661
4620
3266
3736
5288
2703
4813
5715
4502
7135
5899
7491
5509
3510
2923
4499
8432
4742
8271
4699
6781
3012
6162
7750
5786
8699
3190
4710
4271
6444
5456
8552
4977
2596
8244
5057
8391
5580
2845
5517
4808
5210
3608
7466
2330
7646
4772
8095
1948
4934
8497
3936
2420
3060
4171
7134
2487
9487
2719
2982
1885
3347
5886
3061
1667
3913
6649
6673
4196
7083
2682
7341
2067
3502
2741
4921
2041
2280
8312
1983
3575
6710
2608
7633
6090
3025
8091
3765
9261
8644
10424
5594
4720
2713
4787
7200
4235
8245
8070
4834
7387
2712
4478
2617
3231
7853
9830
7697
5974
9082
2424
3867
1983
3377
5006
2452
7057
4426
5013
3747
5876
7822
2415
7765
8066
9609
6592
5356
6430
8862
5205
7834
2789
9409
7906
7834
5731
7914
10086
6586
8982
8175
4721
8076
4640
8038
2580
9048
8086
8729
8125
4295
8507
3146
9552
2746
4363
1396
4785
8416
7678
6128
2152
4000
3034
3677
2231
3997
7030
7553
3691
4076
9823
7342
10296
2550
4436
2381
5178
2993
5018
8414
4364
8678
7157
4757
8827
4994
4441
8348
2615
4014
6307
8975
2439
7070
5207
8301
6954
2506
3990
2889
4118
2234
4235
6347
3696
7264
1880
4775
7826
5167
2432
6658
5715
8564
2680
3575
6466
6701
7750
3505
8219
5402
4903
6164
4335
6212
7884
4900
8472
8210
10410
8576
5677
4391
2534
5036
2756
2773
7376
4272
5729
5384
7494
7230
5587
9453
2635
4338
8258
4741
7364
7778
8261
4266
6836
8958
4945
4401
4587
4023
8045
7877
2493
4758
7512
5685
10824
10084
3127
4360
8578
2496
8639
3140
4107
3003
4551
4097
4726
7164
7684
2340
8809
8786
5282
9384
37074
12258
4570
6059
4674
6492
4730
11631
10227
8098
7336
8721
6244
8183
8630
7727
3950
8229
4156
4330
4082
3913
6650
4360
9401
4302
3862
4626
6651
9845
8435
4264
9643
8993
6251
8590
4098
8026
3665
3928
5473
3696
8354
6079
8000
8522
5861
8064
8754
6157
7833
8291
6974
3702
4698
3693
6293
4312
8673
8691
8970
7568
4051
3792
4315
4032
6424
5967
8042
5879
8413
7305
8902
6025
8079
3990
7910
5422
8037
3614
8620
3786
3640
3820
3996
5516
3556
7078
6134
8238
6792
8339
5962
8698
4437
9894
4494
4093
5753
8571
6704
3906
4129
4223
4486
7210
4417
8732
6143
8314
4016
6731
4038
7801
3940
3946
3981
4022
8418
4942
7784
8963
6306
8181
3919
6220
3746
8496
5946
7978
6636
3721
6153
3478
3917
3880
8334
5510
7726
7256
7905
8171
8927
4770
3797
8908
5778
8196
5736
8100
7125
7923
3753
7940
6103
8817
5610
6901
4243
5963
4351
6604
3853
9055
4639
3960
4112
4020
9844
9521
5295
7419
9062
9226
7026
4097
4198
4292
3829
3908
5827
5772
7950
3867
8030
5791
9416
9116
7853
4055
8001
3780
3976
4105
4273
7513
3376
3915
3839
8272
8011
7078
4041
9109
6731
9033
4244
2345
8520
6891
8346
6176
4375
4100
4182
7958
8045
4054
7890
6466
10685
9655
8404
5398
4714
7034
3784
4110
3791
6510
5965
8406
3907
8188
6294
8028
6585
4156
4528
4539
3880
7855
8209
4288
4291
7459
7097
3332
8461
4623
4013
6197
3999
8679
4116
4186
6233
3513
3866
3906
3739
3980
5882
3828
8455
8482
6962
3768
8852
7651
4167
6272
3643
6298
3768
3901
3717
3501
5155
8288
7065
6981
3917
3855
8509
9194
9687
8967
9302
6852
3898
8919
6185
8400
3799
8410
5616
9503
4434
4516
6619
8967
6714
3826
4473
3813
6011
3713
4280
4044
6407
5542
8354
3972
7981
6010
9241
8725
7750
7386
4152
10651
9755
6046
3824
4032
4099
6410
5959
8712
6033
8362
8785
6428
8206
5605
8251
8729
6501
4075
8577
4069
8090
4135
8508
9381
5930
9146
7706
5468
8317
10026
7979
9814
4586
4377
8858
6221
8486
6046
8284
5235
7697
8444
6502
10184
6155
10103
4353
4307
7594
6680
3873
10650
9630
4570
8866
4307
4343
4765
6243
4505
6877
4705
5642
7961
5467
4845
9442
4441
8871
4223
3995
4069
4368
6174
3585
4070
3886
5943
5919
7783
3915
7937
5875
8531
5773
8074
5909
8908
8768
4537
5948
11711
5923
4314
7394
8532
7280
5141
4772
7128
9047
6710
6514
8738
4179
4086
4037
4513
3853
4188
6303
5837
8190
3932
8185
8180
7472
4193
8974
5160
8429
4166
8187
4045
4226
8865
6598
8205
6820
9287
4426
4287
4534
4207
4125
3940
2252
6243
3339
4130
4214
10215
10407
10604
8711
8828
7444
9135
9100
6625
8513
7752
7062
6739
6677
8753
4502
4009
8547
6030
8011
6838
3748
8757
4453
4008
4266
4009
6567
6095
8734
7830
10102
3630
8071
3931
8107
4404
4035
7061
4163
8866
4569
4143
6209
3786
5859
3843
4110
6521
7371
8397
7094
4203
9083
6285
8819
6533
7188
4677
3791
9023
5349
8361
7250
4481
4549
4066
6099
4123
4181
4306
8649
5703
8410
9846
9250
5139
6717
4526
6595
6716
8846
4121
8048
7388
8571
10020
8565
6328
8016
6437
7805
9931
11557
8612
10907
9405
4397
4269
6401
3575
4281
4095
4278
4031
6549
4059
22272
