80956602258291
80956622362291
80956646279957
80956678252707
80956706352165
80956718256332
80956730369790
80956750357207
80956758354499
80956778352665
80956786354665
80956818250457
80956830363540
80956854258373
80956882358373
80956906279081
80956926353790
80956934355623
80956954360414
80956962351706
80956982357081
80956990353748
80957018354539
80957042274456
80957062349206
80957070357539
80957090304372
80957098364331
80957118361664
80957126367414
80957142258164
80957166376664
80957190278372
80957214355622
80957246296705
80957270347288
80957294269288
80957326250371
80957346291538
80957370259871
80957398372621
80957422276663
80957442264621
80957446361621
80957470274329
80957498349037
80957518357121
80957526363079
80957546352621
80957554362162
80957574350912
80957582355995
80957602263120
80957618256870
80957638349870
80957662275662
80957682355412
80957690364745
80957710349162
80957718366953
80957738367953
80957742255578
80957746372036
80957762260703
80957786349370
80957810289828
80957830348786
80957854275286
80957882364619
80957890370203
80957910360202
80957918352744
80957938353952
80957946354161
80957962263369
80957982348952
80957998267410
80958018252494
80958046264869
80958066354410
