24597774576622
24597806472496
24597834578371
24597842576038
24597862573246
24597870582121
24597898574413
24597922475788
24597926572913
24597934575288
24597966478246
24597994578329
24598002590746
24598018488371
24598022590037
24598030577162
24598062470162
24598090575954
24598098590620
24598118578995
24598126587787
24598154586662
24598182567287
24598214481037
24598234574828
24598242576120
24598270512411
24598274483620
24598294501286
24598322575286
24598350567244
24598382495536
24598410570702
24598438569369
24598470499869
24598498573619
24598514481577
24598542578285
24598574500743
24598602576410
24598618479702
24598642577868
24598666491493
24598686573326
24598710594243
24598718575035
24598746571868
24598762479576
24598782475576
24598794592201
24598818494909
24598842571326
24598866502367
24598902573201
24598910568659
24598938571534
24598946485075
24598970581367
24598978576242
24599010480200
24599038516700
