43888094426240
43888130411449
43888166424573
43888198439115
43888230421656
43888262409615
43888294406448
43888330424656
43888362404406
43888390406073
43888426424447
43888458411031
43888490420905
43888522404114
43888546405989
43888574423863
43888606413488
43888646404947
43888674441196
43888690416405
43888722408446
43888750424904
43888782427946
43888814438196
43888834395363
43888862509237
43888878423362
43888910410446
43888934511195
43888958423279
43888990405737
43889022404153
43889066409070
43889098400195
43889122396445
43889130482111
43889162417695
43889194408069
43889230393611
43889258401361
43889290418111
43889322402069
43889342508736
43889358423944
43889390423777
43889422425485
43889454393985
43889474504610
43889490408860
43889522398610
43889554418360
43889586410193
43889618407985
43889650400859
43889682408734
43889698403234
43889710516859
43889742424692
43889774401526
43889798498025
43889806517400
43889838421609
43889858406275
43889882415775
43889914407692
43889946407817
43889982419900
43890014406066
43890046423816
43890078423816
43890110420399
43890142427274
43890174495274
43890190410024
43890214501274
43890238404149
43890270492024
43890286418565
43890318397899
43890350434607
43890382408690
43890403500315
43890430411065
43890462406690
43890478496731
43890494392731
43890522483981
43890538415689
43890570404106
43890598492147
43890606520022
43890638390772
43890658379397
43890674377814
43890702382564
43890722382022
43890738468397
43890750468647
43890774378688
43890806389147
43890838379230
43890870390646
43890902384271
43890942374604
43890962476021
43890986400729
43891010429313
43891042401104
43891074391021
43891086476396
43891118425437
43891150408104
43891170402145
43891186388479
43891214395687
43891242404187
43891278390978
43891298486853
43891322407895
43891354403561
43891394397311
43891422402894
43891450413353
